10000 3.7675 0 3.82333 0 5.89575 0 5.74091 0
20000 2.60484 1.16267 2.63622 1.1871 5.43059 0.465161 5.33843 0.402484
30000 2.25791 0.755618 2.26871 0.777693 5.30599 0.296055 5.2465 0.249895
40000 2.07003 0.566373 2.07987 0.581432 5.21196 0.229493 5.16717 0.193693
50000 1.97185 0.449561 1.96658 0.464406 5.1629 0.184408 5.15826 0.150299
60000 1.90115 0.373813 1.88915 0.38701 5.12737 0.154705 5.13043 0.125835
70000 1.83977 0.321837 1.83281 0.331899 5.11195 0.131656 5.12265 0.106635
80000 1.79906 0.281676 1.79661 0.289705 5.10579 0.114183 5.10827 0.0934608
90000 1.75901 0.251622 1.76588 0.257337 5.08631 0.102567 5.10766 0.0824269
100000 1.7265 0.227393 1.7304 0.232887 5.07267 0.0927482 5.08573 0.0769192
110000 1.71063 0.206296 1.711 0.211546 5.05624 0.0854875 5.07696 0.0701264
120000 1.6946 0.189003 1.69186 0.19406 5.04964 0.0783177 5.0724 0.0641786
130000 1.67647 0.1748 1.67727 0.179105 5.03806 0.0729658 5.06102 0.0601215
140000 1.66097 0.162575 1.66288 0.166442 5.0198 0.0699778 5.04705 0.0573895
150000 1.64659 0.15203 1.65042 0.155449 5.00965 0.0659322 5.0376 0.0542553
160000 1.63635 0.142579 1.6405 0.145747 4.99665 0.0630289 5.03463 0.0508382
170000 1.62725 0.134238 1.63336 0.137092 4.99456 0.0592422 5.04117 0.0482005
180000 1.61788 0.126908 1.62819 0.129355 5.00568 0.0569498 5.04345 0.0455009
190000 1.61032 0.120281 1.62165 0.122532 5.01205 0.0542444 5.0404 0.0431474
200000 1.60393 0.114287 1.61172 0.116668 5.00585 0.0518319 5.04048 0.0409333
210000 1.60035 0.108767 1.60849 0.11102 5.00628 0.0493038 5.04695 0.0394699
220000 1.59604 0.103795 1.60482 0.105917 5.00833 0.047054 5.04964 0.0377284
230000 1.59029 0.0993464 1.59851 0.101404 4.99785 0.0461672 5.04015 0.0372785
240000 1.58747 0.0951586 1.59354 0.0972141 5.00079 0.0443 5.0392 0.0357041
250000 1.58381 0.0913463 1.59006 0.0933093 5.00036 0.0424932 5.035 0.0345028
260000 1.58074 0.0878163 1.58586 0.089747 5.00062 0.040827 5.03635 0.0331769
270000 1.57677 0.0845948 1.5793 0.0866077 5.00036 0.0392867 5.02771 0.0330743
280000 1.57548 0.0815277 1.57647 0.0835053 4.99996 0.0378597 5.02567 0.0319363
290000 1.57389 0.0786822 1.57227 0.0806834 5.00339 0.0366918 5.02374 0.0308755
300000 1.57104 0.0760678 1.56868 0.0780307 4.99921 0.0356931 5.01972 0.0300991
310000 1.56963 0.0735865 1.56702 0.0754897 5.002 0.0346346 5.02263 0.029257
320000 1.56975 0.0712499 1.5653 0.0731129 5.00537 0.0337044 5.01815 0.0286793
330000 1.56766 0.0690886 1.56301 0.0708997 5.00776 0.0327541 5.01902 0.0278101
340000 1.5658 0.0670517 1.56152 0.0687989 5.00449 0.0319436 5.02047 0.027019
350000 1.56425 0.0651263 1.5607 0.0668094 5.00614 0.0310612 5.0201 0.0262383
360000 1.56402 0.0632918 1.55917 0.0649451 5.00796 0.0302411 5.01857 0.0255445
370000 1.56161 0.0616046 1.55781 0.06318 5.0094 0.0294474 5.02432 0.0255015
380000 1.55899 0.0600184 1.55633 0.0615128 5.00518 0.0289713 5.02459 0.0248228
390000 1.55831 0.0584632 1.55503 0.0599287 5.00704 0.02828 5.02069 0.0244904
400000 1.55448 0.0571115 1.55144 0.0585218 5.00436 0.0276941 5.01885 0.0239412
410000 1.55291 0.0557231 1.5502 0.05709 5.00384 0.0270153 5.01874 0.0233502
420000 1.55161 0.0543956 1.5494 0.0557198 5.00674 0.0265236 5.02113 0.0229122
430000 1.55093 0.0531199 1.5493 0.0544087 5.01013 0.0261206 5.02323 0.0224709
440000 1.54949 0.0519186 1.54908 0.0531582 5.01182 0.0255758 5.02576 0.0221001
450000 1.54856 0.0507602 1.54863 0.0519654 5.01317 0.0250375 5.02634 0.021611
460000 1.54654 0.0496856 1.54785 0.0508292 5.0148 0.0245415 5.02437 0.0212272
470000 1.54572 0.0486239 1.54677 0.0497477 5.013 0.0240812 5.02177 0.0209333
480000 1.54432 0.0476207 1.54596 0.048707 5.01293 0.0235743 5.02075 0.0205178
490000 1.54432 0.0466387 1.54528 0.0477076 5.01452 0.023143 5.02152 0.0201096
500000 1.54331 0.0457076 1.54425 0.046755 5.01524 0.0226867 5.02353 0.0198054
510000 1.54328 0.0448024 1.54302 0.0458453 5.01779 0.0223832 5.02274 0.0194295
520000 1.54298 0.0439334 1.5426 0.044957 5.01772 0.0219486 5.02062 0.0191694
530000 1.54206 0.0431063 1.54095 0.0441314 5.01756 0.0215311 5.01934 0.0188473
540000 1.54144 0.0423051 1.53963 0.0433265 5.01739 0.0211293 5.01891 0.0185001
550000 1.5401 0.0415504 1.53813 0.0425581 5.01819 0.0207569 5.01677 0.0182865
560000 1.54015 0.0408017 1.53724 0.0418006 5.02156 0.0206601 5.0157 0.017989
570000 1.5394 0.0400864 1.53692 0.041062 5.02061 0.0203165 5.01607 0.0176744
580000 1.53985 0.0393917 1.5366 0.0403491 5.021 0.0199669 5.01432 0.0174543
590000 1.53853 0.0387409 1.53627 0.0396607 5.0199 0.0196565 5.01264 0.0172381
600000 1.5391 0.038094 1.53597 0.0389952 5.02408 0.0197735 5.01099 0.0170289
610000 1.53846 0.0374697 1.53464 0.0383738 5.02375 0.0194494 5.01008 0.0167718
620000 1.53819 0.0368614 1.53424 0.0377518 5.02435 0.0191425 5.00932 0.0165168
630000 1.53727 0.0362832 1.53444 0.0371483 5.0231 0.018878 5.01004 0.0162686
640000 1.53654 0.0357192 1.5336 0.0365729 5.02288 0.018582 5.008 0.0161425
650000 1.53584 0.0351724 1.53309 0.0360094 5.02305 0.0182947 5.00769 0.0158952
660000 1.53404 0.0346821 1.53257 0.0354635 5.02175 0.018062 5.00618 0.0157254
670000 1.53299 0.0341766 1.5319 0.0349366 5.01855 0.0180756 5.00363 0.0156963
680000 1.5329 0.0336704 1.53113 0.0344275 5.01888 0.0178108 5.00157 0.0156012
690000 1.53253 0.033181 1.53061 0.0339289 5.01969 0.0175696 5.00152 0.0153735
700000 1.53211 0.0327062 1.53087 0.0334416 5.02026 0.0173262 5.00336 0.0152637
710000 1.53091 0.0322643 1.5304 0.0329705 5.01852 0.0171688 5.00115 0.0152094
720000 1.52949 0.031845 1.52987 0.0325138 5.01563 0.0171746 5.00332 0.0151535
730000 1.52899 0.0314097 1.53016 0.0320666 5.01366 0.0170517 5.00459 0.0149986
740000 1.52729 0.031029 1.53031 0.0316307 5.01237 0.0168689 5.00566 0.0148326
750000 1.5263 0.0306283 1.52922 0.031225 5.01071 0.0167245 5.00312 0.0148512
760000 1.52475 0.0302622 1.52979 0.0308168 5.00932 0.0165616 5.00491 0.0147629
770000 1.52462 0.0298669 1.52963 0.0304144 5.00946 0.0163456 5.00543 0.0145794
780000 1.52466 0.0294815 1.53013 0.0300262 5.00968 0.0161362 5.0074 0.0145247
790000 1.52456 0.0291061 1.53005 0.0296438 5.00924 0.0159367 5.00756 0.0143406
800000 1.52482 0.0287412 1.52941 0.0292778 5.01003 0.0157561 5.00814 0.0141723
810000 1.52449 0.0283861 1.52881 0.0289203 5.01058 0.0155703 5.00656 0.0140856
820000 1.52504 0.0280432 1.5283 0.02857 5.0118 0.0154271 5.00964 0.0142493
830000 1.5244 0.0277106 1.52873 0.0282269 5.01088 0.0152675 5.01074 0.0141197
840000 1.52407 0.0273807 1.52838 0.027891 5.01065 0.0150865 5.01007 0.0139666
850000 1.52423 0.0270572 1.52776 0.027568 5.00987 0.0149283 5.0098 0.013804
860000 1.52359 0.0267483 1.52711 0.0272533 5.01008 0.0147552 5.01109 0.0137028
870000 1.52331 0.0264406 1.52696 0.0269386 5.01081 0.014603 5.01164 0.0135556
880000 1.5223 0.0261578 1.52662 0.0266329 5.01006 0.0144555 5.01254 0.0134314
890000 1.52224 0.0258623 1.52677 0.0263323 5.01063 0.0143034 5.01232 0.0132814
900000 1.52236 0.0255736 1.5259 0.0260525 5.00997 0.0141588 5.01303 0.013152
910000 1.52242 0.0252911 1.52545 0.0257686 5.0103 0.0140061 5.01147 0.0130997
920000 1.52245 0.0250147 1.52489 0.025493 5.01043 0.0138536 5.01165 0.0129577
930000 1.52282 0.0247471 1.52403 0.0252322 5.01053 0.0137042 5.01062 0.0128589
940000 1.52211 0.0244928 1.52377 0.0249637 5.00889 0.0136564 5.01078 0.0127225
950000 1.52219 0.0242338 1.52344 0.0247017 5.00779 0.0135564 5.00903 0.0127091
960000 1.5218 0.0239831 1.52315 0.0244447 5.00739 0.0134204 5.01012 0.0126234
970000 1.52191 0.0237348 1.52278 0.0241943 5.00711 0.0132843 5.01004 0.0124928
980000 1.52213 0.0234924 1.52188 0.0239629 5.0067 0.0131543 5.00863 0.0124458
990000 1.52177 0.0232566 1.52148 0.0237231 5.00575 0.013056 5.0078 0.0123469
1000000 1.52146 0.023025 1.5216 0.0234849 5.00555 0.0129262 5.00883 0.0122662
