10000 1.78942 0 1.66445 0 5.21783 0 5.00706 0
20000 1.63461 0.15481 1.54855 0.115899 5.1041 0.113726 5.02155 0.0144872
30000 1.62544 0.0898488 1.53634 0.0680192 5.08903 0.0673663 5.05761 0.0370212
40000 1.58558 0.0750046 1.52467 0.049494 5.04502 0.0648564 5.02922 0.0386198
50000 1.58154 0.0582385 1.53459 0.0396015 5.07503 0.0585212 5.02469 0.0302561
60000 1.57423 0.0481097 1.52675 0.033272 5.05409 0.0521692 5.02776 0.0248948
70000 1.55792 0.0438079 1.52759 0.0281325 5.03854 0.0467547 5.02551 0.0211606
80000 1.5532 0.0382319 1.53025 0.0245084 5.04801 0.0415849 5.03205 0.0194582
90000 1.53844 0.0368045 1.53287 0.0217725 5.02827 0.0416518 5.04118 0.0194417
100000 1.53206 0.0335321 1.52393 0.0214265 5.02414 0.0374826 5.02931 0.0210578
110000 1.52999 0.0304012 1.52235 0.0194453 5.01914 0.0342707 5.01317 0.024966
120000 1.52865 0.0277848 1.52061 0.0178362 5.02192 0.0314074 5.01994 0.0237752
130000 1.5226 0.0262659 1.51652 0.0169087 5.01525 0.0296486 5.01414 0.0226269
140000 1.51779 0.0247871 1.51349 0.0159458 4.99957 0.0316125 5.01646 0.0210766
150000 1.51299 0.0235702 1.51007 0.0152328 4.99169 0.0304676 5.01853 0.0197304
160000 1.51095 0.0221423 1.50683 0.0146122 4.99055 0.0285225 5.02119 0.0186463
170000 1.50718 0.0211386 1.50628 0.0137368 4.98679 0.0270543 5.0185 0.0177202
180000 1.50675 0.0199343 1.50722 0.012985 4.98122 0.0261086 5.02517 0.0179887
190000 1.5065 0.0188576 1.50587 0.0123566 4.98231 0.0247204 5.01761 0.0186164
200000 1.50503 0.0179499 1.50445 0.0118075 4.98148 0.0234666 5.00557 0.0213797
210000 1.50406 0.0171013 1.50627 0.0113779 4.98034 0.0223503 5.01423 0.0221066
220000 1.50478 0.0163214 1.50582 0.010858 4.98005 0.0213121 5.01469 0.0210828
230000 1.50099 0.0160502 1.50353 0.0106242 4.97893 0.0203955 5.01229 0.0202886
240000 1.5031 0.0155113 1.50387 0.0101776 4.98943 0.022173 5.00954 0.0196176
250000 1.50306 0.0148779 1.50234 0.00988059 4.98363 0.0220433 5.01074 0.0188549
260000 1.50413 0.0143341 1.50129 0.00955084 4.98803 0.0216305 5.00886 0.0182127
270000 1.50365 0.0138012 1.49697 0.010158 4.98559 0.0209565 5.00323 0.0184085
280000 1.50464 0.0133358 1.49711 0.00978955 4.98491 0.0202057 5.00328 0.0177389
290000 1.5061 0.0129506 1.49636 0.00947554 4.99273 0.0210059 5.0017 0.0171889
300000 1.50462 0.0125984 1.49599 0.00916199 4.99144 0.0203344 4.99941 0.0167623
310000 1.50404 0.0121994 1.49723 0.00894892 4.99258 0.0197003 5.00201 0.0164197
320000 1.5054 0.0118908 1.49636 0.008709 4.99295 0.0190783 5.00112 0.0159234
330000 1.50596 0.0115383 1.49659 0.00844425 4.99501 0.0186049 5.00293 0.0155388
340000 1.5052 0.0112198 1.49775 0.00827329 4.99424 0.0180654 5.00484 0.0151951
350000 1.50647 0.0109682 1.49934 0.00818888 4.9923 0.0176494 5.00373 0.0147957
360000 1.50672 0.0106622 1.49927 0.00795848 4.9953 0.0174134 5.00163 0.0145315
370000 1.50507 0.0105009 1.50052 0.00784211 4.9959 0.0169467 5.00578 0.0147304
380000 1.50451 0.0102359 1.50041 0.00763376 4.9903 0.0174178 5.00289 0.0146272
390000 1.50612 0.0100997 1.50073 0.00744202 4.99421 0.0174104 5.00231 0.0142587
400000 1.50454 0.00997103 1.49858 0.00756498 4.99001 0.0174832 4.99853 0.0144041
410000 1.50435 0.00972663 1.49892 0.00738605 4.9879 0.0171813 4.99914 0.0140616
420000 1.50443 0.00949258 1.49935 0.00722074 4.99225 0.0173216 5.00162 0.0139457
430000 1.50414 0.00927387 1.49966 0.00705787 4.99174 0.0169215 5.00201 0.0136231
440000 1.50429 0.00906192 1.50043 0.00693787 4.99115 0.0165431 5.00199 0.0133099
450000 1.50387 0.00886789 1.50007 0.0067912 4.98995 0.0162158 5.00053 0.0130921
460000 1.50343 0.00868438 1.5015 0.00679362 4.99184 0.0159719 4.9996 0.0128376
470000 1.50346 0.00849767 1.50231 0.00669674 4.9927 0.015652 4.99917 0.012569
480000 1.50313 0.00832534 1.50267 0.00656548 4.99288 0.0153236 4.99807 0.0123533
490000 1.50414 0.00821519 1.50272 0.0064303 4.99126 0.0150949 4.99782 0.0121012
500000 1.5041 0.00804929 1.50317 0.00631611 4.99344 0.014949 4.9981 0.0118601
510000 1.50414 0.00788996 1.50217 0.00627005 4.99561 0.0148139 4.99816 0.0116253
520000 1.50456 0.00774853 1.50227 0.006149 4.9964 0.0145475 4.99656 0.011511
530000 1.50543 0.00765033 1.50197 0.00603934 4.99771 0.0143305 4.99493 0.0114097
540000 1.50584 0.00751849 1.50149 0.00594516 4.99781 0.0140629 4.99314 0.0113378
550000 1.50461 0.00748281 1.50145 0.00583624 4.99529 0.0140323 4.99359 0.0111388
560000 1.5068 0.00766935 1.50093 0.00575456 4.99883 0.0142251 4.99221 0.0110248
570000 1.50666 0.00753505 1.50093 0.0056527 4.99839 0.01398 4.99488 0.0111535
580000 1.50764 0.00746973 1.50068 0.00555975 4.99906 0.0137532 4.99638 0.0110618
590000 1.50818 0.00736165 1.50063 0.00546493 5.00022 0.0135673 4.9953 0.0109258
600000 1.50868 0.00725515 1.50029 0.00538429 5.00197 0.0134534 4.99544 0.010743
610000 1.50846 0.00713867 1.49951 0.00535122 5.00256 0.0132441 4.99475 0.0105877
620000 1.50904 0.00704642 1.49989 0.00527755 5.00107 0.0131134 4.99386 0.0104537
630000 1.50956 0.00695288 1.5007 0.00525647 5.00231 0.0129635 4.99475 0.0103247
640000 1.5089 0.00687511 1.50062 0.00517442 5.00031 0.0129163 4.99373 0.0102124
650000 1.5086 0.00677498 1.50103 0.0051114 4.99969 0.012731 4.99224 0.0101639
660000 1.50744 0.00677228 1.50092 0.00503464 4.9988 0.012568 4.99306 0.0100421
670000 1.50678 0.00670218 1.50038 0.0049885 4.99628 0.0126337 4.99176 0.00997575
680000 1.50787 0.00669226 1.50016 0.00491929 4.99757 0.0125139 4.98969 0.0100451
690000 1.50737 0.00661393 1.50067 0.00487377 4.9979 0.0123355 4.98853 0.00996532
700000 1.50752 0.00652063 1.50075 0.00480437 4.99815 0.0121606 4.98805 0.00983402
710000 1.50647 0.00651419 1.50075 0.00473623 4.99576 0.0122237 4.98832 0.00969837
720000 1.50594 0.00644467 1.50136 0.00471055 4.99339 0.0122845 4.98761 0.00958893
730000 1.50582 0.00635688 1.50254 0.00479309 4.99269 0.0121352 4.98827 0.00947957
740000 1.50519 0.00630187 1.50264 0.00472882 4.99279 0.0119705 4.98945 0.00942457
750000 1.50518 0.00621729 1.50147 0.00480983 4.99092 0.0119566 4.98689 0.00964436
760000 1.50396 0.00625489 1.5015 0.00474622 4.98861 0.0120225 4.98902 0.0097531
770000 1.50405 0.00617368 1.50178 0.00469263 4.98971 0.0119166 4.98977 0.00965462
780000 1.50428 0.00609852 1.50255 0.00469507 4.99146 0.0118913 4.99109 0.00962034
790000 1.50364 0.00605473 1.50258 0.00463538 4.9923 0.0117699 4.99069 0.00950602
800000 1.50427 0.00601152 1.50217 0.00459575 4.99259 0.0116256 4.98854 0.00963052
810000 1.50357 0.00597815 1.50194 0.00454457 4.99146 0.0115372 4.98849 0.00951098
820000 1.50427 0.00594593 1.5023 0.00450339 4.99369 0.011613 4.99072 0.00965519
830000 1.50408 0.00587671 1.50239 0.00444966 4.99243 0.0115414 4.99067 0.0095383
840000 1.50404 0.00580653 1.50265 0.00440456 4.99373 0.0114766 4.98982 0.00946194
850000 1.5042 0.00574017 1.50199 0.00440255 4.99464 0.0113773 4.99001 0.00935183
860000 1.50369 0.00569616 1.50237 0.0043673 4.99492 0.0112477 4.9921 0.00947579
870000 1.50366 0.00563037 1.50282 0.00434016 4.99647 0.0112257 4.99299 0.00940856
880000 1.50307 0.00559729 1.50257 0.00429795 4.99736 0.0111328 4.99403 0.00935916
890000 1.50366 0.00556544 1.50277 0.0042544 4.99742 0.0110071 4.99454 0.00926743
900000 1.50343 0.00550813 1.50245 0.00421907 4.99758 0.0108854 4.99504 0.0091775
910000 1.50372 0.00545483 1.50215 0.00418322 4.9977 0.0107658 4.99428 0.00910831
920000 1.50364 0.00539575 1.50226 0.00413904 4.99685 0.0106828 4.99528 0.00906455
930000 1.504 0.00534986 1.50218 0.00409511 4.99709 0.0105701 4.99492 0.00897381
940000 1.50371 0.00530061 1.50213 0.00405171 4.9943 0.0108223 4.99453 0.00888643
950000 1.50415 0.00526227 1.50238 0.00401703 4.99433 0.0107078 4.99359 0.00884262
960000 1.50367 0.0052288 1.50219 0.00397947 4.99202 0.010844 4.99391 0.008756
970000 1.50305 0.00521211 1.50192 0.00394772 4.99194 0.0107319 4.99404 0.00866624
980000 1.50305 0.00515865 1.50169 0.00391391 4.99122 0.0106463 4.99507 0.00863896
990000 1.50334 0.00511425 1.50162 0.00387488 4.99058 0.0105574 4.99503 0.00855136
1000000 1.50307 0.0050699 1.50208 0.00386353 4.9895 0.0105069 4.99718 0.00873538
