          ntotiter
              1000
             Niter        Best_route     Elite_average
                 0           35.9757           50.3067
                 1           33.0358           35.9263
                 2           29.1288           32.9946
                 3           26.7412           29.1193
                 4            23.285           26.7174
                 5            23.152           23.2845
                 6           20.9832           23.1288
                 7           19.4239           20.9739
                 8           19.4239           19.4239
                 9           19.4239           19.4239
                10           16.2849           19.4113
                11           16.2849           16.2849
                12           16.2849           16.2849
                13           16.2849           16.2849
                14           16.2849           16.2849
                15           16.2849           16.2849
                16           16.2849           16.2849
                17           16.2849           16.2849
                18           16.2849           16.2849
                19           16.2849           16.2849
                20           16.2849           16.2849
                21           16.2849           16.2849
                22           16.2097           16.2846
                23           15.8418           16.2075
                24           15.8418           15.8418
                25           14.1221            15.834
                26           14.1083           14.1221
                27            14.103           14.1082
                28            14.103            14.103
                29            14.103            14.103
                30            14.103            14.103
                31            14.103            14.103
                32            14.103            14.103
                33            14.103            14.103
                34           13.6379           14.1012
                35           13.6379           13.6379
                36           13.4164            13.637
                37           13.3454           13.4161
                38            13.286           13.3452
                39            13.286            13.286
                40            13.286            13.286
                41            13.059           13.2851
                42            13.059            13.059
                43            13.059            13.059
                44           12.5992           13.0564
                45           12.3247           12.5981
                46           12.3247           12.3247
                47           12.3247           12.3247
                48           11.0661           12.3193
                49           11.0661           11.0661
                50           11.0661           11.0661
                51           11.0661           11.0661
                52           11.0661           11.0661
                53           11.0661           11.0661
                54           11.0661           11.0661
                55           10.8917           11.0654
                56           10.8917           10.8917
                57           10.6807           10.8908
                58           10.6807           10.6807
                59           10.6807           10.6807
                60           10.6807           10.6807
                61           10.2181           10.6788
                62           10.2181           10.2181
                63           10.2181           10.2181
                64           10.2181           10.2181
                65           10.2181           10.2181
                66           10.2181           10.2181
                67           10.2181           10.2181
                68           10.2181           10.2181
                69            10.046           10.2174
                70            10.046            10.046
                71            10.046            10.046
                72           10.0327           10.0459
                73           10.0327           10.0327
                74            9.8009           10.0318
                75            9.8009            9.8009
                76           9.34581           9.79908
                77           9.32836           9.34574
                78           9.32836           9.32836
                79           9.23802             9.328
                80           9.23802           9.23802
                81           8.75271           9.23607
                82           8.75271           8.75271
                83           8.75271           8.75271
                84           8.14222           8.75027
                85           8.14222           8.14222
                86           8.14222           8.14222
                87           8.09644           8.14204
                88           8.09644           8.09644
                89           8.09644           8.09644
                90           8.09644           8.09644
                91           8.09644           8.09644
                92           8.09644           8.09644
                93           8.09644           8.09644
                94           8.09644           8.09644
                95           8.09644           8.09644
                96           8.09644           8.09644
                97           8.09644           8.09644
                98           8.06238           8.09631
                99           8.06238           8.06238
               100           8.06238           8.06238
               101           7.97063           8.06201
               102           7.97063           7.97063
               103           7.97063           7.97063
               104           7.86062           7.97019
               105           7.86062           7.86062
               106           7.86062           7.86062
               107           7.86062           7.86062
               108           7.86062           7.86062
               109           7.86062           7.86062
               110           7.64739           7.85977
               111           7.54289           7.64697
               112           7.54289           7.54289
               113           7.54289           7.54289
               114           7.54289           7.54289
               115           7.54289           7.54289
               116           7.54289           7.54289
               117           7.54289           7.54289
               118           7.54289           7.54289
               119           7.54289           7.54289
               120           7.54289           7.54289
               121           7.54289           7.54289
               122           7.54289           7.54289
               123           7.54289           7.54289
               124           7.54289           7.54289
               125           7.54289           7.54289
               126           7.54289           7.54289
               127           7.54289           7.54289
               128           7.54289           7.54289
               129           7.54289           7.54289
               130           7.54289           7.54289
               131           7.54289           7.54289
               132           7.54289           7.54289
               133           7.54289           7.54289
               134           7.54289           7.54289
               135           7.54289           7.54289
               136           7.54289           7.54289
               137           7.54289           7.54289
               138           7.54289           7.54289
               139           7.54289           7.54289
               140           7.54289           7.54289
               141           7.54289           7.54289
               142           7.54289           7.54289
               143           7.54289           7.54289
               144           7.54289           7.54289
               145           7.54289           7.54289
               146           7.54289           7.54289
               147           7.54289           7.54289
               148           7.54289           7.54289
               149           7.54289           7.54289
               150           7.54289           7.54289
               151           7.33671           7.54207
               152           7.33671           7.33671
               153           7.33671           7.33671
               154           7.33671           7.33671
               155           7.33671           7.33671
               156           7.33671           7.33671
               157           7.26246           7.33641
               158           7.26246           7.26246
               159           7.04124           7.26158
               160           7.04124           7.04124
               161           7.04124           7.04124
               162           7.04124           7.04124
               163           7.04124           7.04124
               164           7.04124           7.04124
               165           7.03417           7.04121
               166           7.03417           7.03417
               167           7.01293           7.03408
               168           6.93396           7.01261
               169           6.93396           6.93396
               170           6.93396           6.93396
               171           6.93396           6.93396
               172           6.93396           6.93396
               173           6.93396           6.93396
               174           6.93396           6.93396
               175           6.93396           6.93396
               176           6.93396           6.93396
               177           6.89377            6.9338
               178           6.89377           6.89377
               179           6.89377           6.89377
               180           6.89377           6.89377
               181           6.89377           6.89377
               182           6.89377           6.89377
               183           6.89377           6.89377
               184           6.89377           6.89377
               185           6.89377           6.89377
               186           6.89377           6.89377
               187           6.89377           6.89377
               188           6.63908           6.89275
               189           6.42891           6.63797
               190           6.42891           6.42891
               191           6.42891           6.42891
               192           6.42891           6.42891
               193           6.42891           6.42891
               194           6.42891           6.42891
               195           6.31731            6.4281
               196           6.31731           6.31731
               197           6.31731           6.31731
               198           6.31731           6.31731
               199           6.31731           6.31731
               200           6.31291           6.31729
               201           6.22904           6.31257
               202           6.22904           6.22904
               203           6.22904           6.22904
               204           6.22904           6.22904
               205           6.22904           6.22904
               206           6.16072           6.22877
               207           5.86451           6.15954
               208           5.86451           5.86451
               209           5.86451           5.86451
               210           5.86451           5.86451
               211           5.86451           5.86451
               212           5.86451           5.86451
               213           5.86451           5.86451
               214           5.86451           5.86451
               215           5.86451           5.86451
               216           5.86451           5.86451
               217           5.86451           5.86451
               218           5.86451           5.86451
               219           5.86451           5.86451
               220           5.86451           5.86451
               221           5.86451           5.86451
               222           5.86451           5.86451
               223            5.5466           5.86323
               224            5.5466            5.5466
               225            5.5466            5.5466
               226            5.5466            5.5466
               227            5.5466            5.5466
               228            5.5466            5.5466
               229            5.5466            5.5466
               230            5.5466            5.5466
               231            5.5466            5.5466
               232            5.5466            5.5466
               233            5.5466            5.5466
               234            5.5466            5.5466
               235            5.5466            5.5466
               236            5.5466            5.5466
               237            5.5466            5.5466
               238            5.5466            5.5466
               239            5.5466            5.5466
               240            5.5466            5.5466
               241            5.5466            5.5466
               242            5.5466            5.5466
               243            5.5466            5.5466
               244            5.5466            5.5466
               245             5.481           5.54634
               246             5.481             5.481
               247             5.481             5.481
               248             5.481             5.481
               249             5.481             5.481
               250             5.481             5.481
               251             5.481             5.481
               252             5.481             5.481
               253             5.481             5.481
               254             5.481             5.481
               255             5.481             5.481
               256             5.481             5.481
               257             5.481             5.481
               258             5.481             5.481
               259             5.481             5.481
               260           4.95722           5.47891
               261           4.95722           4.95722
               262           4.95722           4.95722
               263           4.93841           4.95715
               264           4.93841           4.93841
               265           4.93841           4.93841
               266            4.6219           4.93664
               267            4.6219            4.6219
               268            4.6219            4.6219
               269            4.6219            4.6219
               270            4.6219            4.6219
               271            4.6219            4.6219
               272            4.6219            4.6219
               273            4.6219            4.6219
               274            4.6219            4.6219
               275            4.6219            4.6219
               276            4.6219            4.6219
               277            4.6219            4.6219
               278            4.6219            4.6219
               279            4.6219            4.6219
               280            4.6219            4.6219
               281            4.6219            4.6219
               282            4.6219            4.6219
               283           4.46841           4.62129
               284           4.46841           4.46841
               285           4.46841           4.46841
               286           4.46841           4.46841
               287           4.46841           4.46841
               288           4.46841           4.46841
               289           4.46841           4.46841
               290           4.46841           4.46841
               291           4.46841           4.46841
               292            4.3427           4.46791
               293            4.3427            4.3427
               294            4.3427            4.3427
               295            4.3427            4.3427
               296            4.3427            4.3427
               297            4.3427            4.3427
               298            4.3427            4.3427
               299            4.3427            4.3427
               300            4.3427            4.3427
               301            4.3427            4.3427
               302            4.3427            4.3427
               303            4.3427            4.3427
               304            4.3427            4.3427
               305            4.3427            4.3427
               306            4.3427            4.3427
               307            4.3427            4.3427
               308            4.3427            4.3427
               309            4.3427            4.3427
               310            4.3427            4.3427
               311            4.3427            4.3427
               312            4.3427            4.3427
               313            4.3427            4.3427
               314            4.3427            4.3427
               315            4.3427            4.3427
               316            4.3427            4.3427
               317            4.3427            4.3427
               318            4.3427            4.3427
               319            4.3427            4.3427
               320            4.3427            4.3427
               321            4.3427            4.3427
               322            4.3427            4.3427
               323            4.3427            4.3427
               324            4.3427            4.3427
               325            4.3427            4.3427
               326            4.3427            4.3427
               327            4.3427            4.3427
               328            4.3427            4.3427
               329            4.3427            4.3427
               330            4.3427            4.3427
               331            4.3427            4.3427
               332            4.3427            4.3427
               333            4.3427            4.3427
               334            4.3427            4.3427
               335            4.3427            4.3427
               336            4.3427            4.3427
               337            4.3427            4.3427
               338            4.3427            4.3427
               339            4.3427            4.3427
               340            4.3427            4.3427
               341            4.3427            4.3427
               342            4.3427            4.3427
               343            4.3427            4.3427
               344            4.3427            4.3427
               345            4.3427            4.3427
               346            4.3427            4.3427
               347            4.3427            4.3427
               348            4.3427            4.3427
               349            4.3427            4.3427
               350            4.3427            4.3427
               351            4.3427            4.3427
               352            4.3427            4.3427
               353            4.3427            4.3427
               354            4.3427            4.3427
               355            4.3427            4.3427
               356            4.3427            4.3427
               357           4.33982           4.34269
               358           4.33982           4.33982
               359           4.33982           4.33982
               360           4.33982           4.33982
               361           4.33982           4.33982
               362           4.33982           4.33982
               363           4.33982           4.33982
               364           4.33982           4.33982
               365           4.33982           4.33982
               366           4.33982           4.33982
               367           4.33982           4.33982
               368           4.33982           4.33982
               369           4.33982           4.33982
               370           4.33982           4.33982
               371           4.33982           4.33982
               372           4.33982           4.33982
               373           4.33982           4.33982
               374           4.33982           4.33982
               375           4.33982           4.33982
               376           4.33982           4.33982
               377           4.33982           4.33982
               378           4.33982           4.33982
               379           4.33982           4.33982
               380           4.33982           4.33982
               381           4.33982           4.33982
               382           4.33982           4.33982
               383           4.33982           4.33982
               384           4.33982           4.33982
               385           4.33982           4.33982
               386           4.33982           4.33982
               387           4.33982           4.33982
               388           4.33982           4.33982
               389           4.33982           4.33982
               390           4.33982           4.33982
               391           4.33982           4.33982
               392           4.33982           4.33982
               393           4.33982           4.33982
               394           4.33982           4.33982
               395           4.33982           4.33982
               396           4.33982           4.33982
               397           4.33982           4.33982
               398           4.33982           4.33982
               399           4.33982           4.33982
               400           4.33982           4.33982
               401           4.33982           4.33982
               402           4.33982           4.33982
               403           4.33982           4.33982
               404           4.33982           4.33982
               405           4.33982           4.33982
               406           4.33982           4.33982
               407           4.33982           4.33982
               408           4.33982           4.33982
               409           4.33982           4.33982
               410           4.33982           4.33982
               411           4.33982           4.33982
               412           4.33982           4.33982
               413           4.33982           4.33982
               414           4.33982           4.33982
               415           4.33982           4.33982
               416           4.33982           4.33982
               417           4.33982           4.33982
               418           4.33982           4.33982
               419           4.33982           4.33982
               420           4.33982           4.33982
               421           4.33982           4.33982
               422           4.33982           4.33982
               423           4.33982           4.33982
               424           4.33982           4.33982
               425           4.33982           4.33982
               426           4.33982           4.33982
               427           4.33982           4.33982
               428           4.33982           4.33982
               429           4.33982           4.33982
               430           4.33982           4.33982
               431           4.33982           4.33982
               432           4.33982           4.33982
               433           4.33982           4.33982
               434           4.33982           4.33982
               435           4.33982           4.33982
               436           4.33982           4.33982
               437           4.33982           4.33982
               438           4.33982           4.33982
               439           4.33982           4.33982
               440           4.33982           4.33982
               441           4.33982           4.33982
               442           4.33982           4.33982
               443           4.33982           4.33982
               444           4.33982           4.33982
               445           4.33982           4.33982
               446           4.32543           4.33976
               447           4.32543           4.32543
               448           4.32543           4.32543
               449           4.32543           4.32543
               450           4.32543           4.32543
               451           4.32543           4.32543
               452           4.32543           4.32543
               453           4.32543           4.32543
               454           4.32543           4.32543
               455           4.32543           4.32543
               456           4.32543           4.32543
               457           4.32543           4.32543
               458           4.32543           4.32543
               459           4.32543           4.32543
               460           4.32543           4.32543
               461           4.32543           4.32543
               462           4.32543           4.32543
               463           4.32543           4.32543
               464           4.32543           4.32543
               465           4.32543           4.32543
               466           4.32543           4.32543
               467           4.32543           4.32543
               468           4.32543           4.32543
               469           4.32543           4.32543
               470           4.32543           4.32543
               471           4.32543           4.32543
               472           4.32543           4.32543
               473           4.32543           4.32543
               474           4.32543           4.32543
               475           4.32543           4.32543
               476           4.32543           4.32543
               477           4.32543           4.32543
               478           4.32543           4.32543
               479           4.32543           4.32543
               480           4.32543           4.32543
               481           4.32543           4.32543
               482           4.32543           4.32543
               483           4.32543           4.32543
               484           4.32543           4.32543
               485           4.32543           4.32543
               486           4.32543           4.32543
               487           4.32543           4.32543
               488           4.32543           4.32543
               489           4.32543           4.32543
               490           4.32543           4.32543
               491           4.32543           4.32543
               492           4.32543           4.32543
               493           4.32543           4.32543
               494           4.32543           4.32543
               495           4.32543           4.32543
               496           4.32543           4.32543
               497           4.32543           4.32543
               498           4.32543           4.32543
               499           4.32543           4.32543
               500           4.32543           4.32543
               501           4.32543           4.32543
               502           4.32543           4.32543
               503           4.32543           4.32543
               504           4.32543           4.32543
               505           4.32543           4.32543
               506           4.32543           4.32543
               507           4.32543           4.32543
               508           4.32543           4.32543
               509           4.32543           4.32543
               510           4.32543           4.32543
               511           4.32543           4.32543
               512           4.32543           4.32543
               513           4.32543           4.32543
               514           4.32543           4.32543
               515           4.32543           4.32543
               516           4.32543           4.32543
               517           4.32543           4.32543
               518           4.32543           4.32543
               519           4.32543           4.32543
               520           4.32543           4.32543
               521           4.32543           4.32543
               522           4.32543           4.32543
               523           4.32543           4.32543
               524           4.32543           4.32543
               525           4.32543           4.32543
               526           4.32543           4.32543
               527           4.32543           4.32543
               528           4.32543           4.32543
               529           4.32543           4.32543
               530           4.32543           4.32543
               531           4.32543           4.32543
               532           4.32543           4.32543
               533           4.32543           4.32543
               534           4.32543           4.32543
               535           4.32543           4.32543
               536           4.32543           4.32543
               537           4.32543           4.32543
               538           4.32543           4.32543
               539           4.32543           4.32543
               540           4.32543           4.32543
               541           4.32543           4.32543
               542           4.32543           4.32543
               543           4.32543           4.32543
               544           4.32543           4.32543
               545           4.32543           4.32543
               546           4.32543           4.32543
               547           4.32543           4.32543
               548           4.32543           4.32543
               549           4.32543           4.32543
               550           4.32543           4.32543
               551           4.32543           4.32543
               552           4.32543           4.32543
               553           4.32543           4.32543
               554           4.32543           4.32543
               555           4.32543           4.32543
               556           4.32543           4.32543
               557           4.32543           4.32543
               558           4.32543           4.32543
               559           4.32543           4.32543
               560           4.32543           4.32543
               561           4.32543           4.32543
               562           4.32543           4.32543
               563           4.32543           4.32543
               564           4.32543           4.32543
               565           4.32543           4.32543
               566           4.32543           4.32543
               567           4.32543           4.32543
               568           4.32543           4.32543
               569           4.32543           4.32543
               570           4.32543           4.32543
               571           4.32543           4.32543
               572           4.32543           4.32543
               573           4.32543           4.32543
               574           4.32543           4.32543
               575           4.32543           4.32543
               576           4.32543           4.32543
               577           4.32543           4.32543
               578           4.32543           4.32543
               579           4.32543           4.32543
               580           4.32543           4.32543
               581           4.32543           4.32543
               582           4.32543           4.32543
               583           4.32543           4.32543
               584           4.32543           4.32543
               585           4.32543           4.32543
               586           4.32543           4.32543
               587           4.32543           4.32543
               588           4.32543           4.32543
               589           4.32543           4.32543
               590           4.32543           4.32543
               591           4.32543           4.32543
               592           4.32543           4.32543
               593           4.32543           4.32543
               594           4.32543           4.32543
               595           4.32543           4.32543
               596           4.32543           4.32543
               597           4.32543           4.32543
               598           4.32543           4.32543
               599           4.32543           4.32543
               600           4.32543           4.32543
               601           4.32543           4.32543
               602           4.32543           4.32543
               603           4.32543           4.32543
               604           4.32543           4.32543
               605           4.32543           4.32543
               606           4.32543           4.32543
               607           4.32543           4.32543
               608           4.32543           4.32543
               609           4.32543           4.32543
               610           4.32543           4.32543
               611           4.32543           4.32543
               612           4.32543           4.32543
               613           4.32543           4.32543
               614           4.32543           4.32543
               615           4.32543           4.32543
               616           4.32543           4.32543
               617           4.32543           4.32543
               618           4.32543           4.32543
               619           4.32543           4.32543
               620           4.32543           4.32543
               621           4.32543           4.32543
               622           4.32543           4.32543
               623           4.32543           4.32543
               624           4.32543           4.32543
               625           4.32543           4.32543
               626           4.32543           4.32543
               627           4.32543           4.32543
               628           4.32543           4.32543
               629           4.32543           4.32543
               630           4.32543           4.32543
               631           4.32543           4.32543
               632           4.32543           4.32543
               633           4.32543           4.32543
               634           4.32543           4.32543
               635           4.32543           4.32543
               636           4.32543           4.32543
               637           4.32543           4.32543
               638           4.32543           4.32543
               639           4.32543           4.32543
               640           4.32543           4.32543
               641           4.32543           4.32543
               642           4.32543           4.32543
               643           4.32543           4.32543
               644           4.32543           4.32543
               645           4.32543           4.32543
               646           4.32543           4.32543
               647           4.32543           4.32543
               648           4.32543           4.32543
               649           4.32543           4.32543
               650           4.32543           4.32543
               651           4.32543           4.32543
               652           4.32543           4.32543
               653           4.32543           4.32543
               654           4.32543           4.32543
               655           4.32543           4.32543
               656           4.32543           4.32543
               657           4.32543           4.32543
               658           4.32543           4.32543
               659           4.32543           4.32543
               660           4.32543           4.32543
               661           4.32543           4.32543
               662           4.32543           4.32543
               663           4.32543           4.32543
               664           4.32543           4.32543
               665           4.32543           4.32543
               666           4.32543           4.32543
               667           4.32543           4.32543
               668           4.32543           4.32543
               669           4.32543           4.32543
               670           4.32543           4.32543
               671           4.32543           4.32543
               672           4.32543           4.32543
               673           4.32543           4.32543
               674           4.32543           4.32543
               675           4.32543           4.32543
               676           4.32543           4.32543
               677           4.32543           4.32543
               678           4.32543           4.32543
               679           4.32543           4.32543
               680           4.32543           4.32543
               681           4.32543           4.32543
               682           4.32543           4.32543
               683           4.32543           4.32543
               684           4.32543           4.32543
               685           4.32543           4.32543
               686           4.32543           4.32543
               687           4.32543           4.32543
               688           4.32543           4.32543
               689           4.32543           4.32543
               690           4.32543           4.32543
               691           4.32543           4.32543
               692           4.32543           4.32543
               693           4.32543           4.32543
               694           4.32543           4.32543
               695           4.32543           4.32543
               696           4.32543           4.32543
               697           4.32543           4.32543
               698           4.32543           4.32543
               699           4.32543           4.32543
               700           4.32543           4.32543
               701           4.32543           4.32543
               702           4.32543           4.32543
               703           4.32543           4.32543
               704           4.32543           4.32543
               705           4.32543           4.32543
               706           4.32543           4.32543
               707           4.32543           4.32543
               708           4.32543           4.32543
               709           4.32543           4.32543
               710           4.32543           4.32543
               711           4.32543           4.32543
               712           4.32543           4.32543
               713           4.32543           4.32543
               714           4.32543           4.32543
               715           4.32543           4.32543
               716           4.32543           4.32543
               717           4.32543           4.32543
               718           4.32543           4.32543
               719           4.32543           4.32543
               720           4.32543           4.32543
               721           4.32543           4.32543
               722           4.32543           4.32543
               723           4.32543           4.32543
               724           4.32543           4.32543
               725           4.32543           4.32543
               726           4.32543           4.32543
               727           4.32543           4.32543
               728           4.32543           4.32543
               729           4.32543           4.32543
               730           4.32543           4.32543
               731           4.32543           4.32543
               732           4.32543           4.32543
               733           4.32543           4.32543
               734           4.32543           4.32543
               735           4.32543           4.32543
               736           4.32543           4.32543
               737           4.32543           4.32543
               738           4.32543           4.32543
               739           4.32543           4.32543
               740           4.32543           4.32543
               741           4.32543           4.32543
               742           4.32543           4.32543
               743           4.32543           4.32543
               744           4.32543           4.32543
               745           4.32543           4.32543
               746           4.32543           4.32543
               747           4.32543           4.32543
               748           4.32543           4.32543
               749           4.32543           4.32543
               750           4.32543           4.32543
               751           4.32543           4.32543
               752           4.32543           4.32543
               753           4.32543           4.32543
               754           4.32543           4.32543
               755           4.32543           4.32543
               756           4.32543           4.32543
               757           4.32543           4.32543
               758           4.32543           4.32543
               759           4.32543           4.32543
               760           4.32543           4.32543
               761           4.32543           4.32543
               762           4.32543           4.32543
               763           4.32543           4.32543
               764           4.32543           4.32543
               765           4.32543           4.32543
               766           4.32543           4.32543
               767           4.32543           4.32543
               768           4.32543           4.32543
               769           4.32543           4.32543
               770           4.32543           4.32543
               771           4.32543           4.32543
               772           4.32543           4.32543
               773           4.32543           4.32543
               774           4.32543           4.32543
               775           4.32543           4.32543
               776           4.32543           4.32543
               777           4.32543           4.32543
               778           4.32543           4.32543
               779           4.32543           4.32543
               780           4.32543           4.32543
               781           4.32543           4.32543
               782           4.32543           4.32543
               783           4.32543           4.32543
               784           4.32543           4.32543
               785           4.32543           4.32543
               786           4.32543           4.32543
               787           4.32543           4.32543
               788           4.32543           4.32543
               789           4.32543           4.32543
               790           4.32543           4.32543
               791           4.32543           4.32543
               792           4.32543           4.32543
               793           4.32543           4.32543
               794           4.32543           4.32543
               795           4.32543           4.32543
               796           4.32543           4.32543
               797           4.32543           4.32543
               798           4.32543           4.32543
               799           4.32543           4.32543
               800           4.32543           4.32543
               801           4.32543           4.32543
               802           4.32543           4.32543
               803           4.32543           4.32543
               804           4.32543           4.32543
               805           4.32543           4.32543
               806           4.32543           4.32543
               807           4.32543           4.32543
               808           4.32543           4.32543
               809           4.32543           4.32543
               810           4.32543           4.32543
               811           4.32543           4.32543
               812           4.32543           4.32543
               813           4.32543           4.32543
               814           4.32543           4.32543
               815           4.32543           4.32543
               816           4.32543           4.32543
               817           4.32543           4.32543
               818           4.32543           4.32543
               819           4.32543           4.32543
               820           4.32543           4.32543
               821           4.32543           4.32543
               822           4.32543           4.32543
               823           4.32543           4.32543
               824           4.32543           4.32543
               825           4.32543           4.32543
               826           4.32543           4.32543
               827           4.32543           4.32543
               828           4.32543           4.32543
               829           4.32543           4.32543
               830           4.32543           4.32543
               831           4.32543           4.32543
               832           4.32543           4.32543
               833           4.32543           4.32543
               834           4.32543           4.32543
               835           4.32543           4.32543
               836           4.32543           4.32543
               837           4.32543           4.32543
               838           4.32543           4.32543
               839           4.32543           4.32543
               840           4.32543           4.32543
               841           4.32543           4.32543
               842           4.32543           4.32543
               843           4.32543           4.32543
               844           4.32543           4.32543
               845           4.32543           4.32543
               846           4.32543           4.32543
               847           4.32543           4.32543
               848           4.32543           4.32543
               849           4.32543           4.32543
               850           4.32543           4.32543
               851           4.32543           4.32543
               852           4.32543           4.32543
               853           4.32543           4.32543
               854           4.32543           4.32543
               855           4.32543           4.32543
               856           4.32543           4.32543
               857           4.32543           4.32543
               858           4.32543           4.32543
               859           4.32543           4.32543
               860           4.32543           4.32543
               861           4.32543           4.32543
               862           4.32543           4.32543
               863           4.32543           4.32543
               864           4.32543           4.32543
               865           4.32543           4.32543
               866           4.32543           4.32543
               867           4.32543           4.32543
               868           4.32543           4.32543
               869           4.32543           4.32543
               870           4.32543           4.32543
               871           4.32543           4.32543
               872           4.32543           4.32543
               873           4.32543           4.32543
               874           4.32543           4.32543
               875           4.32543           4.32543
               876           4.32543           4.32543
               877           4.32543           4.32543
               878           4.32543           4.32543
               879           4.32543           4.32543
               880           4.32543           4.32543
               881           4.32543           4.32543
               882           4.32543           4.32543
               883           4.32543           4.32543
               884           4.32543           4.32543
               885           4.32543           4.32543
               886           4.32543           4.32543
               887           4.32543           4.32543
               888           4.32543           4.32543
               889           4.32543           4.32543
               890           4.32543           4.32543
               891           4.32543           4.32543
               892           4.32543           4.32543
               893           4.32543           4.32543
               894           4.32543           4.32543
               895           4.32543           4.32543
               896           4.32543           4.32543
               897           4.32543           4.32543
               898           4.32543           4.32543
               899           4.32543           4.32543
               900           4.32543           4.32543
               901           4.32543           4.32543
               902           4.32543           4.32543
               903           4.32543           4.32543
               904           4.32543           4.32543
               905           4.32543           4.32543
               906           4.32543           4.32543
               907           4.32543           4.32543
               908           4.32543           4.32543
               909           4.32543           4.32543
               910           4.32543           4.32543
               911           4.32543           4.32543
               912           4.32543           4.32543
               913           4.32543           4.32543
               914           4.32543           4.32543
               915           4.32543           4.32543
               916           4.32543           4.32543
               917           4.32543           4.32543
               918           4.32543           4.32543
               919           4.32543           4.32543
               920           4.32543           4.32543
               921           4.32543           4.32543
               922           4.32543           4.32543
               923           4.32543           4.32543
               924           4.32543           4.32543
               925           4.32543           4.32543
               926           4.32543           4.32543
               927           4.32543           4.32543
               928           4.32543           4.32543
               929           4.32543           4.32543
               930           4.32543           4.32543
               931           4.32543           4.32543
               932           4.32543           4.32543
               933           4.32543           4.32543
               934           4.32543           4.32543
               935           4.32543           4.32543
               936           4.32543           4.32543
               937           4.32543           4.32543
               938           4.32543           4.32543
               939           4.32543           4.32543
               940           4.32543           4.32543
               941           4.32543           4.32543
               942           4.32543           4.32543
               943           4.32543           4.32543
               944           4.32543           4.32543
               945           4.32543           4.32543
               946           4.32543           4.32543
               947           4.32543           4.32543
               948           4.32543           4.32543
               949           4.32543           4.32543
               950           4.32543           4.32543
               951           4.32543           4.32543
               952           4.32543           4.32543
               953           4.32543           4.32543
               954           4.32543           4.32543
               955           4.32543           4.32543
               956           4.32543           4.32543
               957           4.32543           4.32543
               958           4.32543           4.32543
               959           4.32543           4.32543
               960           4.32543           4.32543
               961           4.32543           4.32543
               962           4.32543           4.32543
               963           4.32543           4.32543
               964           4.32543           4.32543
               965           4.32543           4.32543
               966           4.32543           4.32543
               967           4.32543           4.32543
               968           4.32543           4.32543
               969           4.32543           4.32543
               970           4.32543           4.32543
               971           4.32543           4.32543
               972           4.32543           4.32543
               973           4.32543           4.32543
               974           4.32543           4.32543
               975           4.32543           4.32543
               976           4.32543           4.32543
               977           4.32543           4.32543
               978           4.32543           4.32543
               979           4.32543           4.32543
               980           4.32543           4.32543
               981           4.32543           4.32543
               982           4.32543           4.32543
               983           4.32543           4.32543
               984           4.32543           4.32543
               985           4.32543           4.32543
               986           4.32543           4.32543
               987           4.32543           4.32543
               988           4.32543           4.32543
               989           4.32543           4.32543
               990           4.32543           4.32543
               991           4.32543           4.32543
               992           4.32543           4.32543
               993           4.32543           4.32543
               994           4.32543           4.32543
               995           4.32543           4.32543
               996           4.32543           4.32543
               997           4.32543           4.32543
               998           4.32543           4.32543
               999           4.32543           4.32543
     0    31    17    19    21    10    15    28    18    23     9     3    12     6    25    16     1    26     4    24    22    27    14    29     2     5     7    20    13    11    30     8
