1000 0.00639939 0 5.76838e-05 0
2000 0.00568182 0.00071757 0.00142734 0.00136966
3000 0.00672022 0.00111799 0.00114318 0.000840279
4000 0.00392073 0.00290896 0.00108822 0.000596704
5000 0.00254742 0.00263879 0.00113234 0.000464305
6000 0.00108729 0.00260272 0.00130083 0.000414862
7000 0.00349773 0.00326326 0.00130064 0.000350622
8000 0.00446323 0.00298645 0.000938625 0.000472504
9000 0.00338885 0.0028445 0.000128811 0.000910739
10000 0.00125865 0.00331824 -5.14872e-05 0.000834304
11000 -3.91638e-05 0.00327003 0.00025098 0.000813015
12000 0.000333297 0.00300826 0.000282268 0.000742837
13000 0.000492397 0.00277177 0.000414061 0.000695904
14000 0.000218387 0.00258074 0.00030331 0.000653732
15000 0.0002823 0.00240339 0.000629029 0.000690273
16000 0.0021733 0.00293771 0.000605516 0.000646119
17000 0.00197948 0.00276629 0.000536378 0.000610848
18000 0.00206705 0.00260956 0.000483692 0.000578318
19000 0.00237763 0.00248785 0.000599173 0.000559091
20000 0.00228011 0.0023622 0.000452529 0.000550299
21000 0.00228518 0.00224691 0.000274901 0.000552757
22000 0.00266843 0.00217635 -7.22073e-06 0.000597793
23000 0.00208058 0.00216106 7.72571e-05 0.000577424
24000 0.00150993 0.00214631 7.35331e-05 0.000552854
25000 0.0015223 0.00205871 0.000134957 0.000533824
26000 0.000547071 0.0022053 0.000195272 0.000516416
27000 0.000480865 0.00212308 0.000217197 0.000497405
28000 0.000236578 0.00206038 0.000283765 0.000483912
29000 0.000159281 0.00198957 0.000246207 0.000468435
30000 0.000216586 0.00192296 0.000164353 0.000459895
31000 -0.000125818 0.00189115 0.000161399 0.000444822
32000 -0.000355276 0.00184542 0.000247534 0.000439225
33000 -0.00014824 0.00180057 0.000157906 0.000435041
34000 -0.000254206 0.00175002 0.000177508 0.000422506
35000 0.000249159 0.00177227 0.000254635 0.000417444
36000 0.000389113 0.00172801 0.00018419 0.000411753
37000 0.00048717 0.00168352 0.000152537 0.000401719
38000 0.000558461 0.00164017 0.000143498 0.000391109
39000 0.00050254 0.00159854 9.82173e-05 0.000383631
40000 0.000551145 0.00155882 0.000132312 0.000375468
41000 0.000894439 0.0015586 8.41862e-05 0.000369345
42000 0.0012276 0.0015571 7.61036e-05 0.000360534
43000 0.00131544 0.00152299 9.26049e-05 0.000352436
44000 0.00126038 0.00148899 0.000128806 0.000346231
45000 0.0010383 0.00147237 0.000152978 0.000339312
46000 0.00112633 0.0014427 6.91942e-05 0.000342266
47000 0.00126492 0.00141845 2.20827e-05 0.000338202
48000 0.0013535 0.00139141 9.79277e-05 0.000339658
49000 0.0012682 0.00136539 0.000124732 0.000333732
50000 0.00158559 0.00137493 0.000144754 0.000327602
51000 0.00162008 0.00134815 0.000140521 0.000321142
52000 0.00152178 0.00132562 0.000190055 0.000318777
53000 0.00131946 0.00131601 0.000204441 0.000313036
54000 0.00145339 0.00129833 0.000237363 0.000308943
55000 0.00133792 0.00127973 0.000256076 0.000303851
56000 0.0013009 0.00125722 0.0002829 0.000299579
57000 0.00161804 0.00127503 0.00036633 0.000305874
58000 0.00190475 0.00128524 0.000390424 0.000301519
59000 0.0019352 0.00126364 0.000441598 0.00030075
60000 0.00191848 0.00124251 0.000423068 0.000296275
61000 0.00205308 0.00122937 0.000373053 0.000295639
62000 0.00230043 0.00123441 0.000412916 0.000293551
63000 0.00239474 0.00121831 0.00041227 0.000288854
64000 0.00231931 0.0012015 0.000438933 0.000285553
65000 0.00239236 0.00118512 0.000380233 0.000287188
66000 0.00249054 0.00117115 0.000354818 0.000283943
67000 0.0026066 0.00115936 0.000373374 0.000280288
68000 0.00228778 0.00118585 0.000380763 0.000276234
69000 0.00211626 0.00118105 0.000415028 0.00027435
70000 0.00209199 0.00116431 0.000430938 0.000270869
71000 0.00208393 0.00114783 0.000441031 0.000267218
72000 0.00163662 0.00121696 0.000431592 0.000263649
73000 0.00157116 0.00120196 0.000411723 0.000260771
74000 0.00163504 0.00118733 0.000430408 0.0002579
75000 0.0016576 0.0011716 0.000410056 0.000255251
76000 0.00153628 0.00116243 0.00040215 0.000251994
77000 0.00155351 0.00114737 0.00038272 0.000249458
78000 0.00169634 0.00114153 0.000388988 0.000246319
79000 0.00172045 0.00112725 0.000362885 0.000244578
80000 0.00190442 0.00112817 0.00036796 0.000241554
81000 0.00182381 0.00111707 0.000343902 0.000239764
82000 0.0015901 0.00112784 0.0002821 0.000244753
83000 0.00156466 0.00111446 0.000276455 0.000241852
84000 0.00136522 0.00111903 0.000283175 0.00023905
85000 0.00127351 0.00110958 0.000267186 0.000236761
86000 0.00119745 0.00109924 0.000308396 0.000237593
87000 0.00133969 0.0010958 0.000284116 0.000236098
88000 0.00137566 0.00108387 0.000311802 0.000235036
89000 0.00134298 0.00107212 0.000296341 0.000232894
90000 0.00138532 0.00106099 0.000289179 0.000230403
91000 0.00143441 0.00105041 0.000322244 0.000230244
92000 0.00133205 0.00104396 0.000272764 0.000233041
93000 0.00140504 0.00103525 0.000264503 0.000230669
94000 0.00137648 0.00102458 0.000262238 0.000228213
95000 0.00131102 0.00101585 0.000226635 0.000228588
96000 0.00131366 0.00100521 0.000224755 0.000226202
97000 0.00146952 0.00100693 0.000244642 0.00022474
98000 0.00128375 0.00101377 0.000213458 0.00022461
99000 0.00149628 0.00102574 0.000198127 0.000222858
100000 0.00141996 0.00101829 0.000216401 0.000221373
0 -7
1 -19.54
2 -14.88
3 -9.06
4 -0.36
5 23.58
6 1.22
7 -11
8 2.48
9 21.96
10 -15.52
11 18.68
12 21.98
13 -6.32
14 -2.66
15 1.36
16 -9.4
17 2.58
18 -21.82
19 22.54
20 -12.6
21 -11.3
22 6.96
23 -2.4
24 3.54
25 -12.74
26 5.26
27 35.16
28 -2.32
29 -5.9
30 5.08
31 8.04
32 12.32
33 14
34 14.5
35 10.36
36 17.34
37 6.08
38 8.92
39 -8.4
40 30.7
41 0.16
42 4.34
43 -0.08
44 -18.92
45 3.64
46 -11.52
47 -5.08
48 -8.84
49 8.72
50 20.46
51 -13.62
52 -14.02
53 -14.26
54 -4.7
55 -11.62
56 5.36
57 3.42
58 12.36
59 19.98
60 -4.46
61 -9.92
62 -9.74
63 -12.46
64 -24.36
65 -8.2
66 -13.1
67 -15.46
68 15.48
69 25.14
70 -10.82
71 -2.38
72 -16.68
73 1.9
74 -17.06
75 -21.98
76 -9.74
77 26.34
78 -16.18
79 8.94
80 18.32
81 15.02
82 -18.84
83 -1.36
84 -21.16
85 -0.42
86 0.88
87 -3.92
88 -11.04
89 9.74
90 17.54
91 -2.1
92 -1.58
93 -23.08
94 7.64
95 -6.5
96 -3.54
97 13.78
98 -0.36
99 0.8
