10000 -0.0110898 0
20000 -0.0117021 0.000612263
30000 -0.020204 0.00850922
40000 -0.0176191 0.00654868
50000 -0.0101277 0.00904721
60000 -0.00534154 0.00880199
70000 -0.00755836 0.00776232
80000 -0.00491312 0.00722409
90000 -0.00621085 0.00650187
100000 -0.00596201 0.00582077
110000 -0.00830886 0.00576444
120000 -0.00965871 0.00543257
130000 -0.0125629 0.00577987
140000 -0.012151 0.00536695
150000 -0.012691 0.00502545
160000 -0.0144489 0.00501881
170000 -0.0172637 0.00549075
180000 -0.0145756 0.00583304
190000 -0.012468 0.00590636
200000 -0.0141853 0.00586054
210000 -0.0123865 0.00585753
220000 -0.014033 0.00582259
230000 -0.012261 0.00583906
240000 -0.0117254 0.00561607
250000 -0.0128651 0.00550598
260000 -0.0118949 0.0053782
270000 -0.0114096 0.00519788
280000 -0.00898467 0.00556493
290000 -0.0104952 0.00557802
300000 -0.0104742 0.00538892
310000 -0.00858144 0.0055452
320000 -0.00765428 0.00544858
330000 -0.00668849 0.00536848
340000 -0.00531664 0.00538584
350000 -0.00615892 0.00529708
360000 -0.00576524 0.00516287
370000 -0.00628819 0.00504855
380000 -0.00578109 0.00494
390000 -0.00552265 0.0048186
400000 -0.00454357 0.00479756
410000 -0.00596674 0.00489073
420000 -0.00514355 0.00484333
430000 -0.00535298 0.00473399
440000 -0.00480885 0.00465704
450000 -0.0035743 0.00471681
460000 -0.00393682 0.00462735
470000 -0.00311048 0.00460261
480000 -0.00255421 0.00453991
490000 -0.00181555 0.00450724
500000 -0.00179209 0.00441623
510000 -0.00156332 0.00433482
520000 -0.00155747 0.00425064
530000 -0.00111841 0.00419272
540000 -0.00076501 0.0041295
550000 -0.00115249 0.00407219
560000 -0.0014391 0.00400907
570000 -0.00202432 0.00398136
580000 -0.00226497 0.00391951
590000 -0.00224792 0.00385254
600000 -0.00296076 0.00385428
610000 -0.00243295 0.00382714
620000 -0.00232438 0.00376647
630000 -0.000805827 0.00400524
640000 -0.000218325 0.0039857
650000 -0.000489011 0.00393322
660000 -0.000686721 0.00387822
670000 -0.000464145 0.00382637
680000 0.000260858 0.00383877
690000 7.76035e-06 0.00379118
700000 -0.000359796 0.00375466
710000 -0.000154364 0.0037071
720000 -0.000246615 0.00365641
730000 0.000252148 0.00364031
740000 0.000703342 0.00361901
750000 0.000611536 0.00357161
760000 9.01525e-05 0.00356266
770000 0.000379092 0.00352794
780000 -0.0003102 0.00354998
790000 0.000481726 0.00359311
800000 0.000833298 0.00356529
810000 0.00101401 0.00352564
820000 0.00122834 0.00348896
830000 0.00117611 0.00344707
840000 0.000455741 0.00348113
850000 0.000838739 0.00346119
860000 0.000522848 0.00343526
870000 0.000270081 0.00340494
880000 0.000606379 0.00338279
890000 0.000717493 0.00334641
900000 0.00125214 0.00335193
910000 0.00112999 0.00331714
920000 0.00147651 0.00329914
930000 0.00179528 0.003279
940000 0.00168429 0.00324583
950000 0.0017118 0.0032116
960000 0.00224249 0.00322197
970000 0.00193545 0.00320333
980000 0.00242052 0.00320737
990000 0.00242075 0.00317481
1000000 0.00234702 0.00314376
