          ntotiter
              1000
             Niter        Best_route     Elite_average
                 0            38.534           50.6183
                 1           32.2659           47.2131
                 2           32.5938           44.8273
                 3           31.6418            43.135
                 4           30.1139           41.3862
                 5           30.1139           40.0653
                 6           29.2025           38.5793
                 7           26.7565           36.8102
                 8           27.3405           35.4589
                 9           24.9095           34.2259
                10           24.4935           33.1118
                11           17.7075           31.9266
                12           17.7075           30.7863
                13           17.8549           29.4338
                14           17.8549           28.3761
                15           17.6811           27.4369
                16           18.5562           26.6087
                17           18.4166           25.5075
                18           18.5198           24.6658
                19           18.2888           23.8094
                20           15.6055           23.0902
                21           16.5032           22.6262
                22           15.6227             22.24
                23            16.326           21.8044
                24             13.96           21.3347
                25             13.96            20.676
                26           15.8538           20.1876
                27           15.8538           20.1973
                28           14.7584           19.8765
                29           14.7584           19.6606
                30           13.5717           19.1516
                31           14.2606           18.7511
                32           13.9151           18.7064
                33           13.4294           18.5305
                34           12.9769           18.1556
                35           12.2087           17.7897
                36           13.0041           17.6646
                37           11.9802           17.2678
                38           11.9562           16.8656
                39           10.9077           16.7474
                40           12.6005           16.6185
                41           11.2695           16.1627
                42           11.7229           16.4302
                43           11.9714           16.4258
                44           11.9714           16.2006
                45           12.5417           16.1836
                46           11.9495           16.1121
                47           11.7632           15.9941
                48           11.7632           15.6206
                49           11.7611           15.3147
                50           11.4616           15.0018
                51           9.09465           14.5957
                52            9.2735           14.7208
                53            9.2735           14.6395
                54            10.251           14.7839
                55           7.55559           14.5918
                56           7.55345           14.4018
                57            9.3545           14.1625
                58           7.65646           14.1795
                59           6.90525           13.3942
                60           7.32893           13.0259
                61           7.12396           12.3146
                62           7.12396           11.8057
                63           7.22668           10.6172
                64           6.66037           9.88264
                65            6.8665           9.17087
                66            6.7301            8.6153
                67            6.7301           8.27467
                68           6.74884           8.08201
                69           6.79533           7.85627
                70           6.82631           7.69007
                71           5.99092           7.43375
                72           5.99092           7.24461
                73           5.99092           7.08436
                74           5.99092           6.84948
                75           5.99092           6.66399
                76           5.99092           6.43078
                77           5.99092           6.26804
                78           5.99092            6.1512
                79           5.99092           6.08459
                80           5.89568           6.04254
                81           5.89503           5.99736
                82           5.89503           5.97587
                83           5.89503           5.96109
                84           5.89503           5.93675
                85           5.89503           5.90502
                86           5.89503           5.89503
                87           5.89503           5.89503
                88           5.89503           5.89503
                89           5.88064           5.89497
                90           5.88064           5.89497
                91           5.89503           5.89503
                92           5.89503           5.89503
                93           5.89503           5.89503
                94           5.89503           5.89503
                95           5.89503           5.89503
                96           5.89503           5.89503
                97           5.89503           5.89503
                98           5.89503           5.89503
                99           5.89503           5.89503
               100           5.89503           5.89503
               101           5.89503           5.89503
               102           5.89503           5.89503
               103           5.89503           5.89503
               104           5.89503           5.89503
               105           5.89503           5.89503
               106           5.89503           5.89503
               107           5.89503           5.89503
               108           5.89503           5.89503
               109           5.89503           5.89503
               110           5.89503           5.89503
               111           5.82311           5.88927
               112           5.82311           5.88208
               113           5.82311           5.86747
               114           5.82311           5.84242
               115           5.82311           5.82504
               116           5.82311           5.82384
               117           5.82311           5.82311
               118           5.82311           5.82311
               119           5.82311           5.82311
               120           5.82311           5.82311
               121           5.78886           5.82155
               122           5.80325           5.82155
               123           5.78886           5.82065
               124           5.78886           5.81908
               125           5.78886           5.81837
               126           5.78886           5.81664
               127           5.78886           5.81414
               128           5.78886           5.81114
               129           5.59077           5.80574
               130           5.78886           5.80221
               131           5.77005           5.79724
               132           5.77005           5.79246
               133           5.77005           5.78417
               134           5.77005           5.77938
               135           5.77005            5.7726
               136           5.77005           5.77005
               137           5.77005           5.77005
               138           5.77005           5.77005
               139           5.77005           5.77005
               140           5.77005           5.77005
               141           5.41771           5.74186
               142           5.41771            5.7024
               143           5.41771           5.65307
               144           5.41771           5.56146
               145           5.41771           5.46563
               146           5.41771           5.41771
               147           5.41771           5.41771
               148           5.41771           5.41771
               149           5.41771           5.41771
               150           5.41771           5.41771
               151           5.41771           5.41771
               152           5.41771           5.41771
               153           5.41771           5.41771
               154           5.41771           5.41771
               155           5.41771           5.41771
               156           5.41771           5.41771
               157           5.41771           5.41771
               158           5.41771           5.41771
               159           5.41771           5.41771
               160           5.41771           5.41771
               161           5.36746           5.41615
               162           5.36746           5.41551
               163           5.36746           5.41303
               164           5.36746           5.41002
               165           5.36746           5.40659
               166           5.36746           5.40222
               167           5.36746           5.40193
               168           5.27205           5.40083
               169           5.27205           5.39914
               170           5.27205           5.39736
               171           4.82968           5.35553
               172           4.82968           5.34626
               173           4.82968           5.33297
               174           4.82968           5.29704
               175           4.82968           5.24986
               176           4.82968           5.20993
               177           4.82968           5.17212
               178           4.82968           5.08337
               179           4.82968            4.9938
               180           4.82968           4.89495
               181           4.82968           4.84253
               182           4.82968           4.83554
               183           4.82968           4.82968
               184           4.82968           4.82968
               185           4.82968           4.82968
               186           4.82968           4.82968
               187           4.82968           4.82968
               188           4.82968           4.82968
               189           4.82968           4.82968
               190           4.82968           4.82968
               191           4.82968           4.82968
               192           4.82968           4.82968
               193           4.82968           4.82968
               194           4.82968           4.82968
               195           4.82968           4.82968
               196           4.82968           4.82968
               197           4.82968           4.82968
               198           4.82968           4.82968
               199           4.82968           4.82968
               200           4.82968           4.82968
               201           4.82968           4.82968
               202           4.82968           4.82968
               203           4.82968           4.82968
               204           4.82968           4.82968
               205           4.82968           4.82968
               206           4.82968           4.82968
               207           4.81563           4.82962
               208           4.81563           4.82956
               209           4.81563            4.8294
               210           4.51316           4.82779
               211           4.81563           4.82906
               212           4.81563           4.82838
               213           4.81563           4.82692
               214           4.81563           4.82468
               215           4.81563           4.82013
               216           4.81563           4.81563
               217           4.81563           4.81563
               218           4.81563           4.81563
               219           4.81563           4.81563
               220           4.81563           4.81563
               221           4.81563           4.81563
               222           4.81563           4.81563
               223           4.81563           4.81563
               224           4.77078           4.81546
               225           4.77078           4.81546
               226           4.77078           4.81546
               227           4.77078           4.81546
               228           4.81563           4.81563
               229           4.74745           4.81536
               230           4.74745           4.81509
               231           4.74745           4.81076
               232           4.74745            4.8063
               233           4.74745           4.79634
               234           4.74745           4.78045
               235           4.74745           4.75082
               236           4.74745           4.74745
               237           4.74745           4.74745
               238           4.74745           4.74745
               239           4.74745           4.74745
               240           4.74745           4.74745
               241           4.44498           4.72325
               242           4.44498             4.703
               243           4.44498           4.65534
               244           4.44498           4.56896
               245           4.44498           4.44645
               246           4.44498           4.44498
               247           4.44498           4.44498
               248           4.44498           4.44498
               249           4.44498           4.44498
               250           4.44498           4.44498
               251           4.24664           4.43252
               252           4.29149           4.42472
               253           4.29149           4.39832
               254           4.29149           4.36169
               255           4.29149           4.30767
               256           4.29149           4.29149
               257           4.29149           4.29149
               258           4.29149           4.29149
               259           4.29149           4.29149
               260           4.28709           4.29148
               261           4.28709           4.29148
               262           4.28709           4.29146
               263           4.28709           4.29148
               264           4.28709           4.29146
               265           4.28709           4.29148
               266           4.28709           4.29142
               267           4.28709           4.29134
               268           4.28709           4.29114
               269           4.28709           4.29065
               270           4.28709           4.28986
               271           4.28709           4.28924
               272           4.28709           4.28788
               273           4.28709           4.28709
               274           4.28709           4.28709
               275           4.28709           4.28709
               276           4.28709           4.28709
               277           4.28576           4.28708
               278           4.28576           4.28708
               279           4.28709           4.28709
               280           4.16013           4.28658
               281           4.28709           4.28709
               282           4.28709           4.28709
               283            4.1857           4.28668
               284           4.28709           4.28709
               285           4.28709           4.28709
               286           4.28709           4.28709
               287           4.28709           4.28709
               288           4.28709           4.28709
               289           4.28709           4.28709
               290           4.28709           4.28709
               291           4.28709           4.28709
               292           4.28709           4.28709
               293           4.28709           4.28709
               294           4.28709           4.28709
               295           4.28709           4.28709
               296           4.28709           4.28709
               297           4.28709           4.28709
               298           4.28709           4.28709
               299           4.28709           4.28709
               300           4.28709           4.28709
               301           4.28709           4.28709
               302           4.28709           4.28709
               303           4.28709           4.28709
               304           4.28709           4.28709
               305           4.28709           4.28709
               306           4.28709           4.28709
               307           4.28709           4.28709
               308           4.28709           4.28709
               309           4.28709           4.28709
               310           4.28709           4.28709
               311           4.16013           4.27693
               312           4.16013           4.26881
               313           4.16013           4.25799
               314           4.16013           4.22591
               315           4.16013           4.17698
               316           4.16013           4.16013
               317           4.16013           4.16013
               318           4.16013           4.16013
               319           4.16013           4.16013
               320           4.16013           4.16013
               321           4.16013           4.16013
               322           4.16013           4.16013
               323           4.16013           4.16013
               324           4.16013           4.16013
               325           4.16013           4.16013
               326           4.16013           4.16013
               327           4.16013           4.16013
               328              3.99           4.15945
               329              3.99           4.15945
               330              3.99           4.15945
               331              3.99           4.14652
               332              3.99           4.13359
               333              3.99           4.10092
               334              3.99           4.06077
               335              3.99           3.99577
               336              3.99              3.99
               337              3.99              3.99
               338              3.99              3.99
               339              3.99              3.99
               340              3.99              3.99
               341              3.99              3.99
               342              3.99              3.99
               343              3.99              3.99
               344              3.99              3.99
               345              3.99              3.99
               346              3.99              3.99
               347              3.99              3.99
               348              3.99              3.99
               349              3.99              3.99
               350              3.99              3.99
               351              3.99              3.99
               352              3.99              3.99
               353              3.99              3.99
               354              3.99              3.99
               355              3.99              3.99
               356              3.99              3.99
               357              3.99              3.99
               358              3.99              3.99
               359              3.99              3.99
               360              3.99              3.99
               361              3.99              3.99
               362              3.99              3.99
               363              3.99              3.99
               364              3.99              3.99
               365              3.99              3.99
               366              3.99              3.99
               367              3.99              3.99
               368              3.99              3.99
               369              3.99              3.99
               370              3.99              3.99
               371              3.99              3.99
               372              3.99              3.99
               373              3.99              3.99
               374              3.99              3.99
               375              3.99              3.99
               376              3.99              3.99
               377              3.99              3.99
               378              3.99              3.99
               379              3.99              3.99
               380              3.99              3.99
               381              3.99              3.99
               382              3.99              3.99
               383              3.99              3.99
               384              3.99              3.99
               385              3.99              3.99
               386              3.99              3.99
               387              3.99              3.99
               388              3.99              3.99
               389              3.99              3.99
               390              3.99              3.99
               391              3.99              3.99
               392              3.99              3.99
               393              3.99              3.99
               394              3.99              3.99
               395              3.99              3.99
               396              3.99              3.99
               397              3.99              3.99
               398              3.99              3.99
               399              3.99              3.99
               400              3.99              3.99
               401              3.99              3.99
               402              3.99              3.99
               403              3.99              3.99
               404              3.99              3.99
               405              3.99              3.99
               406              3.99              3.99
               407              3.99              3.99
               408              3.99              3.99
               409              3.99              3.99
               410              3.99              3.99
               411              3.99              3.99
               412              3.99              3.99
               413              3.99              3.99
               414              3.99              3.99
               415              3.99              3.99
               416              3.99              3.99
               417              3.99              3.99
               418              3.99              3.99
               419              3.99              3.99
               420              3.99              3.99
               421              3.99              3.99
               422              3.99              3.99
               423              3.99              3.99
               424              3.99              3.99
               425              3.99              3.99
               426              3.99              3.99
               427              3.99              3.99
               428              3.99              3.99
               429              3.99              3.99
               430              3.99              3.99
               431              3.99              3.99
               432              3.99              3.99
               433              3.99              3.99
               434              3.99              3.99
               435              3.99              3.99
               436              3.99              3.99
               437              3.99              3.99
               438              3.99              3.99
               439              3.99              3.99
               440              3.99              3.99
               441              3.99              3.99
               442              3.99              3.99
               443              3.99              3.99
               444              3.99              3.99
               445              3.99              3.99
               446              3.99              3.99
               447              3.99              3.99
               448              3.99              3.99
               449              3.99              3.99
               450              3.99              3.99
               451              3.99              3.99
               452              3.99              3.99
               453              3.99              3.99
               454              3.99              3.99
               455              3.99              3.99
               456              3.99              3.99
               457              3.99              3.99
               458              3.99              3.99
               459              3.99              3.99
               460              3.99              3.99
               461              3.99              3.99
               462              3.99              3.99
               463              3.99              3.99
               464              3.99              3.99
               465              3.99              3.99
               466              3.99              3.99
               467              3.99              3.99
               468              3.99              3.99
               469              3.99              3.99
               470              3.99              3.99
               471              3.99              3.99
               472              3.99              3.99
               473              3.99              3.99
               474              3.99              3.99
               475              3.99              3.99
               476              3.99              3.99
               477              3.99              3.99
               478              3.99              3.99
               479              3.99              3.99
               480              3.99              3.99
               481              3.99              3.99
               482              3.99              3.99
               483              3.99              3.99
               484              3.99              3.99
               485              3.99              3.99
               486              3.99              3.99
               487              3.99              3.99
               488              3.99              3.99
               489              3.99              3.99
               490              3.99              3.99
               491              3.99              3.99
               492              3.99              3.99
               493              3.99              3.99
               494              3.99              3.99
               495              3.99              3.99
               496              3.99              3.99
               497              3.99              3.99
               498              3.99              3.99
               499              3.99              3.99
               500              3.99              3.99
               501              3.99              3.99
               502              3.99              3.99
               503              3.99              3.99
               504              3.99              3.99
               505              3.99              3.99
               506              3.99              3.99
               507              3.99              3.99
               508              3.99              3.99
               509              3.99              3.99
               510              3.99              3.99
               511              3.99              3.99
               512              3.99              3.99
               513              3.99              3.99
               514              3.99              3.99
               515              3.99              3.99
               516              3.99              3.99
               517              3.99              3.99
               518              3.99              3.99
               519              3.99              3.99
               520              3.99              3.99
               521              3.99              3.99
               522              3.99              3.99
               523              3.99              3.99
               524              3.99              3.99
               525              3.99              3.99
               526              3.99              3.99
               527              3.99              3.99
               528              3.99              3.99
               529              3.99              3.99
               530              3.99              3.99
               531              3.99              3.99
               532              3.99              3.99
               533              3.99              3.99
               534              3.99              3.99
               535              3.99              3.99
               536              3.99              3.99
               537              3.99              3.99
               538              3.99              3.99
               539              3.99              3.99
               540              3.99              3.99
               541              3.99              3.99
               542              3.99              3.99
               543              3.99              3.99
               544              3.99              3.99
               545              3.99              3.99
               546              3.99              3.99
               547              3.99              3.99
               548              3.99              3.99
               549              3.99              3.99
               550              3.99              3.99
               551              3.99              3.99
               552              3.99              3.99
               553              3.99              3.99
               554              3.99              3.99
               555              3.99              3.99
               556              3.99              3.99
               557              3.99              3.99
               558              3.99              3.99
               559              3.99              3.99
               560              3.99              3.99
               561              3.99              3.99
               562              3.99              3.99
               563              3.99              3.99
               564              3.99              3.99
               565              3.99              3.99
               566              3.99              3.99
               567              3.99              3.99
               568              3.99              3.99
               569              3.99              3.99
               570              3.99              3.99
               571              3.99              3.99
               572              3.99              3.99
               573              3.99              3.99
               574              3.99              3.99
               575              3.99              3.99
               576              3.99              3.99
               577              3.99              3.99
               578              3.99              3.99
               579              3.99              3.99
               580              3.99              3.99
               581              3.99              3.99
               582              3.99              3.99
               583              3.99              3.99
               584              3.99              3.99
               585              3.99              3.99
               586              3.99              3.99
               587              3.99              3.99
               588              3.99              3.99
               589              3.99              3.99
               590              3.99              3.99
               591              3.99              3.99
               592              3.99              3.99
               593              3.99              3.99
               594              3.99              3.99
               595              3.99              3.99
               596              3.99              3.99
               597              3.99              3.99
               598              3.99              3.99
               599              3.99              3.99
               600              3.99              3.99
               601              3.99              3.99
               602              3.99              3.99
               603              3.99              3.99
               604              3.99              3.99
               605              3.99              3.99
               606              3.99              3.99
               607              3.99              3.99
               608              3.99              3.99
               609              3.99              3.99
               610              3.99              3.99
               611              3.99              3.99
               612              3.99              3.99
               613              3.99              3.99
               614              3.99              3.99
               615              3.99              3.99
               616              3.99              3.99
               617              3.99              3.99
               618              3.99              3.99
               619              3.99              3.99
               620              3.99              3.99
               621              3.99              3.99
               622              3.99              3.99
               623              3.99              3.99
               624              3.99              3.99
               625              3.99              3.99
               626              3.99              3.99
               627              3.99              3.99
               628              3.99              3.99
               629              3.99              3.99
               630              3.99              3.99
               631              3.99              3.99
               632              3.99              3.99
               633              3.99              3.99
               634              3.99              3.99
               635              3.99              3.99
               636              3.99              3.99
               637              3.99              3.99
               638              3.99              3.99
               639              3.99              3.99
               640              3.99              3.99
               641              3.99              3.99
               642              3.99              3.99
               643              3.99              3.99
               644              3.99              3.99
               645              3.99              3.99
               646              3.99              3.99
               647              3.99              3.99
               648              3.99              3.99
               649              3.99              3.99
               650              3.99              3.99
               651              3.99              3.99
               652              3.99              3.99
               653              3.99              3.99
               654              3.99              3.99
               655              3.99              3.99
               656              3.99              3.99
               657              3.99              3.99
               658              3.99              3.99
               659              3.99              3.99
               660              3.99              3.99
               661              3.99              3.99
               662              3.99              3.99
               663              3.99              3.99
               664              3.99              3.99
               665              3.99              3.99
               666              3.99              3.99
               667              3.99              3.99
               668              3.99              3.99
               669              3.99              3.99
               670              3.99              3.99
               671              3.99              3.99
               672              3.99              3.99
               673              3.99              3.99
               674              3.99              3.99
               675              3.99              3.99
               676              3.99              3.99
               677              3.99              3.99
               678              3.99              3.99
               679              3.99              3.99
               680              3.99              3.99
               681              3.99              3.99
               682              3.99              3.99
               683              3.99              3.99
               684              3.99              3.99
               685              3.99              3.99
               686              3.99              3.99
               687              3.99              3.99
               688              3.99              3.99
               689              3.99              3.99
               690              3.99              3.99
               691              3.99              3.99
               692              3.99              3.99
               693              3.99              3.99
               694              3.99              3.99
               695              3.99              3.99
               696              3.99              3.99
               697              3.99              3.99
               698              3.99              3.99
               699              3.99              3.99
               700              3.99              3.99
               701              3.99              3.99
               702              3.99              3.99
               703              3.99              3.99
               704              3.99              3.99
               705              3.99              3.99
               706              3.99              3.99
               707              3.99              3.99
               708              3.99              3.99
               709              3.99              3.99
               710              3.99              3.99
               711              3.99              3.99
               712              3.99              3.99
               713              3.99              3.99
               714              3.99              3.99
               715              3.99              3.99
               716              3.99              3.99
               717              3.99              3.99
               718              3.99              3.99
               719              3.99              3.99
               720              3.99              3.99
               721              3.99              3.99
               722              3.99              3.99
               723              3.99              3.99
               724              3.99              3.99
               725              3.99              3.99
               726              3.99              3.99
               727              3.99              3.99
               728              3.99              3.99
               729              3.99              3.99
               730              3.99              3.99
               731              3.99              3.99
               732              3.99              3.99
               733              3.99              3.99
               734              3.99              3.99
               735              3.99              3.99
               736              3.99              3.99
               737              3.99              3.99
               738              3.99              3.99
               739              3.99              3.99
               740              3.99              3.99
               741              3.99              3.99
               742              3.99              3.99
               743              3.99              3.99
               744              3.99              3.99
               745              3.99              3.99
               746              3.99              3.99
               747              3.99              3.99
               748              3.99              3.99
               749              3.99              3.99
               750              3.99              3.99
               751              3.99              3.99
               752              3.99              3.99
               753              3.99              3.99
               754              3.99              3.99
               755              3.99              3.99
               756              3.99              3.99
               757              3.99              3.99
               758              3.99              3.99
               759              3.99              3.99
               760              3.99              3.99
               761              3.99              3.99
               762              3.99              3.99
               763              3.99              3.99
               764              3.99              3.99
               765              3.99              3.99
               766              3.99              3.99
               767              3.99              3.99
               768              3.99              3.99
               769              3.99              3.99
               770              3.99              3.99
               771              3.99              3.99
               772              3.99              3.99
               773              3.99              3.99
               774              3.99              3.99
               775              3.99              3.99
               776              3.99              3.99
               777              3.99              3.99
               778              3.99              3.99
               779              3.99              3.99
               780              3.99              3.99
               781              3.99              3.99
               782              3.99              3.99
               783              3.99              3.99
               784              3.99              3.99
               785              3.99              3.99
               786              3.99              3.99
               787              3.99              3.99
               788              3.99              3.99
               789              3.99              3.99
               790              3.99              3.99
               791              3.99              3.99
               792              3.99              3.99
               793              3.99              3.99
               794              3.99              3.99
               795              3.99              3.99
               796              3.99              3.99
               797              3.99              3.99
               798              3.99              3.99
               799              3.99              3.99
               800              3.99              3.99
               801              3.99              3.99
               802              3.99              3.99
               803              3.99              3.99
               804              3.99              3.99
               805              3.99              3.99
               806              3.99              3.99
               807              3.99              3.99
               808              3.99              3.99
               809              3.99              3.99
               810              3.99              3.99
               811              3.99              3.99
               812              3.99              3.99
               813              3.99              3.99
               814              3.99              3.99
               815              3.99              3.99
               816              3.99              3.99
               817              3.99              3.99
               818              3.99              3.99
               819              3.99              3.99
               820              3.99              3.99
               821              3.99              3.99
               822              3.99              3.99
               823              3.99              3.99
               824              3.99              3.99
               825              3.99              3.99
               826              3.99              3.99
               827              3.99              3.99
               828              3.99              3.99
               829              3.99              3.99
               830              3.99              3.99
               831              3.99              3.99
               832              3.99              3.99
               833              3.99              3.99
               834              3.99              3.99
               835              3.99              3.99
               836              3.99              3.99
               837              3.99              3.99
               838              3.99              3.99
               839              3.99              3.99
               840              3.99              3.99
               841              3.99              3.99
               842              3.99              3.99
               843              3.99              3.99
               844              3.99              3.99
               845              3.99              3.99
               846              3.99              3.99
               847              3.99              3.99
               848              3.99              3.99
               849              3.99              3.99
               850              3.99              3.99
               851              3.99              3.99
               852              3.99              3.99
               853              3.99              3.99
               854              3.99              3.99
               855              3.99              3.99
               856              3.99              3.99
               857              3.99              3.99
               858              3.99              3.99
               859              3.99              3.99
               860              3.99              3.99
               861              3.99              3.99
               862              3.99              3.99
               863              3.99              3.99
               864              3.99              3.99
               865              3.99              3.99
               866              3.99              3.99
               867              3.99              3.99
               868              3.99              3.99
               869              3.99              3.99
               870              3.99              3.99
               871              3.99              3.99
               872              3.99              3.99
               873              3.99              3.99
               874              3.99              3.99
               875              3.99              3.99
               876              3.99              3.99
               877              3.99              3.99
               878              3.99              3.99
               879              3.99              3.99
               880              3.99              3.99
               881              3.99              3.99
               882              3.99              3.99
               883              3.99              3.99
               884              3.99              3.99
               885              3.99              3.99
               886              3.99              3.99
               887              3.99              3.99
               888              3.99              3.99
               889              3.99              3.99
               890              3.99              3.99
               891              3.99              3.99
               892              3.99              3.99
               893              3.99              3.99
               894              3.99              3.99
               895              3.99              3.99
               896              3.99              3.99
               897              3.99              3.99
               898              3.99              3.99
               899              3.99              3.99
               900              3.99              3.99
               901              3.99              3.99
               902              3.99              3.99
               903              3.99              3.99
               904              3.99              3.99
               905              3.99              3.99
               906              3.99              3.99
               907              3.99              3.99
               908              3.99              3.99
               909              3.99              3.99
               910              3.99              3.99
               911              3.99              3.99
               912              3.99              3.99
               913              3.99              3.99
               914              3.99              3.99
               915              3.99              3.99
               916              3.99              3.99
               917              3.99              3.99
               918              3.99              3.99
               919              3.99              3.99
               920              3.99              3.99
               921              3.99              3.99
               922              3.99              3.99
               923              3.99              3.99
               924              3.99              3.99
               925              3.99              3.99
               926              3.99              3.99
               927              3.99              3.99
               928              3.99              3.99
               929              3.99              3.99
               930              3.99              3.99
               931              3.99              3.99
               932              3.99              3.99
               933              3.99              3.99
               934           3.98867           3.98999
               935           3.98867           3.98999
               936              3.99              3.99
               937              3.99              3.99
               938              3.99              3.99
               939              3.99              3.99
               940              3.99              3.99
               941              3.99              3.99
               942              3.99              3.99
               943              3.99              3.99
               944              3.99              3.99
               945              3.99              3.99
               946              3.99              3.99
               947              3.99              3.99
               948              3.99              3.99
               949              3.99              3.99
               950              3.99              3.99
               951              3.99              3.99
               952              3.99              3.99
               953              3.99              3.99
               954              3.99              3.99
               955              3.99              3.99
               956              3.99              3.99
               957              3.99              3.99
               958              3.99              3.99
               959              3.99              3.99
               960              3.99              3.99
               961           3.98867           3.98999
               962           3.98867           3.98999
               963              3.99              3.99
               964              3.99              3.99
               965              3.99              3.99
               966              3.99              3.99
               967              3.99              3.99
               968              3.99              3.99
               969              3.99              3.99
               970              3.99              3.99
               971              3.99              3.99
               972              3.99              3.99
               973           3.98867           3.98999
               974              3.99              3.99
               975              3.99              3.99
               976              3.99              3.99
               977              3.99              3.99
               978              3.99              3.99
               979              3.99              3.99
               980              3.99              3.99
               981              3.99              3.99
               982              3.99              3.99
               983              3.99              3.99
               984              3.99              3.99
               985              3.99              3.99
               986              3.99              3.99
               987              3.99              3.99
               988              3.99              3.99
               989              3.99              3.99
               990              3.99              3.99
               991              3.99              3.99
               992              3.99              3.99
               993              3.99              3.99
               994              3.99              3.99
               995              3.99              3.99
               996              3.99              3.99
               997              3.99              3.99
               998              3.99              3.99
               999              3.99              3.99
     0    31     8     2     5     7    20    13    11    30    17    28    19    21    10    15    18    23     9     3    12     6    25    16     1    26     4    24    22    27    14    29
