0.807519 -0.93112
-0.414888 0.1884
-0.54669 -0.659592
-0.848655 -0.764225
-0.966382 -0.163671
-0.741643 0.325132
-0.309097 -0.59754
-0.873342 -0.95491
0.11048 -0.0466573
0.50288 -0.994554
-0.219236 0.935869
-0.071387 -0.593954
0.640259 -0.18667
0.869257 -0.749024
0.880801 0.850225
0.213287 0.592034
-0.422448 0.796155
-0.366456 -0.0147628
0.474437 -0.447097
-0.320814 -0.00666123
0.524324 0.034864
0.126397 -0.617756
0.33449 -0.390319
-0.742896 0.393883
-0.0199206 0.0807671
-0.130478 0.323793
0.0143757 0.431584
-0.223441 -0.782601
-0.969691 -0.28423
-0.545382 -0.108958
-0.269473 -0.292455
-0.184531 -0.813733
