           1     -0.4619     -0.4619           0
           2   -0.462077   -0.461989    8.86e-05
           3   -0.461894   -0.461957 6.01477e-05
           4   -0.461934   -0.461951 4.28979e-05
           5   -0.462177   -0.461996 5.59966e-05
           6   -0.462033   -0.462002 4.61317e-05
           7   -0.462047   -0.462009  3.9508e-05
           8   -0.462181    -0.46203 4.04413e-05
           9   -0.462202   -0.462049 4.04362e-05
          10   -0.462203   -0.462065 3.92823e-05
          11   -0.461991   -0.462058 3.61557e-05
          12   -0.461926   -0.462047 3.47939e-05
          13   -0.462203   -0.462059 3.41877e-05
          14   -0.462337   -0.462079 3.73578e-05
          15   -0.462303   -0.462094 3.78438e-05
          16   -0.461883   -0.462081 3.77822e-05
          17   -0.462078   -0.462081 3.54906e-05
          18   -0.462322   -0.462094 3.60481e-05
          19   -0.461862   -0.462082 3.62132e-05
          20   -0.461884   -0.462072 3.57427e-05
          21   -0.462098   -0.462073 3.40214e-05
          22   -0.462158   -0.462077 3.26675e-05
          23   -0.462027   -0.462075 3.12897e-05
          24   -0.461919   -0.462068 3.06543e-05
          25   -0.462545   -0.462087 3.50494e-05
          26   -0.462154    -0.46209  3.3772e-05
          27   -0.461787   -0.462079 3.43768e-05
          28   -0.462209   -0.462083 3.34526e-05
          29   -0.462112   -0.462084 3.22935e-05
          30   -0.462058   -0.462084 3.12112e-05
          31   -0.461801   -0.462074 3.15331e-05
          32    -0.46219   -0.462078 3.07432e-05
          33   -0.462297   -0.462085 3.05282e-05
          34   -0.462214   -0.462088 2.98606e-05
          35   -0.462486     -0.4621 3.11426e-05
          36    -0.46231   -0.462106 3.08205e-05
          37   -0.462084   -0.462105 2.99815e-05
          38   -0.461905     -0.4621 2.96533e-05
          39   -0.462197   -0.462102  2.8991e-05
          40   -0.462153   -0.462104 2.82856e-05
          41   -0.462078   -0.462103  2.7594e-05
          42   -0.462304   -0.462108   2.735e-05
          43   -0.462293   -0.462112 2.70527e-05
          44   -0.462454    -0.46212 2.75489e-05
          45   -0.462523   -0.462129 2.83829e-05
          46   -0.462233   -0.462131 2.78514e-05
          47   -0.462208   -0.462133 2.73014e-05
          48   -0.462238   -0.462135 2.68162e-05
          49   -0.461946   -0.462131 2.65451e-05
          50   -0.462142   -0.462131 2.60097e-05
          51   -0.462122   -0.462131 2.54952e-05
          52   -0.462195   -0.462132 2.50298e-05
          53   -0.462182   -0.462133 2.45706e-05
          54   -0.462078   -0.462132 2.41332e-05
          55    -0.46235   -0.462136 2.40193e-05
          56    -0.46235    -0.46214 2.38931e-05
          57   -0.462014   -0.462138 2.35744e-05
          58     -0.4625   -0.462144 2.39937e-05
          59   -0.462092   -0.462143 2.35999e-05
          60   -0.461927    -0.46214 2.34801e-05
          61   -0.461957   -0.462137 2.32852e-05
          62   -0.461949   -0.462134 2.31055e-05
          63   -0.462218   -0.462135 2.27748e-05
          64   -0.462167   -0.462135 2.24216e-05
          65   -0.461818    -0.46213 2.26062e-05
          66    -0.46182   -0.462126 2.27536e-05
          67   -0.462026   -0.462124 2.24613e-05
          68    -0.46215   -0.462125 2.21317e-05
          69   -0.462154   -0.462125 2.18127e-05
          70   -0.462295   -0.462128 2.16353e-05
          71   -0.462078   -0.462127 2.13397e-05
          72   -0.462127   -0.462127 2.10412e-05
          73   -0.462379    -0.46213 2.10363e-05
          74   -0.461976   -0.462128 2.08552e-05
          75   -0.461994   -0.462126 2.06527e-05
          76   -0.462225   -0.462128 2.04207e-05
          77   -0.462156   -0.462128 2.01572e-05
          78   -0.462261    -0.46213 1.99698e-05
          79   -0.461917   -0.462127 1.98979e-05
          80   -0.461904   -0.462124 1.98441e-05
          81   -0.462053   -0.462123 1.96173e-05
          82   -0.462249   -0.462125 1.94371e-05
          83   -0.462293   -0.462127 1.93082e-05
          84   -0.462264   -0.462129  1.9147e-05
          85   -0.462094   -0.462128 1.89249e-05
          86   -0.462333   -0.462131 1.88545e-05
          87   -0.462146   -0.462131 1.86373e-05
          88    -0.46211   -0.462131 1.84257e-05
          89   -0.462318   -0.462133 1.83388e-05
          90    -0.46229   -0.462134 1.82177e-05
          91    -0.46211   -0.462134 1.80184e-05
          92   -0.462215   -0.462135 1.78432e-05
          93   -0.461923   -0.462133 1.77975e-05
          94   -0.462278   -0.462134 1.76744e-05
          95   -0.462325   -0.462136  1.7602e-05
          96    -0.46202   -0.462135 1.74599e-05
          97   -0.461791   -0.462131 1.76386e-05
          98   -0.462336   -0.462134 1.75824e-05
          99   -0.462009   -0.462132 1.74491e-05
         100   -0.462035   -0.462131  1.7301e-05
         101    -0.46189   -0.462129  1.7295e-05
         102   -0.461842   -0.462126  1.7354e-05
         103   -0.462339   -0.462128 1.73086e-05
         104   -0.462145   -0.462128 1.71422e-05
         105   -0.462308    -0.46213 1.70637e-05
         106   -0.462324   -0.462132  1.7001e-05
         107   -0.461945    -0.46213 1.69315e-05
         108   -0.462058   -0.462129 1.67874e-05
         109   -0.462213    -0.46213 1.66505e-05
         110   -0.462252   -0.462131 1.65358e-05
         111     -0.4622   -0.462132  1.6398e-05
         112   -0.461955    -0.46213 1.63275e-05
         113   -0.462104    -0.46213 1.61841e-05
         114   -0.462373   -0.462132 1.61819e-05
         115   -0.461962   -0.462131 1.61092e-05
         116    -0.46193   -0.462129 1.60636e-05
         117   -0.462104   -0.462129 1.59272e-05
         118   -0.462114   -0.462129 1.57922e-05
         119    -0.46217   -0.462129 1.56627e-05
         120   -0.462466   -0.462132 1.57827e-05
         121   -0.462015   -0.462131 1.56814e-05
         122   -0.462139   -0.462131 1.55525e-05
         123   -0.462502   -0.462134 1.57177e-05
         124   -0.462171   -0.462134 1.55933e-05
         125   -0.461849   -0.462132 1.56355e-05
         126   -0.462083   -0.462132 1.55157e-05
         127   -0.461955    -0.46213  1.5456e-05
         128   -0.461854   -0.462128 1.54863e-05
         129   -0.462143   -0.462128 1.53662e-05
         130   -0.461911   -0.462127 1.53385e-05
         131   -0.462059   -0.462126 1.52297e-05
         132   -0.462031   -0.462125 1.51311e-05
         133   -0.461838   -0.462123  1.5171e-05
         134   -0.462148   -0.462123 1.50585e-05
         135   -0.462255   -0.462124 1.49782e-05
         136   -0.462138   -0.462124  1.4868e-05
         137      -0.462   -0.462124 1.47872e-05
         138   -0.461928   -0.462122 1.47475e-05
         139     -0.4622   -0.462123 1.46518e-05
         140   -0.461773    -0.46212   1.476e-05
         141   -0.462213   -0.462121 1.46697e-05
         142   -0.461771   -0.462118 1.47729e-05
         143   -0.462133   -0.462118 1.46696e-05
         144   -0.462333    -0.46212 1.46435e-05
         145   -0.462028   -0.462119 1.45561e-05
         146    -0.46211   -0.462119 1.44562e-05
         147    -0.46203   -0.462119 1.43704e-05
         148   -0.462432   -0.462121 1.44289e-05
         149   -0.461805   -0.462119 1.44874e-05
         150    -0.46178   -0.462116 1.45662e-05
         151   -0.462058   -0.462116 1.44747e-05
         152   -0.462026   -0.462115 1.43913e-05
         153   -0.462213   -0.462116 1.43113e-05
         154   -0.462143   -0.462116 1.42191e-05
         155   -0.462027   -0.462116 1.41388e-05
         156   -0.462307   -0.462117 1.41016e-05
         157   -0.462085   -0.462117  1.4013e-05
         158   -0.461954   -0.462116 1.39622e-05
         159   -0.462222   -0.462116 1.38903e-05
         160   -0.461898   -0.462115 1.38705e-05
         161   -0.462114   -0.462115  1.3784e-05
         162   -0.462005   -0.462114 1.37155e-05
         163   -0.462089   -0.462114  1.3632e-05
         164    -0.46182   -0.462112 1.36667e-05
         165   -0.462095   -0.462112 1.35841e-05
         166   -0.462102   -0.462112 1.35021e-05
         167   -0.462219   -0.462113 1.34363e-05
         168   -0.462031   -0.462112 1.33649e-05
         169   -0.461847   -0.462111 1.33778e-05
         170   -0.462115   -0.462111 1.32989e-05
         171   -0.462083   -0.462111 1.32218e-05
         172    -0.46201    -0.46211 1.31578e-05
         173    -0.46219    -0.46211 1.30896e-05
         174   -0.461872   -0.462109 1.30859e-05
         175    -0.46223    -0.46211 1.30291e-05
         176   -0.462037   -0.462109 1.29615e-05
         177   -0.462046   -0.462109  1.2893e-05
         178   -0.462065   -0.462109 1.28228e-05
         179   -0.462381    -0.46211 1.28412e-05
         180   -0.462033    -0.46211 1.27769e-05
         181    -0.46197   -0.462109 1.27294e-05
         182   -0.462024   -0.462109 1.26679e-05
         183   -0.462343    -0.46211 1.26634e-05
         184   -0.462155    -0.46211 1.25968e-05
         185   -0.461856   -0.462109 1.26038e-05
         186   -0.462058   -0.462108 1.25388e-05
         187   -0.462275   -0.462109 1.25031e-05
         188   -0.462099   -0.462109 1.24366e-05
         189   -0.462166    -0.46211 1.23742e-05
         190   -0.462297   -0.462111 1.23481e-05
         191   -0.462291   -0.462112 1.23197e-05
         192   -0.462188   -0.462112 1.22618e-05
         193   -0.462154   -0.462112    1.22e-05
         194   -0.462265   -0.462113 1.21625e-05
         195   -0.462199   -0.462113 1.21079e-05
         196      -0.462   -0.462113 1.20599e-05
         197   -0.462293   -0.462114 1.20333e-05
         198   -0.461981   -0.462113  1.1991e-05
         199   -0.461911   -0.462112 1.19738e-05
         200   -0.462156   -0.462112 1.19158e-05
