   0.0323165           0           0
   0.0969496           0           0
    0.161583           0           0
    0.226216           0           0
    0.290849           0           0
    0.355482           0           0
    0.420115           0           0
    0.484748           0           0
    0.549381           0           0
    0.614014           0           0
    0.678647           0           0
     0.74328           0           0
    0.807913           0           0
    0.872546 0.000838155 0.000104047
    0.937179    0.146738  0.00154674
     1.00181      1.0615  0.00441988
     1.06645     2.03761  0.00935791
     1.13108     2.26147  0.00812634
     1.19571     2.08084  0.00739558
     1.26034     1.82612    0.005354
     1.32498     1.62032  0.00559532
     1.38961     1.44481  0.00478963
     1.45424     1.33481  0.00363166
     1.51888      1.2482  0.00329886
     1.58351     1.19161  0.00290705
     1.64814     1.14398  0.00299601
     1.71278     1.12001  0.00281707
     1.77741     1.08907   0.0025599
     1.84204      1.0708  0.00234486
     1.90667     1.06608  0.00249234
     1.97131     1.05826   0.0020801
     2.03594      1.0579  0.00262253
     2.10057      1.0517  0.00183029
     2.16521     1.04756  0.00233488
     2.22984     1.04769  0.00195953
     2.29447     1.03781  0.00215993
     2.35911     1.03596  0.00208676
     2.42374     1.03279  0.00211592
     2.48837     1.02609  0.00181282
     2.55301     1.02304  0.00166695
     2.61764      1.0158  0.00175811
     2.68227     1.01323  0.00163397
      2.7469     1.00921   0.0015316
     2.81154     1.00817  0.00172819
     2.87617     1.00592  0.00169143
      2.9408     1.00292  0.00151341
     3.00544     1.00264  0.00143385
     3.07007    0.998851  0.00151038
      3.1347    0.998045  0.00134413
     3.19934     0.99722  0.00122673
     3.26397    0.995938  0.00151369
      3.3286    0.996838  0.00145289
     3.39323    0.994879  0.00104165
     3.45787    0.994841  0.00135036
      3.5225    0.994057  0.00113432
     3.58713    0.993646  0.00106234
     3.65177    0.993626  0.00122236
      3.7164    0.991429  0.00136231
     3.78103     0.99032  0.00115999
     3.84567    0.990102  0.00105389
      3.9103    0.989876  0.00107264
     3.97493    0.988725 0.000857519
     4.03957    0.989585 0.000997638
      4.1042    0.988656  0.00101253
     4.16883    0.988007 0.000977378
     4.23346    0.989379 0.000916033
      4.2981    0.989183 0.000824594
     4.36273    0.987082 0.000768048
     4.42736    0.986587 0.000830657
       4.492    0.986436 0.000927995
     4.55663    0.986625  0.00103878
     4.62126    0.989474 0.000786902
      4.6859     0.98602 0.000919337
     4.75053    0.987786 0.000857988
     4.81516    0.986981 0.000962503
     4.87979    0.986949 0.000876161
     4.94443    0.987356  0.00078289
     5.00906    0.986705 0.000693746
     5.07369    0.985416  0.00089794
     5.13833    0.986756 0.000895088
     5.20296     0.98676 0.000751135
     5.26759    0.987291  0.00093544
     5.33223    0.985575 0.000813601
     5.39686    0.985739 0.000824424
     5.46149    0.987742 0.000735729
     5.52612    0.986891 0.000741472
     5.59076    0.986875 0.000857496
     5.65539    0.985274 0.000728884
     5.72002    0.987017 0.000770122
     5.78466     0.98758 0.000666384
     5.84929    0.987334 0.000730844
     5.91392    0.986877 0.000682702
     5.97856    0.986495 0.000719411
     6.04319    0.986439 0.000671957
     6.10782    0.985224 0.000691222
     6.17246     0.98529 0.000644778
     6.23709    0.987433 0.000575107
     6.30172    0.985548 0.000810624
     6.36635     0.98579 0.000649675
     6.43099    0.986689 0.000907011
