   0.0115332           0           0
   0.0345996           0           0
   0.0576661           0           0
   0.0807325           0           0
    0.103799           0           0
    0.126865           0           0
    0.149932           0           0
    0.172998           0           0
    0.196065           0           0
    0.219131           0           0
    0.242198           0           0
    0.265264           0           0
     0.28833           0           0
    0.311397           0           0
    0.334463           0           0
     0.35753           0           0
    0.380596           0           0
    0.403663           0           0
    0.426729           0           0
    0.449795           0           0
    0.472862           0           0
    0.495928           0           0
    0.518995           0           0
    0.542061           0           0
    0.565128           0           0
    0.588194           0           0
     0.61126           0           0
    0.634327           0           0
    0.657393           0           0
     0.68046           0           0
    0.703526           0           0
    0.726593           0           0
    0.749659           0           0
    0.772725           0           0
    0.795792           0           0
    0.818858           0           0
    0.841925           0           0
    0.864991           0           0
    0.888058 5.59668e-05 1.21888e-05
    0.911124  0.00321673 0.000107965
     0.93419    0.047001   0.0005181
    0.957257    0.295728  0.00164353
    0.980323     1.01158  0.00293242
     1.00339     2.24449  0.00342079
     1.02646     3.63001  0.00296141
     1.04952     4.61319  0.00320508
     1.07259     4.88759  0.00464965
     1.09566     4.48587  0.00565265
     1.11872     3.65488  0.00341458
     1.14179     2.69431  0.00290326
     1.16485     1.81506  0.00166526
     1.18792     1.13243  0.00187587
     1.21099     0.65639  0.00145246
     1.23405    0.355356  0.00161685
     1.25712    0.180215  0.00127488
     1.28019   0.0891065 0.000975858
     1.30325   0.0507697 0.000734952
     1.32632   0.0434845 0.000628001
     1.34939   0.0616696 0.000659715
     1.37245    0.106891 0.000758721
     1.39552    0.187061 0.000997509
     1.41859    0.301529  0.00096905
     1.44165    0.454201 0.000811048
     1.46472    0.627944 0.000968184
     1.48778    0.793855  0.00119384
     1.51085    0.918238  0.00156267
     1.53392     0.96706  0.00216201
     1.55698     0.92682  0.00177794
     1.58005    0.809112  0.00123969
     1.60312    0.640628 0.000847333
     1.62618    0.466432 0.000666953
     1.64925    0.317638 0.000880579
     1.67232    0.220797  0.00105939
     1.69538    0.194404  0.00127767
     1.71845    0.258126  0.00172609
     1.74152    0.435929  0.00189271
     1.76458    0.752266  0.00195837
     1.78765     1.19895  0.00178776
     1.81071     1.72753  0.00121528
     1.83378      2.2338    0.001954
     1.85685      2.5932  0.00302805
     1.87991     2.70832  0.00388667
     1.90298     2.55436  0.00313068
     1.92605     2.17717  0.00262406
     1.94911     1.68807  0.00122801
     1.97218     1.20268  0.00107488
     1.99525    0.803859  0.00187086
     2.01831    0.546288  0.00186673
     2.04138     0.43615  0.00185744
     2.06445    0.463723  0.00159799
     2.08751    0.587622  0.00128505
     2.11058    0.756934 0.000768806
     2.13364    0.915954 0.000930071
     2.15671     1.01392  0.00129762
     2.17978     1.02151  0.00150141
     2.20284    0.920136   0.0012826
     2.22591    0.780877 0.000687481
     2.24898    0.655047 0.000945264
     2.27204    0.573757  0.00158465
     2.29511    0.575633  0.00184525
