   0.0128248           0           0
   0.0384745           0           0
   0.0641241           0           0
   0.0897737           0           0
    0.115423           0           0
    0.141073           0           0
    0.166723           0           0
    0.192372           0           0
    0.218022           0           0
    0.243672           0           0
    0.269321           0           0
    0.294971           0           0
     0.32062           0           0
     0.34627           0           0
     0.37192           0           0
    0.397569           0           0
    0.423219           0           0
    0.448869           0           0
    0.474518           0           0
    0.500168           0           0
    0.525818           0           0
    0.551467           0           0
    0.577117           0           0
    0.602767           0           0
    0.628416           0           0
    0.654066           0           0
    0.679715           0           0
    0.705365           0           0
    0.731015           0           0
    0.756664           0           0
    0.782314           0           0
    0.807964           0           0
    0.833613           0           0
    0.859263 1.75071e-05 8.65037e-06
    0.884913  0.00150763 8.71435e-05
    0.910562   0.0240175 0.000291903
    0.936212    0.164262  0.00131496
    0.961861    0.562574  0.00274836
    0.987511     1.19816  0.00379456
     1.01316     1.85682  0.00421428
     1.03881     2.32858  0.00403705
     1.06446     2.55082  0.00342915
     1.09011     2.55112  0.00333513
     1.11576     2.40724  0.00339188
     1.14141     2.20537   0.0031454
     1.16706     1.97612  0.00380304
     1.19271     1.76091  0.00360293
     1.21836     1.56259  0.00341894
     1.24401     1.39424  0.00296852
     1.26966     1.24549  0.00289748
     1.29531     1.12459  0.00246916
     1.32096     1.02397  0.00237296
     1.34661    0.941647  0.00178253
     1.37226    0.871765  0.00188966
     1.39791    0.817653  0.00176408
     1.42355    0.771832  0.00151896
      1.4492    0.737621  0.00146827
     1.47485     0.71015  0.00165686
      1.5005    0.692272  0.00184281
     1.52615    0.678174  0.00203107
      1.5518    0.669028  0.00174212
     1.57745    0.668879  0.00167197
      1.6031    0.674938  0.00179612
     1.62875    0.685512  0.00168486
      1.6544    0.701169  0.00135165
     1.68005    0.720661  0.00144916
      1.7057    0.748084  0.00157201
     1.73135    0.780173  0.00130349
       1.757    0.813372  0.00150107
     1.78265    0.851989  0.00135132
      1.8083    0.894571  0.00153219
     1.83395    0.934352  0.00146886
      1.8596    0.978448  0.00137947
     1.88525     1.01898  0.00146729
      1.9109     1.06079   0.0015723
     1.93655     1.09779  0.00147118
      1.9622     1.13196   0.0015809
     1.98785     1.16186   0.0017003
      2.0135     1.18655  0.00151606
     2.03915     1.20373  0.00147746
      2.0648     1.21569  0.00117287
     2.09045      1.2155  0.00133666
      2.1161     1.21074  0.00127501
     2.14174     1.19486   0.0014672
     2.16739     1.17531  0.00151534
     2.19304     1.15062  0.00134284
     2.21869     1.12301  0.00151308
     2.24434     1.09492  0.00162908
     2.26999     1.06554  0.00140393
     2.29564     1.03799  0.00127899
     2.32129     1.01345  0.00123577
     2.34694    0.987405  0.00138466
     2.37259    0.965244  0.00137223
     2.39824    0.947995  0.00128277
     2.42389    0.931856  0.00117872
     2.44954    0.917742  0.00127531
     2.47519    0.907789  0.00134276
     2.50084    0.895513  0.00137598
     2.52649    0.886631   0.0013449
     2.55214    0.885217  0.00146708
