          ntotiter
              1000
             Niter        Best_route     Elite_average
                 0           34.8373           49.8115
                 1           34.8373           47.0318
                 2            31.395           45.0212
                 3           33.3998           43.4244
                 4           32.5925           41.7511
                 5           31.3217           40.0112
                 6           27.9619           38.4071
                 7            27.814           37.0578
                 8           27.5226           35.0392
                 9           20.0472           33.4252
                10           22.9614            31.852
                11           21.8695           30.2135
                12            21.021           29.1009
                13           20.3674           28.1214
                14           17.8963           26.9773
                15           18.1929           26.3764
                16           14.6858           25.5404
                17           16.3159           24.1114
                18           15.9968           22.6949
                19           16.1071            21.797
                20           14.1239           21.3184
                21           13.9482           21.2267
                22           13.9482           20.9795
                23           12.6465           20.7995
                24           12.5427           20.1318
                25           12.5427           19.3018
                26           12.8272           19.0281
                27           12.8392           18.6215
                28           12.0962           17.6673
                29            11.439           16.8648
                30           10.9102            15.718
                31           11.1075           14.8659
                32           10.6129           14.2195
                33           10.6666           13.7172
                34           9.56371           13.1147
                35            10.263           12.5587
                36           9.22622           12.2764
                37           8.72724           11.8596
                38           7.82791            11.474
                39           7.82791            11.179
                40           7.96608           10.6784
                41           7.93006            10.563
                42           7.93006           10.1685
                43           7.92492           9.70646
                44           7.18316           9.42253
                45           7.18316           9.06707
                46           7.03632           8.63292
                47           6.90921            8.3236
                48           6.50077           8.05792
                49           6.42267           7.83679
                50           6.21508           7.47789
                51           6.33563           7.26859
                52            6.2636           6.98974
                53           6.13019           6.77136
                54           6.04113            6.6071
                55           5.85889            6.4767
                56           5.73289           6.35793
                57           5.75131           6.25051
                58           5.75131           6.13593
                59           5.74728           6.04441
                60           5.74728           5.95642
                61           5.59526           5.88219
                62           5.59526           5.82697
                63           5.57684           5.78127
                64           5.57684           5.73951
                65           5.32413           5.71303
                66           5.28526           5.67073
                67           5.57684            5.6193
                68           5.57684           5.58551
                69           5.57684           5.57909
                70           5.57684           5.57684
                71           5.26595             5.554
                72           5.11611           5.52453
                73           5.11611           5.48903
                74           5.11611           5.41396
                75           5.11611           5.31957
                76           5.11611           5.29245
                77           5.11611           5.28995
                78           5.11611           5.28874
                79           5.11611           5.28869
                80           5.06713           5.28813
                81           5.11611            5.2858
                82           5.11611           5.27815
                83           5.11611           5.27134
                84           5.13153           5.25951
                85           4.97209           5.24202
                86           4.94267           5.21306
                87           4.94267           5.17628
                88           4.94267           5.13059
                89           4.94267           5.07398
                90            4.9372           4.99273
                91           4.94267           4.96056
                92           4.94267           4.95338
                93           4.94267           4.94267
                94           4.63268           4.94143
                95           4.71442           4.94176
                96           4.94267           4.94267
                97           4.61619           4.94137
                98           4.94267           4.94267
                99           4.92149           4.94259
               100           4.94267           4.94267
               101           4.94267           4.94267
               102           4.94267           4.94267
               103           4.94267           4.94267
               104           4.94267           4.94267
               105           4.63268           4.94143
               106           4.94267           4.94267
               107           4.94267           4.94267
               108           4.94267           4.94267
               109           4.94267           4.94267
               110           4.94267           4.94267
               111            4.3493           4.91034
               112           4.54846           4.88292
               113           4.54846           4.84114
               114           4.54846           4.75631
               115           4.54846           4.66755
               116           4.54846           4.60336
               117           4.54846           4.55196
               118           4.54846           4.54846
               119           4.54846           4.54846
               120           4.54846           4.54846
               121           4.39497           4.53618
               122           4.39497           4.52022
               123           4.39497           4.48706
               124           4.39497           4.42997
               125           4.39497           4.39497
               126           4.39497           4.39497
               127           4.39497           4.39497
               128           4.39497           4.39497
               129           4.39497           4.39497
               130           4.39497           4.39497
               131           4.39497           4.39497
               132           4.39497           4.39497
               133           4.39497           4.39497
               134           4.39497           4.39497
               135           4.23832           4.39435
               136           4.23832           4.39435
               137           4.23832           4.39435
               138           4.19582           4.39418
               139           4.23892           4.39435
               140           4.23892           4.39185
               141           4.23575           4.38977
               142           4.23832           4.37728
               143           4.21435           4.34845
               144           4.23892           4.29722
               145           4.23892           4.23892
               146           4.23892           4.23892
               147           4.23892           4.23892
               148           4.19356           4.23874
               149           4.23892           4.23892
               150           4.23892           4.23892
               151           4.19356           4.23529
               152           4.19356           4.23112
               153           4.19356           4.22459
               154           4.19356           4.21225
               155           4.19356           4.19356
               156           4.03977           4.19294
               157           4.19356           4.19356
               158           4.19356           4.19356
               159           4.19356           4.19356
               160           4.19356           4.19356
               161           4.19356           4.19356
               162           4.19356           4.19356
               163           4.19356           4.19356
               164           4.19356           4.19356
               165           4.19356           4.19356
               166           4.19356           4.19356
               167           4.19356           4.19356
               168           4.19356           4.19356
               169           4.19356           4.19356
               170           4.19356           4.19356
               171           4.19356           4.19356
               172           4.19356           4.19356
               173           4.19356           4.19356
               174           4.19356           4.19356
               175           4.19356           4.19356
               176           4.19356           4.19356
               177           4.19356           4.19356
               178           4.19356           4.19356
               179           4.19356           4.19356
               180           4.19356           4.19356
               181           4.19356           4.19356
               182           4.19356           4.19356
               183           4.19356           4.19356
               184           4.19356           4.19356
               185           4.19356           4.19356
               186           4.19356           4.19356
               187           4.19356           4.19356
               188           4.19356           4.19356
               189           4.19356           4.19356
               190           4.19356           4.19356
               191           4.19356           4.19356
               192           4.19356           4.19356
               193           4.19356           4.19356
               194           4.19356           4.19356
               195           4.19356           4.19356
               196           4.19356           4.19356
               197           4.19356           4.19356
               198           4.19356           4.19356
               199           4.19356           4.19356
               200           4.19356           4.19356
               201           4.19356           4.19356
               202           4.19356           4.19356
               203           4.19356           4.19356
               204           4.19356           4.19356
               205           4.19356           4.19356
               206           4.19356           4.19356
               207           4.19356           4.19356
               208           4.19356           4.19356
               209           4.19356           4.19356
               210           4.19356           4.19356
               211           4.19356           4.19356
               212           4.19356           4.19356
               213           4.19356           4.19356
               214           4.19356           4.19356
               215           4.19356           4.19356
               216           4.19356           4.19356
               217           4.19356           4.19356
               218           4.19356           4.19356
               219           4.19356           4.19356
               220           4.19356           4.19356
               221           4.19356           4.19356
               222           4.19356           4.19356
               223           4.19356           4.19356
               224           4.19356           4.19356
               225           4.19356           4.19356
               226           4.19356           4.19356
               227           4.19356           4.19356
               228           4.19356           4.19356
               229           4.19356           4.19356
               230           4.19356           4.19356
               231           4.19356           4.19356
               232           4.19356           4.19356
               233           4.19356           4.19356
               234           4.19356           4.19356
               235           4.19356           4.19356
               236           4.19356           4.19356
               237           4.19356           4.19356
               238           4.19356           4.19356
               239           4.19356           4.19356
               240           4.19356           4.19356
               241           4.19356           4.19356
               242           4.19356           4.19356
               243           4.19356           4.19356
               244           4.19356           4.19356
               245           4.19356           4.19356
               246           4.19356           4.19356
               247           4.19356           4.19356
               248           4.19356           4.19356
               249           4.19356           4.19356
               250           4.19356           4.19356
               251           4.19356           4.19356
               252           4.19356           4.19356
               253           4.19356           4.19356
               254           4.19356           4.19356
               255           4.19356           4.19356
               256           4.19356           4.19356
               257           4.19356           4.19356
               258           4.19356           4.19356
               259           4.19356           4.19356
               260           4.19356           4.19356
               261           4.19356           4.19356
               262           4.19356           4.19356
               263           4.19356           4.19356
               264           4.19356           4.19356
               265           4.19356           4.19356
               266           4.19356           4.19356
               267           4.19356           4.19356
               268           4.19356           4.19356
               269           4.19356           4.19356
               270            4.0369           4.19293
               271           4.19356           4.19356
               272           4.19356           4.19356
               273           4.19356           4.19356
               274           4.19356           4.19356
               275           4.19356           4.19356
               276           4.19356           4.19356
               277           4.19356           4.19356
               278           4.19356           4.19356
               279           4.19356           4.19356
               280           4.19356           4.19356
               281           4.19356           4.19356
               282           4.01293           4.19283
               283           4.01293           4.19279
               284           4.01293           4.19283
               285           4.19356           4.19356
               286           4.19356           4.19356
               287           4.19356           4.19356
               288           4.19356           4.19356
               289           4.19356           4.19356
               290           4.19356           4.19356
               291           4.19356           4.19356
               292           4.19356           4.19356
               293           4.19356           4.19356
               294           4.19356           4.19356
               295           4.19356           4.19356
               296           4.19356           4.19356
               297           4.19356           4.19356
               298           4.19356           4.19356
               299           4.19356           4.19356
               300           4.01293           4.19283
               301           4.19356           4.19356
               302           4.19356           4.19356
               303           4.19356           4.19356
               304            3.9944           4.19276
               305           4.19356           4.19356
               306           4.19356           4.19356
               307           4.19356           4.19356
               308           4.19356           4.19356
               309           4.19356           4.19356
               310           4.19356           4.19356
               311           4.19356           4.19356
               312           4.19356           4.19356
               313           4.19356           4.19356
               314           4.19356           4.19356
               315           4.19356           4.19356
               316           4.19356           4.19356
               317           4.19356           4.19356
               318           4.19356           4.19356
               319           4.19356           4.19356
               320           4.19356           4.19356
               321           4.19356           4.19356
               322           4.19356           4.19356
               323           4.19356           4.19356
               324           4.19356           4.19356
               325           4.19356           4.19356
               326           4.19356           4.19356
               327           4.19356           4.19356
               328           4.19356           4.19356
               329           4.19356           4.19356
               330           4.19356           4.19356
               331           4.19356           4.19356
               332           4.19356           4.19356
               333           4.19356           4.19356
               334           4.19356           4.19356
               335           4.19356           4.19356
               336           4.19356           4.19356
               337           4.19356           4.19356
               338           4.19356           4.19356
               339           4.19356           4.19356
               340           4.19356           4.19356
               341           4.19356           4.19356
               342           4.19356           4.19356
               343           4.19356           4.19356
               344           4.18245           4.19351
               345           4.19356           4.19356
               346           4.01293           4.19283
               347           4.19356           4.19356
               348           4.19356           4.19356
               349           4.19356           4.19356
               350           4.19356           4.19356
               351           4.19356           4.19356
               352           4.19356           4.19356
               353           4.19356           4.19356
               354           4.19356           4.19356
               355           4.19356           4.19356
               356           4.19356           4.19356
               357           4.19356           4.19356
               358           4.19356           4.19356
               359           4.19356           4.19356
               360           4.19356           4.19356
               361           4.19356           4.19356
               362           4.19356           4.19356
               363           4.18245           4.19351
               364           4.19356           4.19356
               365           4.19356           4.19356
               366           4.19356           4.19356
               367           4.19356           4.19356
               368           4.19356           4.19356
               369           4.19356           4.19356
               370           4.19356           4.19356
               371           4.19356           4.19356
               372           4.19356           4.19356
               373           4.19356           4.19356
               374           4.19356           4.19356
               375           4.19356           4.19356
               376           4.19356           4.19356
               377           4.19356           4.19356
               378           4.19356           4.19356
               379           4.19356           4.19356
               380           4.19356           4.19356
               381           4.19356           4.19356
               382           4.18245           4.19351
               383           4.19356           4.19356
               384           4.19356           4.19356
               385           4.19356           4.19356
               386           4.19356           4.19356
               387           4.19356           4.19356
               388           4.19356           4.19356
               389           4.19356           4.19356
               390           4.19356           4.19356
               391           4.19356           4.19356
               392           4.19356           4.19356
               393           4.19356           4.19356
               394           4.19356           4.19356
               395           4.19356           4.19356
               396           4.19356           4.19356
               397           4.19356           4.19356
               398           4.19356           4.19356
               399           4.19356           4.19356
               400           4.19356           4.19356
               401           4.19356           4.19356
               402           4.19356           4.19356
               403           4.19356           4.19356
               404           4.19356           4.19356
               405           4.19356           4.19356
               406           4.19356           4.19356
               407           4.19356           4.19356
               408           4.19356           4.19356
               409           4.19356           4.19356
               410           4.19356           4.19356
               411           4.19356           4.19356
               412           4.19356           4.19356
               413           4.19356           4.19356
               414           4.18245           4.19351
               415           4.19356           4.19356
               416           4.19356           4.19356
               417           4.19356           4.19356
               418           4.19356           4.19356
               419           4.19356           4.19356
               420           4.19356           4.19356
               421           4.19356           4.19356
               422           4.19356           4.19356
               423           4.19356           4.19356
               424           4.19356           4.19356
               425           4.19356           4.19356
               426           4.19356           4.19356
               427           4.19356           4.19356
               428           4.19356           4.19356
               429           4.19356           4.19356
               430           4.19356           4.19356
               431           4.19356           4.19356
               432           4.18245           4.19351
               433           4.19356           4.19356
               434           4.19356           4.19356
               435           4.19356           4.19356
               436           4.19356           4.19356
               437           4.19356           4.19356
               438           4.19356           4.19356
               439           4.19356           4.19356
               440           4.19356           4.19356
               441           4.19356           4.19356
               442           4.19356           4.19356
               443           4.19356           4.19356
               444           4.19356           4.19356
               445           4.19356           4.19356
               446           4.19356           4.19356
               447           4.19356           4.19356
               448           4.19356           4.19356
               449           4.19356           4.19356
               450           4.19356           4.19356
               451           4.19356           4.19356
               452           4.19356           4.19356
               453           4.19356           4.19356
               454           4.19356           4.19356
               455           4.19356           4.19356
               456           4.19356           4.19356
               457           4.19356           4.19356
               458           4.19356           4.19356
               459           4.19356           4.19356
               460           4.19356           4.19356
               461           4.19356           4.19356
               462           4.19356           4.19356
               463           4.19356           4.19356
               464           4.19356           4.19356
               465           4.18245           4.19351
               466           4.19356           4.19356
               467           4.19356           4.19356
               468           4.19356           4.19356
               469           4.19356           4.19356
               470           4.19356           4.19356
               471           4.19356           4.19356
               472           4.19356           4.19356
               473            4.0369           4.19293
               474           4.19356           4.19356
               475           4.19356           4.19356
               476           4.19356           4.19356
               477           4.19356           4.19356
               478           4.19356           4.19356
               479           4.19356           4.19356
               480           4.19356           4.19356
               481           4.01293           4.19283
               482           4.01293           4.19283
               483           4.19356           4.19356
               484           4.19356           4.19356
               485           4.19356           4.19356
               486           4.19356           4.19356
               487           4.19356           4.19356
               488           4.19356           4.19356
               489           4.19356           4.19356
               490           4.19356           4.19356
               491           4.19356           4.19356
               492           4.19356           4.19356
               493           4.19356           4.19356
               494           4.19356           4.19356
               495           4.19356           4.19356
               496           4.19356           4.19356
               497           4.19356           4.19356
               498           4.19356           4.19356
               499           4.19356           4.19356
               500           4.19356           4.19356
               501           4.19356           4.19356
               502           4.19356           4.19356
               503           4.19356           4.19356
               504           4.19356           4.19356
               505           4.19356           4.19356
               506           4.19356           4.19356
               507           4.19356           4.19356
               508           4.19356           4.19356
               509           4.19356           4.19356
               510           4.19356           4.19356
               511           4.19356           4.19356
               512           4.19356           4.19356
               513           4.19356           4.19356
               514           4.19356           4.19356
               515           4.19356           4.19356
               516           4.19356           4.19356
               517           4.19356           4.19356
               518           4.19356           4.19356
               519           4.19356           4.19356
               520           4.19356           4.19356
               521           4.19356           4.19356
               522           4.19356           4.19356
               523           4.19356           4.19356
               524           4.19356           4.19356
               525           4.19356           4.19356
               526           4.19356           4.19356
               527           4.19356           4.19356
               528           4.19356           4.19356
               529           4.19356           4.19356
               530           4.19356           4.19356
               531           4.19356           4.19356
               532           4.19356           4.19356
               533           4.19356           4.19356
               534           4.19356           4.19356
               535           4.19356           4.19356
               536           4.19356           4.19356
               537           4.19356           4.19356
               538           4.19356           4.19356
               539           4.19356           4.19356
               540           4.19356           4.19356
               541           4.19356           4.19356
               542           4.19356           4.19356
               543           4.19356           4.19356
               544           4.19356           4.19356
               545           4.01293           4.19283
               546           4.19356           4.19356
               547           4.19356           4.19356
               548           4.19356           4.19356
               549           4.19356           4.19356
               550           4.19356           4.19356
               551           4.19356           4.19356
               552           4.19356           4.19356
               553           4.19356           4.19356
               554           4.19356           4.19356
               555           4.19356           4.19356
               556           4.19356           4.19356
               557           4.19356           4.19356
               558           4.19356           4.19356
               559           4.19356           4.19356
               560           4.19356           4.19356
               561           4.19356           4.19356
               562           4.19356           4.19356
               563           4.19356           4.19356
               564           4.19356           4.19356
               565           4.19356           4.19356
               566           4.19356           4.19356
               567           4.19356           4.19356
               568           4.19356           4.19356
               569           4.19356           4.19356
               570           4.19356           4.19356
               571           4.19356           4.19356
               572           4.19356           4.19356
               573           4.19356           4.19356
               574           4.19356           4.19356
               575           4.19356           4.19356
               576           4.19356           4.19356
               577           4.19356           4.19356
               578           4.19356           4.19356
               579           4.19356           4.19356
               580           4.19356           4.19356
               581           4.19356           4.19356
               582           4.19356           4.19356
               583           4.18245           4.19351
               584           4.19356           4.19356
               585           4.19356           4.19356
               586           4.19356           4.19356
               587              3.99           4.19274
               588           4.19356           4.19356
               589           4.19356           4.19356
               590           4.19356           4.19356
               591           4.19356           4.19356
               592           4.19356           4.19356
               593           4.19356           4.19356
               594           4.19356           4.19356
               595           4.19356           4.19356
               596           4.19356           4.19356
               597           4.19356           4.19356
               598           4.19356           4.19356
               599           4.19356           4.19356
               600           4.19356           4.19356
               601           4.19356           4.19356
               602           4.19356           4.19356
               603           4.19356           4.19356
               604           4.19356           4.19356
               605           4.19356           4.19356
               606           4.19356           4.19356
               607           4.19356           4.19356
               608           4.19356           4.19356
               609           4.19356           4.19356
               610            3.9944           4.19276
               611           4.19356           4.19356
               612           4.19356           4.19356
               613           4.19356           4.19356
               614           4.19356           4.19356
               615           4.19356           4.19356
               616           4.19356           4.19356
               617           4.19356           4.19356
               618           4.19356           4.19356
               619           4.19356           4.19356
               620           4.19356           4.19356
               621           4.19356           4.19356
               622           4.19356           4.19356
               623           4.19356           4.19356
               624           4.19356           4.19356
               625           4.19356           4.19356
               626           4.19356           4.19356
               627           4.19356           4.19356
               628           4.19356           4.19356
               629           4.19356           4.19356
               630           4.19356           4.19356
               631           4.19356           4.19356
               632           4.19356           4.19356
               633           4.19356           4.19356
               634           4.19356           4.19356
               635           4.19356           4.19356
               636           4.19356           4.19356
               637           4.19356           4.19356
               638           4.19356           4.19356
               639           4.19356           4.19356
               640            4.0369           4.19293
               641            4.0369           4.19293
               642           4.19356           4.19356
               643           4.19356           4.19356
               644           4.19356           4.19356
               645           4.19356           4.19356
               646           4.19356           4.19356
               647           4.19356           4.19356
               648           4.19356           4.19356
               649           4.19356           4.19356
               650           4.19356           4.19356
               651           4.19356           4.19356
               652           4.19356           4.19356
               653            4.0369           4.19293
               654           4.19356           4.19356
               655           4.19356           4.19356
               656           4.19356           4.19356
               657           4.19356           4.19356
               658           4.19356           4.19356
               659           4.19356           4.19356
               660           4.19356           4.19356
               661           4.19356           4.19356
               662           4.19356           4.19356
               663           4.19356           4.19356
               664           4.18245           4.19351
               665           4.19356           4.19356
               666           4.19356           4.19356
               667           4.19356           4.19356
               668           4.19356           4.19356
               669           4.19356           4.19356
               670           4.19356           4.19356
               671           4.19356           4.19356
               672           4.19356           4.19356
               673           4.19356           4.19356
               674           4.19356           4.19356
               675           4.19356           4.19356
               676           4.19356           4.19356
               677           4.19356           4.19356
               678           4.19356           4.19356
               679           4.19356           4.19356
               680           4.19356           4.19356
               681           4.19356           4.19356
               682           4.19356           4.19356
               683           4.19356           4.19356
               684           4.19356           4.19356
               685           4.19356           4.19356
               686           4.19356           4.19356
               687           4.19356           4.19356
               688           4.19356           4.19356
               689           4.19356           4.19356
               690           4.19356           4.19356
               691           4.19356           4.19356
               692           4.19356           4.19356
               693           4.19356           4.19356
               694           4.19356           4.19356
               695           4.19356           4.19356
               696           4.19356           4.19356
               697           4.19356           4.19356
               698           4.19356           4.19356
               699           4.19356           4.19356
               700           4.19356           4.19356
               701           4.18245           4.19351
               702           4.19356           4.19356
               703           4.19356           4.19356
               704           4.19356           4.19356
               705           4.19356           4.19356
               706           4.19356           4.19356
               707           4.19356           4.19356
               708           4.19356           4.19356
               709           4.19356           4.19356
               710           4.19356           4.19356
               711           4.19356           4.19356
               712           4.19356           4.19356
               713           4.19356           4.19356
               714           4.19356           4.19356
               715           4.19356           4.19356
               716           4.19356           4.19356
               717           4.19356           4.19356
               718           4.19356           4.19356
               719           4.19356           4.19356
               720           4.19356           4.19356
               721           4.19356           4.19356
               722           4.19356           4.19356
               723           4.18245           4.19351
               724           4.01293           4.19283
               725           4.01293           4.19283
               726           4.19356           4.19356
               727           4.19356           4.19356
               728           4.18245           4.19351
               729            3.9944           4.19271
               730           4.18245           4.19351
               731           4.18245           4.19351
               732           4.19356           4.19356
               733           4.19356           4.19356
               734           4.18245           4.19351
               735            3.9944           4.19276
               736            3.9944           4.19276
               737           4.19356           4.19356
               738           4.19356           4.19356
               739           4.19356           4.19356
               740           4.19356           4.19356
               741           4.19356           4.19356
               742           4.19356           4.19356
               743           4.19356           4.19356
               744           4.19356           4.19356
               745           4.19356           4.19356
               746           4.19356           4.19356
               747           4.19356           4.19356
               748           4.19356           4.19356
               749           4.19356           4.19356
               750           4.19356           4.19356
               751           4.19356           4.19356
               752           4.19356           4.19356
               753           4.19356           4.19356
               754           4.19356           4.19356
               755           4.19356           4.19356
               756           4.19356           4.19356
               757           4.19356           4.19356
               758           4.19356           4.19356
               759           4.19356           4.19356
               760           4.19356           4.19356
               761           4.19356           4.19356
               762           4.19356           4.19356
               763           4.19356           4.19356
               764           4.19356           4.19356
               765           4.19356           4.19356
               766           4.19356           4.19356
               767           4.19356           4.19356
               768           4.19356           4.19356
               769           4.19356           4.19356
               770           4.19356           4.19356
               771           4.19356           4.19356
               772           4.19356           4.19356
               773           4.19356           4.19356
               774           4.19356           4.19356
               775           4.19356           4.19356
               776           4.19356           4.19356
               777           4.19356           4.19356
               778           4.19356           4.19356
               779           4.19356           4.19356
               780           4.19356           4.19356
               781           4.19356           4.19356
               782           4.19356           4.19356
               783           4.19356           4.19356
               784           4.19356           4.19356
               785           4.19356           4.19356
               786           4.19356           4.19356
               787           4.19356           4.19356
               788           4.19356           4.19356
               789           4.19356           4.19356
               790           4.19356           4.19356
               791           4.19356           4.19356
               792           4.19356           4.19356
               793           4.19356           4.19356
               794           4.19356           4.19356
               795           4.19356           4.19356
               796           4.19356           4.19356
               797           4.19356           4.19356
               798           4.19356           4.19356
               799           4.01293           4.19283
               800           4.01293           4.19283
               801           4.19356           4.19356
               802           4.19356           4.19356
               803           4.19356           4.19356
               804           4.19356           4.19356
               805           4.19356           4.19356
               806           4.19356           4.19356
               807           4.19356           4.19356
               808           4.19356           4.19356
               809           4.19356           4.19356
               810           4.19356           4.19356
               811           4.19356           4.19356
               812           4.19356           4.19356
               813           4.19356           4.19356
               814           4.19356           4.19356
               815           4.19356           4.19356
               816           4.19356           4.19356
               817           4.19356           4.19356
               818           4.19356           4.19356
               819           4.19356           4.19356
               820           4.19356           4.19356
               821           4.19356           4.19356
               822           4.01293           4.19283
               823           4.01293           4.19283
               824           4.19356           4.19356
               825           4.19356           4.19356
               826           4.19356           4.19356
               827           4.19356           4.19356
               828           4.19356           4.19356
               829           4.19356           4.19356
               830           4.19356           4.19356
               831           4.19356           4.19356
               832           4.19356           4.19356
               833           4.19356           4.19356
               834           4.19356           4.19356
               835           4.19356           4.19356
               836           4.19356           4.19356
               837           4.19356           4.19356
               838           4.19356           4.19356
               839           4.19356           4.19356
               840           4.19356           4.19356
               841           4.19356           4.19356
               842           4.19356           4.19356
               843           4.19356           4.19356
               844           4.19356           4.19356
               845           4.19356           4.19356
               846           4.19356           4.19356
               847           4.19356           4.19356
               848           4.19356           4.19356
               849           4.19356           4.19356
               850           4.19356           4.19356
               851           4.19356           4.19356
               852           4.19356           4.19356
               853           4.19356           4.19356
               854           4.19356           4.19356
               855           4.19356           4.19356
               856           4.19356           4.19356
               857           4.19356           4.19356
               858           4.19356           4.19356
               859           4.19356           4.19356
               860           4.19356           4.19356
               861           4.19356           4.19356
               862           4.19356           4.19356
               863           4.19356           4.19356
               864           4.19356           4.19356
               865           4.19356           4.19356
               866           4.19356           4.19356
               867           4.18245           4.19351
               868           4.19356           4.19356
               869           4.19356           4.19356
               870           4.19356           4.19356
               871           4.01293           4.19211
               872           4.01293           4.19211
               873           4.19356           4.19356
               874           4.19356           4.19356
               875           4.19356           4.19356
               876           4.19356           4.19356
               877           4.19356           4.19356
               878           4.19356           4.19356
               879           4.19356           4.19356
               880           4.19356           4.19356
               881           4.19356           4.19356
               882           4.19356           4.19356
               883           4.19356           4.19356
               884           4.19356           4.19356
               885           4.19356           4.19356
               886           4.19356           4.19356
               887           4.19356           4.19356
               888           4.19356           4.19356
               889           4.19356           4.19356
               890           4.19356           4.19356
               891           4.19356           4.19356
               892           4.19356           4.19356
               893           4.19356           4.19356
               894           4.19356           4.19356
               895           4.18245           4.19351
               896           4.01293           4.19283
               897           4.01293           4.19211
               898           4.01293           4.19139
               899           4.01293           4.19067
               900           4.01293           4.19139
               901           4.19356           4.19356
               902           4.19356           4.19356
               903           4.19356           4.19356
               904           4.19356           4.19356
               905           4.19356           4.19356
               906           4.19356           4.19356
               907           4.19356           4.19356
               908           4.19356           4.19356
               909           4.01293           4.19283
               910           4.01293           4.19283
               911           4.13083            4.1933
               912           4.13083            4.1933
               913           4.13083           4.19305
               914           4.19356           4.19356
               915           4.19356           4.19356
               916           4.19356           4.19356
               917           4.19356           4.19356
               918           4.19356           4.19356
               919           4.19356           4.19356
               920           4.19356           4.19356
               921           4.19356           4.19356
               922           4.19356           4.19356
               923           4.19356           4.19356
               924           4.19356           4.19356
               925           4.19356           4.19356
               926           4.19356           4.19356
               927           4.19356           4.19356
               928           4.19356           4.19356
               929           4.19356           4.19356
               930           4.19356           4.19356
               931           4.19356           4.19356
               932           4.19356           4.19356
               933           4.19356           4.19356
               934           4.19356           4.19356
               935           4.19356           4.19356
               936           4.19356           4.19356
               937           4.19356           4.19356
               938           4.18245           4.19351
               939           4.19356           4.19356
               940           4.19356           4.19356
               941           4.19356           4.19356
               942           4.19356           4.19356
               943           4.19356           4.19356
               944           4.19356           4.19356
               945           4.19356           4.19356
               946           4.19356           4.19356
               947           4.19356           4.19356
               948           4.19356           4.19356
               949           4.19356           4.19356
               950           4.19356           4.19356
               951           4.19356           4.19356
               952           4.19356           4.19356
               953           4.19356           4.19356
               954           4.19356           4.19356
               955           4.19356           4.19356
               956           4.19356           4.19356
               957           4.19356           4.19356
               958           4.19356           4.19356
               959           4.19356           4.19356
               960           4.19356           4.19356
               961           4.19356           4.19356
               962           4.19356           4.19356
               963           4.19356           4.19356
               964           4.19356           4.19356
               965           4.19356           4.19356
               966           4.19356           4.19356
               967           4.19356           4.19356
               968           4.19356           4.19356
               969           4.19356           4.19356
               970           4.19356           4.19356
               971            3.9944           4.19276
               972           4.19356           4.19356
               973           4.19356           4.19356
               974           4.19356           4.19356
               975           4.19356           4.19356
               976           4.19356           4.19356
               977           4.19356           4.19356
               978           4.19356           4.19356
               979           4.19356           4.19356
               980           4.19356           4.19356
               981           4.19356           4.19356
               982           4.19356           4.19356
               983           4.19356           4.19356
               984           4.19356           4.19356
               985           4.19356           4.19356
               986           4.19356           4.19356
               987           4.19356           4.19356
               988           4.19356           4.19356
               989           4.19356           4.19356
               990           4.19356           4.19356
               991           4.19356           4.19356
               992           4.19356           4.19356
               993           4.19356           4.19356
               994           4.19356           4.19356
               995           4.19356           4.19356
               996           4.19356           4.19356
               997           4.19356           4.19356
               998           4.19356           4.19356
               999           4.19356           4.19356
     0    31     8     2    29    14    27    22    24     4    26     1    16    25     6    12     3     9    23    18    15    10    21    19    28    17    30    11    13    20     7     5
