10000 1.57191 0 1.48922 0 5.05374 0 5.01836 0
20000 1.52754 0.0443629 1.46285 0.0263728 5.00169 0.052046 4.96696 0.0513958
30000 1.53731 0.0274109 1.48779 0.029219 5.01611 0.0333301 4.98345 0.0339446
40000 1.52283 0.0241901 1.48572 0.020764 4.97375 0.0484773 4.95514 0.0371131
50000 1.53837 0.0243396 1.49366 0.0179363 5.01713 0.0573746 4.97804 0.0367556
60000 1.53949 0.0199049 1.50179 0.0167482 5.02878 0.0482735 4.99907 0.0366439
70000 1.52812 0.0203036 1.50446 0.014404 5.02336 0.041157 4.99878 0.0309711
80000 1.53075 0.0177785 1.50745 0.0128281 5.02045 0.0357618 4.9958 0.0269874
90000 1.52137 0.0182717 1.50896 0.0114144 4.98894 0.0445816 5.01572 0.0310385
100000 1.51915 0.0164921 1.50148 0.0126572 4.98448 0.0401239 5.00391 0.0301679
110000 1.51954 0.0149226 1.50182 0.0114538 4.98341 0.036309 5.00447 0.0272936
120000 1.51849 0.0136625 1.49707 0.0114814 4.98722 0.0333631 5.01063 0.0256664
130000 1.51447 0.0131945 1.49605 0.0106105 4.97451 0.0332178 5.00395 0.0245365
140000 1.50957 0.013162 1.49565 0.00983158 4.96922 0.0312054 4.99455 0.0245848
150000 1.50548 0.0129188 1.49533 0.00915859 4.95257 0.0334822 4.99562 0.0229119
160000 1.5054 0.0120847 1.49291 0.00890199 4.93884 0.0341972 4.99595 0.0214346
170000 1.50283 0.0116379 1.49142 0.00849373 4.94143 0.0322273 4.99692 0.0201579
180000 1.50365 0.0110029 1.4944 0.00854599 4.94604 0.0307319 4.99973 0.0192113
190000 1.50311 0.0104218 1.49327 0.00816273 4.94618 0.0290698 4.99964 0.0181723
200000 1.50293 0.00988867 1.49196 0.00785378 4.94706 0.0275919 4.99906 0.0172496
210000 1.50206 0.00944611 1.49531 0.00818804 4.95251 0.0268058 5.00766 0.0185276
220000 1.50311 0.00906736 1.49687 0.00796191 4.96002 0.0266389 5.00589 0.0177539
230000 1.50024 0.00912556 1.49663 0.00761186 4.95444 0.0260587 5.00753 0.0170435
240000 1.50081 0.00875567 1.4982 0.00745647 4.96152 0.0259349 5.00671 0.0163386
250000 1.50069 0.00839897 1.49783 0.00716176 4.96129 0.0248769 5.00298 0.0161088
260000 1.50164 0.00812426 1.5 0.00721467 4.9631 0.0239689 5.00181 0.0155212
270000 1.50105 0.00783921 1.49724 0.00747157 4.96594 0.0232384 4.99756 0.0155263
280000 1.50242 0.00767726 1.49612 0.00728547 4.96483 0.0224203 5.0001 0.0151752
290000 1.50411 0.00759798 1.49576 0.00703894 4.97381 0.0234214 4.9943 0.0157496
300000 1.50311 0.00740884 1.49344 0.00718592 4.97284 0.0226479 4.99184 0.0154139
310000 1.50275 0.00717484 1.49361 0.0069522 4.97256 0.021907 4.99716 0.0158318
320000 1.50465 0.0072028 1.49423 0.00675998 4.97998 0.0224735 4.99606 0.0153691
330000 1.50486 0.00698411 1.49408 0.00655359 4.9813 0.0218213 4.9964 0.0149001
340000 1.50421 0.00680596 1.49457 0.00637694 4.97961 0.0212368 4.9971 0.0144718
350000 1.50458 0.00661894 1.49518 0.00622197 4.98404 0.0210917 4.99797 0.0140794
360000 1.50454 0.00643256 1.4946 0.0060749 4.98542 0.0205436 4.99409 0.0142223
370000 1.50482 0.00626222 1.49603 0.0060809 4.98534 0.0199808 4.99828 0.0144531
380000 1.5032 0.00630628 1.49608 0.00591888 4.98491 0.0194526 4.99831 0.0140677
390000 1.50381 0.00617319 1.49675 0.00580352 4.98905 0.0193943 4.99576 0.0139376
400000 1.50271 0.00611668 1.49593 0.00571533 4.98316 0.0197996 4.99542 0.0135888
410000 1.50364 0.00603658 1.49641 0.00559508 4.98517 0.0194146 4.99434 0.0132971
420000 1.50333 0.00589886 1.49675 0.00547088 4.98633 0.0189825 4.99807 0.0135023
430000 1.50245 0.00582796 1.49685 0.00534297 4.98616 0.0185367 4.99807 0.0131846
440000 1.50142 0.00578513 1.49717 0.00522986 4.98562 0.0181182 5.00028 0.0130688
450000 1.50174 0.00566414 1.49743 0.00511912 4.98509 0.017719 4.99988 0.0127813
460000 1.50153 0.00554391 1.4988 0.00519056 4.98515 0.0173296 4.99968 0.0125019
470000 1.50208 0.00545253 1.49899 0.00508233 4.98366 0.0170221 4.99671 0.0125869
480000 1.50198 0.00533864 1.4988 0.0049787 4.98385 0.0166647 4.9946 0.0125028
490000 1.50272 0.00528114 1.49803 0.00493683 4.98535 0.0163898 4.99648 0.0123898
500000 1.50245 0.00518132 1.49824 0.00484157 4.98561 0.0160608 4.99675 0.0121424
510000 1.50268 0.00508352 1.49785 0.0047611 4.9878 0.0158948 4.99586 0.0119351
520000 1.50281 0.00498665 1.49859 0.00472573 4.98867 0.0156101 4.99583 0.0117033
530000 1.50267 0.00489383 1.49899 0.00465308 4.98968 0.0153464 4.99284 0.0118626
540000 1.50231 0.00481521 1.49867 0.00457688 4.98986 0.0150605 4.99287 0.0116409
550000 1.502 0.00473726 1.49829 0.00450907 4.98955 0.0147874 4.99175 0.0114815
560000 1.50286 0.00473105 1.49751 0.004497 4.99295 0.0149143 4.98957 0.0114839
570000 1.50288 0.00464736 1.4978 0.00442686 4.99227 0.0146665 4.99017 0.0112968
580000 1.50356 0.0046155 1.49693 0.00443619 4.99296 0.0144282 4.98972 0.0111096
590000 1.50443 0.00461963 1.49664 0.00436998 4.99175 0.0142337 4.98988 0.0109208
600000 1.50527 0.00461888 1.496 0.00434314 4.99499 0.0143658 4.9879 0.0109174
610000 1.505 0.00455033 1.49551 0.00429981 4.99338 0.0142201 4.988 0.0107374
620000 1.50551 0.00450488 1.49611 0.00427228 4.99125 0.0141504 4.99047 0.0108477
630000 1.50497 0.00446484 1.49674 0.00425134 4.9905 0.0139439 4.99036 0.0106747
640000 1.50508 0.00439589 1.49648 0.00419267 4.98918 0.0137876 4.9878 0.0108133
650000 1.50481 0.0043364 1.49675 0.00413674 4.98876 0.0135802 4.98701 0.0106753
660000 1.50393 0.00435916 1.49714 0.00409217 4.98758 0.0134248 4.98786 0.0105465
670000 1.50333 0.00433626 1.49668 0.00405714 4.98499 0.013475 4.98632 0.0105011
680000 1.50376 0.00429409 1.49616 0.00403083 4.98659 0.0133719 4.98434 0.010533
690000 1.50357 0.0042355 1.49548 0.00402957 4.98671 0.0131772 4.9831 0.010453
700000 1.50324 0.00418808 1.49545 0.00397168 4.9875 0.0130116 4.98344 0.0103081
710000 1.50275 0.00415703 1.49523 0.00392172 4.98695 0.0128386 4.9832 0.0101647
720000 1.5016 0.00425705 1.49516 0.00386741 4.98676 0.0126606 4.98389 0.0100464
730000 1.50169 0.00419915 1.49547 0.00382671 4.98459 0.0126737 4.98452 0.00992736
740000 1.50067 0.00426572 1.49626 0.00385628 4.98411 0.0125104 4.98463 0.009793
750000 1.50029 0.00422534 1.49535 0.00391213 4.98344 0.0123606 4.98306 0.00978818
760000 1.49904 0.0043511 1.49601 0.00391679 4.98089 0.0124605 4.98406 0.00971001
770000 1.49958 0.0043279 1.49581 0.00387119 4.98094 0.0122977 4.98518 0.00964734
780000 1.50005 0.00429767 1.49703 0.0040134 4.98269 0.0122645 4.98977 0.0105752
790000 1.49966 0.00426052 1.49711 0.00396293 4.982 0.0121278 4.99026 0.0104517
800000 1.50026 0.00424951 1.49725 0.00391568 4.98259 0.01199 4.9916 0.0104068
810000 1.50015 0.00419833 1.49703 0.00387333 4.98252 0.0118413 4.99078 0.0103103
820000 1.50048 0.0041601 1.49747 0.00385157 4.98401 0.0117912 4.99381 0.0106254
830000 1.5002 0.00411928 1.49801 0.0038433 4.98312 0.0116828 4.99381 0.0104966
840000 1.50004 0.00407303 1.49796 0.00379763 4.98277 0.0115482 4.99453 0.0103957
850000 1.50037 0.00403803 1.49714 0.003842 4.98431 0.0115152 4.99496 0.0102817
860000 1.50008 0.00400144 1.49766 0.00383284 4.98424 0.0113807 4.99643 0.0102679
870000 1.50023 0.00395834 1.49811 0.00381456 4.98469 0.0112582 4.99665 0.0101515
880000 1.49928 0.00402873 1.49788 0.00377749 4.9842 0.0111403 4.99753 0.0100741
890000 1.49983 0.00402112 1.49798 0.00373603 4.98489 0.0110364 4.99626 0.0100416
900000 1.50003 0.00398163 1.49754 0.00372009 4.98478 0.0109136 4.99534 0.00997203
910000 1.50002 0.00393766 1.49727 0.003689 4.98465 0.0107938 4.99584 0.00987459
920000 1.49992 0.00389592 1.49767 0.00367033 4.98489 0.0106786 4.99757 0.00991892
930000 1.50066 0.00392475 1.49731 0.00364805 4.98611 0.0106331 4.9976 0.00981172
940000 1.50009 0.00392535 1.49714 0.00361319 4.98451 0.0106404 4.99727 0.00971235
950000 1.49999 0.00388504 1.49751 0.00359423 4.98464 0.0105286 4.99571 0.0097351
960000 1.49968 0.00385711 1.49717 0.00357327 4.98371 0.0104592 4.9962 0.00964556
970000 1.49994 0.0038262 1.49709 0.00353713 4.98326 0.0103606 4.99679 0.00956398
980000 1.50015 0.00379298 1.49665 0.00352795 4.98364 0.0102615 4.99564 0.00953603
990000 1.50029 0.00375702 1.49677 0.0034942 4.98394 0.0101616 4.99534 0.00944379
1000000 1.49999 0.00373148 1.49736 0.00350821 4.98291 0.0101121 4.99704 0.00950155
