          ntotiter
              1000
             Niter        Best_route     Elite_average
                 0           42.7393            55.624
                 1           37.7592           42.7047
                 2           33.2889           37.7277
                 3           30.5765           33.2749
                 4           30.4409           30.5757
                 5           26.3058           30.4135
                 6           25.7062           26.3031
                 7           25.6811            25.706
                 8           25.6811           25.6811
                 9           25.6811           25.6811
                10           24.9051            25.678
                11           24.6177            24.904
                12           23.7193           24.6141
                13            23.173           23.7171
                14           22.4768           23.1673
                15           22.4768           22.4768
                16           21.3823           22.4725
                17           16.5793           21.3631
                18           16.5793           16.5793
                19           16.5793           16.5793
                20           15.8836           16.5738
                21           15.8836           15.8836
                22           14.1659            15.873
                23           14.1659           14.1659
                24           14.1659           14.1659
                25           14.1659           14.1659
                26           14.1659           14.1659
                27           13.3123           14.1607
                28           13.3123           13.3123
                29           13.0325            13.311
                30           13.0325           13.0325
                31           13.0325           13.0325
                32           13.0325           13.0325
                33           12.7644           13.0314
                34           12.7644           12.7644
                35           12.7644           12.7644
                36           12.7644           12.7644
                37           12.5404           12.7635
                38           12.2771           12.5394
                39           12.1005           12.2764
                40           11.9697              12.1
                41           11.9697           11.9697
                42           11.9697           11.9697
                43           11.9697           11.9697
                44           11.8402           11.9692
                45           11.8402           11.8402
                46           11.8112           11.8401
                47           11.8112           11.8112
                48           11.8112           11.8112
                49           11.2413           11.8089
                50           11.2413           11.2413
                51           11.2413           11.2413
                52           11.2413           11.2413
                53           11.2413           11.2413
                54           11.2413           11.2413
                55           7.21689           11.2252
                56           7.21689           7.21689
                57           7.10709           7.21645
                58           6.76174           7.10571
                59           6.76174           6.76174
                60           6.76174           6.76174
                61           6.76174           6.76174
                62           6.76174           6.76174
                63           6.76174           6.76174
                64           6.74616           6.76168
                65           6.74616           6.74616
                66           5.95705           6.74301
                67           5.95705           5.95705
                68            5.9453             5.957
                69           5.88825           5.94508
                70           5.88825           5.88825
                71           5.88825           5.88825
                72           5.88825           5.88825
                73           5.88825           5.88825
                74           5.88825           5.88825
                75           5.88825           5.88825
                76           5.88825           5.88825
                77           5.88825           5.88825
                78           5.88825           5.88825
                79           5.82902             5.888
                80           5.82902           5.82902
                81           5.24162           5.82668
                82           5.24162           5.24162
                83           5.24162           5.24162
                84           5.24162           5.24162
                85           5.24162           5.24162
                86           5.23601            5.2416
                87           5.23601           5.23601
                88           5.23601           5.23601
                89           5.00627           5.23509
                90           5.00627           5.00627
                91           5.00627           5.00627
                92           5.00627           5.00627
                93           5.00627           5.00627
                94           5.00627           5.00627
                95           5.00627           5.00627
                96           5.00627           5.00627
                97           5.00627           5.00627
                98           5.00627           5.00627
                99           5.00627           5.00627
               100           5.00627           5.00627
               101           5.00627           5.00627
               102           5.00627           5.00627
               103           5.00627           5.00627
               104           5.00627           5.00627
               105           5.00627           5.00627
               106           5.00627           5.00627
               107           5.00627           5.00627
               108           5.00627           5.00627
               109           5.00627           5.00627
               110           5.00627           5.00627
               111           5.00627           5.00627
               112           5.00627           5.00627
               113           5.00627           5.00627
               114           5.00627           5.00627
               115           5.00627           5.00627
               116           4.99727           5.00624
               117           4.99727           4.99727
               118           3.64487           4.99186
               119           3.64487           3.64487
               120           3.54762           3.64448
               121           3.54762           3.54762
               122           3.54762           3.54762
               123           3.54762           3.54762
               124           3.54762           3.54762
               125           3.54762           3.54762
               126           3.54762           3.54762
               127           3.54762           3.54762
               128           3.54762           3.54762
               129           3.53713           3.54758
               130           3.36664           3.53645
               131            3.1466           3.36576
               132            3.1466            3.1466
               133           3.08223           3.14634
               134           3.08223           3.08223
               135           3.08223           3.08223
               136           3.08223           3.08223
               137           3.08223           3.08223
               138           3.08223           3.08223
               139           3.08223           3.08223
               140           3.08223           3.08223
               141           3.08223           3.08223
               142           3.08223           3.08223
               143           3.08223           3.08223
               144           3.08223           3.08223
               145           3.08223           3.08223
               146           3.08223           3.08223
               147           3.08223           3.08223
               148           3.08223           3.08223
               149           3.08223           3.08223
               150           3.08223           3.08223
               151           3.08223           3.08223
               152           3.08223           3.08223
               153           3.08223           3.08223
               154           3.08223           3.08223
               155           3.08223           3.08223
               156           3.08223           3.08223
               157           3.08223           3.08223
               158           3.08223           3.08223
               159           3.08223           3.08223
               160           3.08223           3.08223
               161           3.08223           3.08223
               162           2.93934           3.08166
               163           2.93934           2.93934
               164           2.92286           2.93927
               165           2.80443           2.92239
               166           2.80443           2.80443
               167           2.80443           2.80443
               168           2.80443           2.80443
               169           2.80443           2.80443
               170           2.80443           2.80443
               171           2.80443           2.80443
               172           2.80443           2.80443
               173           2.80443           2.80443
               174           2.80443           2.80443
               175           2.80443           2.80443
               176           2.80036           2.80441
               177           2.80036           2.80036
               178           2.80036           2.80036
               179           2.80036           2.80036
               180           2.80036           2.80036
               181           2.80036           2.80036
               182           2.80036           2.80036
               183           2.80036           2.80036
               184           2.80036           2.80036
               185           2.80036           2.80036
               186           2.80036           2.80036
               187           2.80036           2.80036
               188           2.80036           2.80036
               189           2.80036           2.80036
               190           2.80036           2.80036
               191           2.80036           2.80036
               192           2.80036           2.80036
               193           2.80036           2.80036
               194           2.80036           2.80036
               195           2.80036           2.80036
               196           2.80036           2.80036
               197           2.80036           2.80036
               198           2.80036           2.80036
               199           2.80036           2.80036
               200           2.80036           2.80036
               201           2.80036           2.80036
               202           2.80036           2.80036
               203           2.80036           2.80036
               204           2.79813           2.80036
               205           2.79813           2.79813
               206           2.79813           2.79813
               207           2.79813           2.79813
               208           2.79813           2.79813
               209           2.79813           2.79813
               210           2.79813           2.79813
               211           2.79813           2.79813
               212           2.79813           2.79813
               213           2.79813           2.79813
               214           2.79813           2.79813
               215            2.7282           2.79785
               216            2.7282            2.7282
               217           2.59885           2.72768
               218           2.59885           2.59885
               219           2.59885           2.59885
               220           2.59885           2.59885
               221           2.59885           2.59885
               222           2.59885           2.59885
               223           2.59885           2.59885
               224           2.59885           2.59885
               225           2.59885           2.59885
               226           2.59885           2.59885
               227           2.59885           2.59885
               228           2.59885           2.59885
               229           2.59885           2.59885
               230           2.59885           2.59885
               231           2.59885           2.59885
               232           2.59885           2.59885
               233           2.59885           2.59885
               234           2.59885           2.59885
               235           2.59885           2.59885
               236           2.59885           2.59885
               237           2.59885           2.59885
               238           2.59885           2.59885
               239           2.59885           2.59885
               240           2.59885           2.59885
               241           2.59885           2.59885
               242           2.59885           2.59885
               243           2.59885           2.59885
               244           2.59885           2.59885
               245           2.59885           2.59885
               246           2.59885           2.59885
               247           2.59885           2.59885
               248           2.59885           2.59885
               249           2.58237           2.59878
               250           2.58237           2.58237
               251           2.58237           2.58237
               252           2.58237           2.58237
               253           2.58237           2.58237
               254           2.58237           2.58237
               255           2.58237           2.58237
               256           2.58237           2.58237
               257           2.58237           2.58237
               258           2.58237           2.58237
               259           2.58237           2.58237
               260           2.58237           2.58237
               261           2.58237           2.58237
               262           2.58237           2.58237
               263           2.58237           2.58237
               264           2.58237           2.58237
               265           2.58237           2.58237
               266           2.58237           2.58237
               267           2.58237           2.58237
               268           2.58237           2.58237
               269           2.58237           2.58237
               270           2.58237           2.58237
               271           2.58237           2.58237
               272           2.58237           2.58237
               273           2.58237           2.58237
               274           2.58237           2.58237
               275           2.58237           2.58237
               276           2.58237           2.58237
               277           2.58237           2.58237
               278           2.58237           2.58237
               279           2.58237           2.58237
               280           2.58237           2.58237
               281           2.58237           2.58237
               282           2.58237           2.58237
               283           2.58237           2.58237
               284           2.58237           2.58237
               285           2.58237           2.58237
               286           2.58237           2.58237
               287           2.58237           2.58237
               288           2.58237           2.58237
               289           2.58237           2.58237
               290           2.58237           2.58237
               291           2.58237           2.58237
               292           2.58237           2.58237
               293           2.58237           2.58237
               294           2.58237           2.58237
               295           2.58237           2.58237
               296           2.58237           2.58237
               297           2.58237           2.58237
               298           2.58237           2.58237
               299           2.58237           2.58237
               300           2.58237           2.58237
               301           2.58237           2.58237
               302           2.58237           2.58237
               303           2.58237           2.58237
               304           2.58237           2.58237
               305           2.58237           2.58237
               306           2.58237           2.58237
               307           2.58237           2.58237
               308           2.58237           2.58237
               309           2.58237           2.58237
               310           2.58237           2.58237
               311           2.58237           2.58237
               312           2.58237           2.58237
               313           2.58237           2.58237
               314           2.58237           2.58237
               315           2.58237           2.58237
               316           2.58237           2.58237
               317           2.58237           2.58237
               318           2.58237           2.58237
               319           2.58237           2.58237
               320           2.58237           2.58237
               321           2.58237           2.58237
               322           2.58237           2.58237
               323           2.58237           2.58237
               324           2.58237           2.58237
               325           2.58237           2.58237
               326           2.58237           2.58237
               327           2.58237           2.58237
               328           2.58237           2.58237
               329           2.58237           2.58237
               330           2.58237           2.58237
               331           2.58237           2.58237
               332           2.58237           2.58237
               333           2.58237           2.58237
               334           2.58237           2.58237
               335           2.58237           2.58237
               336           2.58237           2.58237
               337           2.58237           2.58237
               338           2.58237           2.58237
               339           2.58237           2.58237
               340           2.58237           2.58237
               341           2.58237           2.58237
               342           2.58237           2.58237
               343           2.58237           2.58237
               344           2.58237           2.58237
               345           2.58237           2.58237
               346           2.58237           2.58237
               347           2.58237           2.58237
               348           2.58237           2.58237
               349           2.58237           2.58237
               350           2.58237           2.58237
               351           2.58237           2.58237
               352           2.58237           2.58237
               353           2.58237           2.58237
               354           2.58237           2.58237
               355           2.58237           2.58237
               356           2.58237           2.58237
               357           2.58237           2.58237
               358           2.58237           2.58237
               359           2.58237           2.58237
               360           2.58237           2.58237
               361           2.58237           2.58237
               362           2.58237           2.58237
               363           2.58237           2.58237
               364           2.58237           2.58237
               365           2.58237           2.58237
               366           2.58237           2.58237
               367           2.58237           2.58237
               368           2.58237           2.58237
               369           2.58237           2.58237
               370           2.58237           2.58237
               371           2.58237           2.58237
               372           2.58237           2.58237
               373           2.58237           2.58237
               374           2.58237           2.58237
               375           2.58237           2.58237
               376           2.58237           2.58237
               377           2.58237           2.58237
               378           2.58237           2.58237
               379           2.58237           2.58237
               380           2.58237           2.58237
               381           2.58237           2.58237
               382           2.58237           2.58237
               383           2.58237           2.58237
               384           2.58237           2.58237
               385           2.58237           2.58237
               386           2.58237           2.58237
               387           2.58237           2.58237
               388           2.58237           2.58237
               389           2.58237           2.58237
               390           2.58237           2.58237
               391           2.58237           2.58237
               392           2.58237           2.58237
               393           2.58237           2.58237
               394           2.58237           2.58237
               395           2.58237           2.58237
               396           2.58237           2.58237
               397           2.58237           2.58237
               398           2.58237           2.58237
               399           2.58237           2.58237
               400           2.58237           2.58237
               401           2.58237           2.58237
               402           2.58237           2.58237
               403           2.58237           2.58237
               404           2.58237           2.58237
               405           2.58237           2.58237
               406           2.58237           2.58237
               407           2.58237           2.58237
               408           2.58237           2.58237
               409           2.58237           2.58237
               410           2.58237           2.58237
               411           2.58237           2.58237
               412           2.58237           2.58237
               413           2.58237           2.58237
               414           2.58237           2.58237
               415           2.58237           2.58237
               416           2.58237           2.58237
               417           2.58237           2.58237
               418           2.58237           2.58237
               419           2.58237           2.58237
               420           2.58237           2.58237
               421           2.58237           2.58237
               422           2.58237           2.58237
               423           2.58237           2.58237
               424           2.58237           2.58237
               425           2.58237           2.58237
               426           2.58237           2.58237
               427           2.58237           2.58237
               428           2.58237           2.58237
               429           2.58237           2.58237
               430           2.58237           2.58237
               431           2.58237           2.58237
               432           2.58237           2.58237
               433           2.58237           2.58237
               434           2.58237           2.58237
               435           2.58237           2.58237
               436           2.58237           2.58237
               437           2.58237           2.58237
               438           2.58237           2.58237
               439           2.58237           2.58237
               440           2.58237           2.58237
               441           2.58237           2.58237
               442           2.58237           2.58237
               443           2.58237           2.58237
               444           2.58237           2.58237
               445           2.58237           2.58237
               446           2.58237           2.58237
               447           2.58237           2.58237
               448           2.58237           2.58237
               449           2.58237           2.58237
               450           2.58237           2.58237
               451           2.58237           2.58237
               452           2.58237           2.58237
               453           2.58237           2.58237
               454           2.58237           2.58237
               455           2.58237           2.58237
               456           2.58237           2.58237
               457           2.58237           2.58237
               458           2.58237           2.58237
               459           2.58237           2.58237
               460           2.58237           2.58237
               461           2.58237           2.58237
               462           2.58237           2.58237
               463           2.58237           2.58237
               464           2.58237           2.58237
               465           2.58237           2.58237
               466           2.58237           2.58237
               467           2.58237           2.58237
               468           2.58237           2.58237
               469           2.58237           2.58237
               470           2.58237           2.58237
               471           2.58237           2.58237
               472           2.58237           2.58237
               473           2.58237           2.58237
               474           2.58237           2.58237
               475           2.58237           2.58237
               476           2.58237           2.58237
               477           2.58237           2.58237
               478           2.58237           2.58237
               479           2.58237           2.58237
               480           2.58237           2.58237
               481           2.58237           2.58237
               482           2.58237           2.58237
               483           2.58237           2.58237
               484           2.58237           2.58237
               485           2.58237           2.58237
               486           2.58237           2.58237
               487           2.58237           2.58237
               488           2.58237           2.58237
               489           2.58237           2.58237
               490           2.58237           2.58237
               491           2.58237           2.58237
               492           2.58237           2.58237
               493           2.58237           2.58237
               494           2.58237           2.58237
               495           2.58237           2.58237
               496           2.58237           2.58237
               497           2.58237           2.58237
               498           2.58237           2.58237
               499           2.58237           2.58237
               500           2.58237           2.58237
               501           2.58237           2.58237
               502           2.58237           2.58237
               503           2.58237           2.58237
               504           2.58237           2.58237
               505           2.58237           2.58237
               506           2.58237           2.58237
               507           2.58237           2.58237
               508           2.58237           2.58237
               509           2.58237           2.58237
               510           2.58237           2.58237
               511           2.58237           2.58237
               512           2.58237           2.58237
               513           2.58237           2.58237
               514           2.58237           2.58237
               515           2.58237           2.58237
               516           2.58237           2.58237
               517           2.58237           2.58237
               518           2.58237           2.58237
               519           2.58237           2.58237
               520           2.58237           2.58237
               521           2.58237           2.58237
               522           2.58237           2.58237
               523           2.58237           2.58237
               524           2.58237           2.58237
               525           2.58237           2.58237
               526           2.58237           2.58237
               527           2.58237           2.58237
               528           2.58237           2.58237
               529           2.58237           2.58237
               530           2.58237           2.58237
               531           2.58237           2.58237
               532           2.58237           2.58237
               533           2.58237           2.58237
               534           2.58237           2.58237
               535           2.58237           2.58237
               536           2.58237           2.58237
               537           2.58237           2.58237
               538           2.58237           2.58237
               539           2.58237           2.58237
               540           2.58237           2.58237
               541           2.58237           2.58237
               542           2.58237           2.58237
               543           2.58237           2.58237
               544           2.58237           2.58237
               545           2.58237           2.58237
               546           2.58237           2.58237
               547           2.58237           2.58237
               548           2.58237           2.58237
               549           2.58237           2.58237
               550           2.58237           2.58237
               551           2.58237           2.58237
               552           2.58237           2.58237
               553           2.58237           2.58237
               554           2.58237           2.58237
               555           2.58237           2.58237
               556           2.58237           2.58237
               557           2.58237           2.58237
               558           2.58237           2.58237
               559           2.58237           2.58237
               560           2.58237           2.58237
               561           2.58237           2.58237
               562           2.58237           2.58237
               563           2.58237           2.58237
               564           2.58237           2.58237
               565           2.58237           2.58237
               566           2.58237           2.58237
               567           2.58237           2.58237
               568           2.58237           2.58237
               569           2.58237           2.58237
               570           2.58237           2.58237
               571           2.58237           2.58237
               572           2.58237           2.58237
               573           2.58237           2.58237
               574           2.58237           2.58237
               575           2.58237           2.58237
               576           2.58237           2.58237
               577           2.58237           2.58237
               578           2.58237           2.58237
               579           2.58237           2.58237
               580           2.58237           2.58237
               581           2.58237           2.58237
               582           2.58237           2.58237
               583           2.58237           2.58237
               584           2.58237           2.58237
               585           2.58237           2.58237
               586           2.58237           2.58237
               587           2.58237           2.58237
               588           2.58237           2.58237
               589           2.58237           2.58237
               590           2.58237           2.58237
               591           2.58237           2.58237
               592           2.58237           2.58237
               593           2.58237           2.58237
               594           2.58237           2.58237
               595           2.58237           2.58237
               596           2.58237           2.58237
               597           2.58237           2.58237
               598           2.58237           2.58237
               599           2.58237           2.58237
               600           2.58237           2.58237
               601           2.58237           2.58237
               602           2.58237           2.58237
               603           2.58237           2.58237
               604           2.58237           2.58237
               605           2.58237           2.58237
               606           2.58237           2.58237
               607           2.58237           2.58237
               608           2.58237           2.58237
               609           2.58237           2.58237
               610           2.58237           2.58237
               611           2.58237           2.58237
               612           2.58237           2.58237
               613           2.58237           2.58237
               614           2.58237           2.58237
               615           2.58237           2.58237
               616           2.58237           2.58237
               617           2.58237           2.58237
               618           2.58237           2.58237
               619           2.58237           2.58237
               620           2.58237           2.58237
               621           2.58237           2.58237
               622           2.58237           2.58237
               623           2.58237           2.58237
               624           2.58237           2.58237
               625           2.58237           2.58237
               626           2.58237           2.58237
               627           2.58237           2.58237
               628           2.58237           2.58237
               629           2.58237           2.58237
               630           2.58237           2.58237
               631           2.58237           2.58237
               632           2.58237           2.58237
               633           2.58237           2.58237
               634           2.58237           2.58237
               635           2.58237           2.58237
               636           2.58237           2.58237
               637           2.58237           2.58237
               638           2.58237           2.58237
               639           2.58237           2.58237
               640           2.58237           2.58237
               641           2.58237           2.58237
               642           2.58237           2.58237
               643           2.58237           2.58237
               644           2.58237           2.58237
               645           2.58237           2.58237
               646           2.58237           2.58237
               647           2.58237           2.58237
               648           2.58237           2.58237
               649           2.58237           2.58237
               650           2.58237           2.58237
               651           2.58237           2.58237
               652           2.58237           2.58237
               653           2.58237           2.58237
               654           2.58237           2.58237
               655           2.58237           2.58237
               656           2.58237           2.58237
               657           2.58237           2.58237
               658           2.58237           2.58237
               659           2.58237           2.58237
               660           2.58237           2.58237
               661           2.58237           2.58237
               662           2.58237           2.58237
               663           2.58237           2.58237
               664           2.58237           2.58237
               665           2.58237           2.58237
               666           2.58237           2.58237
               667           2.58237           2.58237
               668           2.58237           2.58237
               669           2.58237           2.58237
               670           2.58237           2.58237
               671           2.58237           2.58237
               672           2.58237           2.58237
               673           2.58237           2.58237
               674           2.58237           2.58237
               675           2.58237           2.58237
               676           2.58237           2.58237
               677           2.58237           2.58237
               678           2.58237           2.58237
               679           2.58237           2.58237
               680           2.58237           2.58237
               681           2.58237           2.58237
               682           2.58237           2.58237
               683           2.58237           2.58237
               684           2.58237           2.58237
               685           2.58237           2.58237
               686           2.58237           2.58237
               687           2.58237           2.58237
               688           2.58237           2.58237
               689           2.58237           2.58237
               690           2.58237           2.58237
               691           2.58237           2.58237
               692           2.58237           2.58237
               693           2.58237           2.58237
               694           2.58237           2.58237
               695           2.58237           2.58237
               696           2.58237           2.58237
               697           2.58237           2.58237
               698           2.58237           2.58237
               699           2.58237           2.58237
               700           2.58237           2.58237
               701           2.58237           2.58237
               702           2.58237           2.58237
               703           2.58237           2.58237
               704           2.58237           2.58237
               705           2.58237           2.58237
               706           2.58237           2.58237
               707           2.58237           2.58237
               708           2.58237           2.58237
               709           2.58237           2.58237
               710           2.58237           2.58237
               711           2.58237           2.58237
               712           2.58237           2.58237
               713           2.58237           2.58237
               714           2.58237           2.58237
               715           2.58237           2.58237
               716           2.58237           2.58237
               717           2.58237           2.58237
               718           2.58237           2.58237
               719           2.58237           2.58237
               720           2.58237           2.58237
               721           2.58237           2.58237
               722           2.58237           2.58237
               723           2.58237           2.58237
               724           2.58237           2.58237
               725           2.58237           2.58237
               726           2.58237           2.58237
               727           2.58237           2.58237
               728           2.58237           2.58237
               729           2.58237           2.58237
               730           2.58237           2.58237
               731           2.58237           2.58237
               732           2.58237           2.58237
               733           2.58237           2.58237
               734           2.58237           2.58237
               735           2.58237           2.58237
               736           2.58237           2.58237
               737           2.58237           2.58237
               738           2.58237           2.58237
               739           2.58237           2.58237
               740           2.58237           2.58237
               741           2.58237           2.58237
               742           2.58237           2.58237
               743           2.58237           2.58237
               744           2.58237           2.58237
               745           2.58237           2.58237
               746           2.58237           2.58237
               747           2.58237           2.58237
               748           2.58237           2.58237
               749           2.58237           2.58237
               750           2.58237           2.58237
               751           2.58237           2.58237
               752           2.58237           2.58237
               753           2.58237           2.58237
               754           2.58237           2.58237
               755           2.58237           2.58237
               756           2.58237           2.58237
               757           2.58237           2.58237
               758           2.58237           2.58237
               759           2.58237           2.58237
               760           2.58237           2.58237
               761           2.58237           2.58237
               762           2.58237           2.58237
               763           2.58237           2.58237
               764           2.58237           2.58237
               765           2.58237           2.58237
               766           2.58237           2.58237
               767           2.58237           2.58237
               768           2.58237           2.58237
               769           2.58237           2.58237
               770           2.58237           2.58237
               771           2.58237           2.58237
               772           2.58237           2.58237
               773           2.58237           2.58237
               774           2.58237           2.58237
               775           2.58237           2.58237
               776           2.58237           2.58237
               777           2.58237           2.58237
               778           2.58237           2.58237
               779           2.58237           2.58237
               780           2.58237           2.58237
               781           2.58237           2.58237
               782           2.58237           2.58237
               783           2.58237           2.58237
               784           2.58237           2.58237
               785           2.58237           2.58237
               786           2.58237           2.58237
               787           2.58237           2.58237
               788           2.58237           2.58237
               789           2.58237           2.58237
               790           2.58237           2.58237
               791           2.58237           2.58237
               792           2.58237           2.58237
               793           2.58237           2.58237
               794           2.58237           2.58237
               795           2.58237           2.58237
               796           2.58237           2.58237
               797           2.58237           2.58237
               798           2.58237           2.58237
               799           2.58237           2.58237
               800           2.58237           2.58237
               801           2.58237           2.58237
               802           2.58237           2.58237
               803           2.58237           2.58237
               804           2.58237           2.58237
               805           2.58237           2.58237
               806           2.58237           2.58237
               807           2.58237           2.58237
               808           2.58237           2.58237
               809           2.58237           2.58237
               810           2.58237           2.58237
               811           2.58237           2.58237
               812           2.58237           2.58237
               813           2.58237           2.58237
               814           2.58237           2.58237
               815           2.58237           2.58237
               816           2.58237           2.58237
               817           2.58237           2.58237
               818           2.58237           2.58237
               819           2.58237           2.58237
               820           2.58237           2.58237
               821           2.58237           2.58237
               822           2.58237           2.58237
               823           2.58237           2.58237
               824           2.58237           2.58237
               825           2.58237           2.58237
               826           2.58237           2.58237
               827           2.58237           2.58237
               828           2.58237           2.58237
               829           2.58237           2.58237
               830           2.58237           2.58237
               831           2.58237           2.58237
               832           2.58237           2.58237
               833           2.58237           2.58237
               834           2.58237           2.58237
               835           2.58237           2.58237
               836           2.58237           2.58237
               837           2.58237           2.58237
               838           2.58237           2.58237
               839           2.58237           2.58237
               840           2.58237           2.58237
               841           2.58237           2.58237
               842           2.58237           2.58237
               843           2.58237           2.58237
               844           2.58237           2.58237
               845           2.58237           2.58237
               846           2.58237           2.58237
               847           2.58237           2.58237
               848           2.58237           2.58237
               849           2.58237           2.58237
               850           2.58237           2.58237
               851           2.58237           2.58237
               852           2.58237           2.58237
               853           2.58237           2.58237
               854           2.58237           2.58237
               855           2.58237           2.58237
               856           2.58237           2.58237
               857           2.58237           2.58237
               858           2.58237           2.58237
               859           2.58237           2.58237
               860           2.58237           2.58237
               861           2.58237           2.58237
               862           2.58237           2.58237
               863           2.58237           2.58237
               864           2.58237           2.58237
               865           2.58237           2.58237
               866           2.58237           2.58237
               867           2.58237           2.58237
               868           2.58237           2.58237
               869           2.58237           2.58237
               870           2.58237           2.58237
               871           2.58237           2.58237
               872           2.58237           2.58237
               873           2.58237           2.58237
               874           2.58237           2.58237
               875           2.58237           2.58237
               876           2.58237           2.58237
               877           2.58237           2.58237
               878           2.58237           2.58237
               879           2.58237           2.58237
               880           2.58237           2.58237
               881           2.58237           2.58237
               882           2.58237           2.58237
               883           2.58237           2.58237
               884           2.58237           2.58237
               885           2.58237           2.58237
               886           2.58237           2.58237
               887           2.58237           2.58237
               888           2.58237           2.58237
               889           2.58237           2.58237
               890           2.58237           2.58237
               891           2.58237           2.58237
               892           2.58237           2.58237
               893           2.58237           2.58237
               894           2.58237           2.58237
               895           2.58237           2.58237
               896           2.58237           2.58237
               897           2.58237           2.58237
               898           2.58237           2.58237
               899           2.58237           2.58237
               900           2.58237           2.58237
               901           2.58237           2.58237
               902           2.58237           2.58237
               903           2.58237           2.58237
               904           2.58237           2.58237
               905           2.58237           2.58237
               906           2.58237           2.58237
               907           2.58237           2.58237
               908           2.58237           2.58237
               909           2.58237           2.58237
               910           2.58237           2.58237
               911           2.58237           2.58237
               912           2.58237           2.58237
               913           2.58237           2.58237
               914           2.58237           2.58237
               915           2.58237           2.58237
               916           2.58237           2.58237
               917           2.58237           2.58237
               918           2.58237           2.58237
               919           2.58237           2.58237
               920           2.58237           2.58237
               921           2.58237           2.58237
               922           2.58237           2.58237
               923           2.58237           2.58237
               924           2.58237           2.58237
               925           2.58237           2.58237
               926           2.58237           2.58237
               927           2.58237           2.58237
               928           2.58237           2.58237
               929           2.58237           2.58237
               930           2.58237           2.58237
               931           2.58237           2.58237
               932           2.58237           2.58237
               933           2.58237           2.58237
               934           2.58237           2.58237
               935           2.58237           2.58237
               936           2.58237           2.58237
               937           2.58237           2.58237
               938           2.58237           2.58237
               939           2.58237           2.58237
               940           2.58237           2.58237
               941           2.58237           2.58237
               942           2.58237           2.58237
               943           2.58237           2.58237
               944           2.58237           2.58237
               945           2.58237           2.58237
               946           2.58237           2.58237
               947           2.58237           2.58237
               948           2.58237           2.58237
               949           2.58237           2.58237
               950           2.58237           2.58237
               951           2.58237           2.58237
               952           2.58237           2.58237
               953           2.58237           2.58237
               954           2.58237           2.58237
               955           2.58237           2.58237
               956           2.58237           2.58237
               957           2.58237           2.58237
               958           2.58237           2.58237
               959           2.58237           2.58237
               960           2.58237           2.58237
               961           2.58237           2.58237
               962           2.58237           2.58237
               963           2.58237           2.58237
               964           2.58237           2.58237
               965           2.58237           2.58237
               966           2.58237           2.58237
               967           2.58237           2.58237
               968           2.58237           2.58237
               969           2.58237           2.58237
               970           2.58237           2.58237
               971           2.58237           2.58237
               972           2.58237           2.58237
               973           2.58237           2.58237
               974           2.58237           2.58237
               975           2.58237           2.58237
               976           2.58237           2.58237
               977           2.58237           2.58237
               978           2.58237           2.58237
               979           2.58237           2.58237
               980           2.58237           2.58237
               981           2.58237           2.58237
               982           2.58237           2.58237
               983           2.58237           2.58237
               984           2.58237           2.58237
               985           2.58237           2.58237
               986           2.58237           2.58237
               987           2.58237           2.58237
               988           2.58237           2.58237
               989           2.58237           2.58237
               990           2.58237           2.58237
               991           2.58237           2.58237
               992           2.58237           2.58237
               993           2.58237           2.58237
               994           2.58237           2.58237
               995           2.58237           2.58237
               996           2.58237           2.58237
               997           2.58237           2.58237
               998           2.58237           2.58237
               999           2.58237           2.58237
     0    19    16     7    14    30    22    31    25    26    21    20    13    15    12    29    11    27     5     8     9     2    23    28     1    24     6    17    18     3    10     4
