-0.589131 -0.808038
0.0492247 0.998788
0.152244 0.988343
-0.999854 0.0170697
-0.791546 -0.611109
0.703727 0.710471
0.00187232 0.999998
0.238462 -0.971152
0.326881 0.945066
0.318925 0.94778
-0.814505 -0.580156
0.791807 0.610771
0.879595 0.475724
0.977465 -0.211097
0.362582 -0.931952
0.979536 0.201271
-0.202233 -0.979337
-0.338414 0.940997
-0.536398 0.843965
-0.461133 -0.887331
0.84007 -0.542478
0.822618 -0.568594
0.570378 -0.821382
0.142544 0.989788
0.0369876 0.999316
0.75474 -0.656025
0.773542 -0.633745
0.71769 0.696363
0.0928287 0.995682
0.870725 0.491771
0.548534 -0.836128
0.673294 -0.739375
