0.29947 -0.515675
-0.54865 -0.00543371
0.209276 -0.748482
-0.500596 0.576643
-0.605998 -0.603322
0.197009 -0.79086
-0.842186 0.932296
0.618105 -0.935493
0.43518 -0.390109
-0.319785 0.347443
0.817486 0.807487
0.693203 -0.545528
-0.511776 0.772237
0.781517 -0.7548
-0.529591 -0.83635
0.684814 0.735121
-0.764955 0.0652656
0.776612 0.177054
-0.0345241 0.803817
0.964882 0.536165
0.974788 -0.9921
0.838981 0.598404
-0.899993 -0.73718
-0.296745 0.637991
-0.671854 -0.677541
-0.999284 0.397732
-0.761801 -0.0922793
-0.595348 -0.764694
0.675365 0.377133
0.178615 -0.774271
0.827132 -0.341426
0.225054 -0.211266
