0.822674 -0.568514
0.976678 0.214708
-0.264212 0.964465
-0.829895 -0.55792
0.146157 0.989261
0.48063 0.876923
0.88908 0.457753
0.737991 0.674811
0.994428 0.105418
-0.870692 0.491828
0.6883 0.725427
-0.522144 -0.852857
-0.564427 0.825483
0.301657 0.953416
0.921874 0.387491
0.989984 0.14118
-0.940369 -0.340157
-0.989277 0.146054
0.00904868 -0.999959
0.999854 0.0171069
-0.77204 0.635574
0.979773 -0.200114
-0.974957 0.222394
0.290899 0.956754
0.426517 -0.90448
-0.832916 0.553399
0.916825 -0.399289
0.704934 0.709273
0.9307 -0.365784
0.891327 -0.45336
-0.783784 -0.621034
0.285122 -0.958491
