1000 15.6785 0 5.5176 0 14.6871 0 5.09874 0
2000 15.3817 0.296727 5.47472 0.0428765 15.0635 0.376456 5.28961 0.190869
3000 15.2693 0.204914 5.47654 0.0248214 15.0166 0.222366 5.34114 0.121651
4000 15.2916 0.146596 5.56719 0.0923409 14.7393 0.31878 5.36138 0.0883695
5000 15.0015 0.311531 5.57165 0.0716655 14.7844 0.251024 5.27321 0.111622
6000 14.9148 0.268708 5.5479 0.0631498 14.9456 0.260725 5.30708 0.0972292
7000 15.0076 0.245294 5.52853 0.0567776 15.0147 0.230929 5.25228 0.0987742
8000 15.1616 0.262386 5.53196 0.0492901 15.0141 0.199991 5.28832 0.0928243
9000 15.1057 0.238055 5.51075 0.0483681 15.0431 0.178744 5.29174 0.0819349
10000 15.0735 0.215338 5.55115 0.0591946 14.975 0.173774 5.32649 0.0811056
11000 14.9993 0.208437 5.58459 0.0631262 14.9506 0.159065 5.33565 0.0739319
12000 15.0161 0.191011 5.50574 0.0976587 14.9148 0.149567 5.34271 0.0678586
13000 15.0394 0.177254 5.45345 0.103945 14.8994 0.138439 5.36541 0.0664208
14000 15.0345 0.164179 5.42967 0.0991282 14.8551 0.1356 5.38409 0.0642679
15000 14.9653 0.16779 5.46247 0.0979387 14.8979 0.13328 5.37961 0.0599972
16000 14.9759 0.157309 5.46243 0.0916133 14.9614 0.139926 5.37013 0.0569175
17000 14.8884 0.171737 5.49818 0.0931881 15.0605 0.164593 5.33913 0.061802
18000 14.9453 0.171642 5.50391 0.0880451 15.0565 0.15523 5.34976 0.059228
19000 14.9491 0.162401 5.50599 0.0833082 15.0034 0.156147 5.36081 0.0571051
20000 14.9191 0.156967 5.49295 0.0801017 14.9801 0.149948 5.36817 0.0546713
21000 14.9233 0.149364 5.48996 0.0762505 15.0212 0.148417 5.35716 0.0531537
22000 14.9498 0.144866 5.47884 0.0735475 15.017 0.141573 5.37977 0.0554947
23000 14.9166 0.142356 5.49204 0.0715061 15.0469 0.138554 5.37804 0.0530555
24000 14.909 0.136505 5.50602 0.0698752 15.0126 0.137021 5.37976 0.0508262
25000 14.9135 0.131006 5.49742 0.0675713 15.0387 0.133986 5.35283 0.0556954
26000 14.934 0.127533 5.49608 0.0649343 15.016 0.130707 5.37541 0.058079
27000 14.961 0.125647 5.49019 0.06276 14.9804 0.130723 5.39012 0.0577907
28000 14.9824 0.122954 5.47866 0.0615661 15.0149 0.130615 5.37925 0.0567401
29000 14.9952 0.119324 5.47697 0.0594293 15.0622 0.134604 5.37928 0.0547486
30000 14.9888 0.115456 5.47718 0.0574145 15.0286 0.134307 5.3954 0.0552939
31000 14.9891 0.11167 5.48606 0.0562381 15.0275 0.129907 5.39266 0.0535503
32000 15.0194 0.112283 5.48883 0.0545223 15.0415 0.126565 5.39058 0.0518916
33000 15.0003 0.110497 5.48542 0.0529538 15.0583 0.123817 5.388 0.0503606
34000 15.0112 0.107758 5.48004 0.0516536 15.0587 0.120121 5.39899 0.0500764
35000 15.0061 0.104759 5.46786 0.0516135 15.0467 0.117259 5.39981 0.0486315
36000 14.9762 0.106124 5.4818 0.0520599 15.0391 0.114209 5.40539 0.0475896
37000 14.985 0.103593 5.48167 0.0506335 15.0289 0.111545 5.40531 0.0462856
38000 14.9987 0.101762 5.477 0.0495035 15.0211 0.108851 5.41012 0.0453074
39000 15.0017 0.0991638 5.4706 0.04864 15.0159 0.106147 5.41161 0.0441556
40000 15.0018 0.0966529 5.46842 0.0474586 14.981 0.109195 5.42937 0.0465561
41000 14.9789 0.0970142 5.46693 0.0463107 15.0091 0.110138 5.41904 0.0465666
42000 14.9865 0.0949789 5.4606 0.0456349 14.9816 0.110946 5.42951 0.0466353
43000 15.0034 0.0942804 5.46179 0.0445767 14.989 0.108587 5.42918 0.045539
44000 15.0253 0.0946812 5.45696 0.0438184 14.9781 0.106645 5.43315 0.0446685
45000 15.0107 0.0936925 5.46269 0.0432149 14.9582 0.106128 5.4428 0.0447173
46000 14.9915 0.0936294 5.47703 0.0446307 14.9736 0.104927 5.44361 0.0437419
47000 14.9921 0.0916174 5.48442 0.044292 14.9685 0.102796 5.44134 0.0428612
48000 14.9785 0.0907072 5.47878 0.0437249 14.9609 0.100917 5.44387 0.0420348
49000 14.9516 0.0928153 5.47293 0.043221 14.9722 0.0994749 5.44079 0.0412832
50000 14.9574 0.0911246 5.47423 0.0423678 14.9878 0.0987128 5.43466 0.0409114
51000 14.9621 0.0894427 5.46773 0.0420345 14.989 0.0967647 5.43548 0.0401097
52000 14.9627 0.0877076 5.46647 0.0412376 15.0002 0.0955473 5.43964 0.0395497
53000 14.9589 0.0861191 5.46671 0.0404528 14.9829 0.0953156 5.43748 0.0388562
54000 14.9518 0.0848108 5.47049 0.0398758 14.9671 0.0948535 5.44161 0.0383529
55000 14.9681 0.084834 5.47235 0.0391884 14.9721 0.093248 5.4439 0.0377188
56000 14.9469 0.0859588 5.47968 0.0391732 14.9748 0.0916063 5.4389 0.0373758
57000 14.9538 0.0847194 5.48086 0.0384979 14.9768 0.0900064 5.44181 0.0368291
58000 14.9469 0.0835298 5.47682 0.038043 14.9726 0.0885393 5.43978 0.036245
59000 14.9642 0.0838954 5.46959 0.0380848 14.9713 0.0870353 5.44073 0.035638
60000 14.946 0.0844716 5.46942 0.0374451 14.9518 0.0877603 5.44642 0.0354978
61000 14.9357 0.0837088 5.4745 0.0371745 14.9535 0.0863263 5.44439 0.0349699
62000 14.9392 0.082421 5.4682 0.0371092 14.9506 0.0849727 5.44105 0.0345628
63000 14.9373 0.0811233 5.46617 0.0365717 14.9427 0.0839819 5.44741 0.0345992
64000 14.9522 0.0812318 5.46287 0.0361469 14.9522 0.0832013 5.4378 0.0353843
65000 14.9655 0.0810583 5.45917 0.0357785 14.9455 0.0821868 5.44311 0.0352374
66000 14.9613 0.0799322 5.46315 0.0354566 14.9476 0.08096 5.43827 0.0350354
67000 14.9685 0.0790591 5.4622 0.0349364 14.9433 0.0798586 5.44183 0.0346917
68000 14.9666 0.0779093 5.46192 0.0344199 14.9358 0.0790306 5.44397 0.0342448
69000 14.9689 0.0768041 5.45704 0.0342666 14.9379 0.0779043 5.44378 0.0337454
70000 14.9647 0.0758131 5.45509 0.0338295 14.9406 0.0768294 5.44039 0.0334327
71000 14.9734 0.0752415 5.45479 0.033351 14.9431 0.075781 5.4333 0.0337124
72000 14.9986 0.0783635 5.4501 0.0332183 14.9433 0.0747215 5.43149 0.03329
73000 15.01 0.0781116 5.44879 0.0327859 14.9535 0.0743929 5.43099 0.0328346
74000 15.013 0.0771071 5.44545 0.0325124 14.9539 0.0733815 5.43136 0.0323899
75000 15.0142 0.0760827 5.44307 0.0321639 14.9495 0.0725298 5.44136 0.0334838
76000 15.0091 0.0752534 5.43577 0.0325673 14.9562 0.0718809 5.43824 0.0331872
77000 15.0101 0.0742768 5.43519 0.0321468 14.9783 0.074328 5.43724 0.0327688
78000 15.0151 0.0734857 5.42839 0.0324528 14.9788 0.0733705 5.44001 0.0324648
79000 15.014 0.0725576 5.4302 0.0320906 14.9763 0.0724816 5.44313 0.0322029
80000 15.0149 0.0716515 5.4336 0.0318684 14.9615 0.0730707 5.44697 0.0320277
81000 15.0177 0.0708164 5.43637 0.0315945 14.9617 0.0721633 5.45248 0.0321062
82000 15.0119 0.0701918 5.4379 0.0312446 14.9618 0.0712779 5.45497 0.0318105
83000 15.0093 0.0693885 5.43897 0.0308844 14.9601 0.0704343 5.45084 0.0316962
84000 15.0058 0.0686478 5.44216 0.0306799 14.9662 0.0698546 5.45305 0.0313944
85000 15 0.0680783 5.44389 0.0303662 14.965 0.0690374 5.45387 0.0310337
86000 14.9928 0.0676663 5.44295 0.0300255 14.9657 0.0682332 5.44902 0.0310511
87000 14.9836 0.0675272 5.44606 0.0298402 14.9707 0.0676337 5.44246 0.0313851
88000 14.9808 0.0668121 5.44107 0.0299179 14.9754 0.0670213 5.44268 0.0310271
89000 14.9829 0.0660911 5.44073 0.0295817 14.9767 0.0662766 5.44795 0.0311265
90000 14.9807 0.0653902 5.44225 0.0292907 14.9726 0.0656603 5.44828 0.0307805
91000 14.9746 0.0649513 5.44977 0.029926 14.9635 0.0655783 5.45544 0.0312705
92000 14.9738 0.0642471 5.45102 0.0296255 14.9497 0.0663139 5.46105 0.0314338
93000 14.9739 0.0635528 5.45028 0.0293147 14.9471 0.0656459 5.45414 0.0318517
94000 14.9748 0.0628784 5.44898 0.0290299 14.9403 0.0652987 5.45348 0.0315179
95000 14.9798 0.0624174 5.44227 0.0294972 14.9522 0.0656821 5.44955 0.0314311
96000 14.989 0.062446 5.44072 0.0292291 14.9518 0.0649952 5.44846 0.0311211
97000 15.0035 0.0634747 5.44063 0.0289264 14.942 0.065062 5.45268 0.0310867
98000 15.002 0.0628409 5.44082 0.0286304 14.9482 0.06469 5.4498 0.0309023
99000 14.9983 0.0623175 5.44139 0.0283453 14.9363 0.0651249 5.45023 0.0305916
100000 14.9912 0.062096 5.44976 0.0292816 14.9452 0.0650781 5.44972 0.0302884
