1.76816
1.76816
1.76816
1.76816
1.76816
1.76816
1.76816
1.76816
1.76816
1.76816
1.76816
1.76816
1.76816
1.76816
1.76815
1.76814
1.76812
1.76811
1.76809
1.76806
1.76804
1.76802
1.768
1.76798
1.76794
1.76792
1.76789
1.76786
1.76784
1.76782
1.76779
1.76777
1.76776
1.76773
1.76771
1.76769
1.76768
1.76767
1.76765
1.76764
1.76764
1.76763
1.76762
1.7676
1.7676
1.76759
1.76758
1.76758
1.76757
1.76757
1.76757
1.76756
1.76756
1.76755
1.76753
1.76752
1.76751
1.76751
1.76749
1.76748
1.76747
1.76747
1.76747
1.76746
1.76745
1.76744
1.76744
1.76744
1.76743
1.76743
1.76743
1.76742
1.76743
1.76741
1.7674
1.76739
1.76739
1.76739
1.76739
1.76739
1.76739
1.76739
1.76738
1.76738
1.76737
1.76737
1.76737
1.76737
1.76736
1.76736
1.76735
1.76735
1.76735
1.76735
1.76735
1.76735
1.76735
1.76735
1.76734
1.76733
1.76733
1.76734
1.76733
1.76732
1.76732
1.76732
1.76731
1.76732
1.76733
1.76731
1.76731
1.76731
1.76731
1.76731
1.76731
1.76731
1.76731
1.76731
1.76731
1.7673
1.7673
1.76729
1.7673
1.7673
1.7673
1.7673
1.7673
1.7673
1.76731
1.76731
1.76731
1.7673
1.7673
1.76729
1.7673
1.7673
1.76731
1.76732
1.76732
1.76733
1.76733
1.76732
1.76733
1.76733
1.76731
1.7673
1.7673
1.76729
1.7673
1.76729
1.76729
1.76729
1.76728
1.76729
1.76729
1.76729
1.7673
1.7673
1.76729
1.7673
1.7673
1.7673
1.7673
1.7673
1.76729
1.76729
1.76729
1.76728
1.76728
1.76729
1.76728
1.76729
1.76728
1.76727
1.76727
1.76727
1.76726
1.76727
1.76727
1.76727
1.76727
1.76726
1.76726
1.76725
1.76725
1.76725
1.76724
1.76724
1.76724
1.76724
1.76724
1.76724
1.76725
1.76725
1.76725
1.76725
1.76725
1.76725
1.76725
1.76726
1.76726
1.76726
1.76725
1.76726
1.76727
1.76726
1.76726
1.76726
1.76726
1.76725
1.76724
1.76725
1.76725
1.76725
1.76725
1.76725
1.76725
1.76725
1.76724
1.76725
1.76726
1.76726
1.76726
1.76726
1.76725
1.76724
1.76724
1.76724
1.76724
1.76724
1.76724
1.76724
1.76725
1.76724
1.76724
1.76724
1.76725
1.76725
1.76725
1.76726
1.76726
1.76725
1.76725
1.76724
1.76724
1.76725
1.76725
1.76723
1.76723
1.76723
1.76723
1.76724
1.76725
1.76725
1.76724
1.76724
1.76724
1.76724
1.76724
1.76723
1.76723
1.76723
1.76723
1.76723
1.76722
1.76722
1.76722
1.76722
1.76722
1.76721
1.7672
1.76721
1.76721
1.76721
1.76721
1.76721
1.7672
1.76721
1.7672
1.7672
1.7672
1.7672
1.7672
1.7672
1.76721
1.7672
1.7672
1.7672
1.76719
1.76719
1.76719
1.7672
1.7672
1.7672
1.7672
1.76721
1.76721
1.76721
1.76721
1.76721
1.76721
1.76721
1.76721
1.7672
1.7672
1.7672
1.76719
1.76719
1.76718
1.76718
1.76719
1.76718
1.76719
1.76718
1.76718
1.76718
1.76718
1.76718
1.76718
1.76717
1.76718
1.76719
1.76719
1.76719
1.7672
1.76719
1.76719
1.7672
1.7672
1.76719
1.7672
1.76719
1.7672
1.7672
1.76718
1.76718
1.76718
1.76718
1.76718
1.76719
1.7672
1.76719
1.7672
1.7672
1.7672
1.7672
1.7672
1.7672
1.7672
1.7672
1.7672
1.7672
1.7672
1.7672
1.76719
1.76719
1.7672
1.7672
1.76721
1.76721
1.76721
1.76721
1.7672
1.7672
1.76721
1.76721
1.7672
1.7672
1.7672
1.76721
1.76721
1.7672
1.76719
1.76719
1.76719
1.76719
1.7672
1.7672
1.7672
1.7672
1.76719
1.76718
1.76718
1.76718
1.76718
1.76717
1.76718
1.76717
1.76717
1.76717
1.76718
1.76718
1.76717
1.76717
1.76717
1.76717
1.76717
1.76717
1.76717
1.76717
1.76719
1.76719
1.76718
1.76719
1.76718
1.76718
1.76717
1.76716
1.76716
1.76717
1.76717
1.76717
1.76717
1.76717
1.76716
1.76717
1.76717
1.76718
1.76717
1.76718
1.76718
1.76718
1.76717
1.76717
1.76716
1.76716
1.76716
1.76715
1.76716
1.76716
1.76717
1.76718
1.76718
1.76718
1.76717
1.76717
1.76717
1.76717
1.76717
1.76717
1.76717
1.76717
1.76717
1.76717
1.76717
1.76718
1.76717
1.76718
1.76716
1.76717
1.76717
1.76716
1.76717
1.76716
1.76716
1.76716
1.76716
1.76716
1.76716
1.76716
1.76716
1.76715
1.76715
1.76714
1.76713
1.76714
1.76713
1.76713
1.76714
1.76713
1.76713
1.76713
1.76713
1.76713
1.76713
1.76713
1.76712
1.76713
1.76713
1.76712
1.76712
1.76712
1.76713
1.76713
1.76714
1.76712
1.76712
1.76712
1.76711
1.76712
1.76712
1.76712
1.76712
1.76713
1.76713
1.76713
1.76714
1.76714
1.76713
1.76714
1.76715
1.76715
1.76714
1.76715
1.76715
1.76715
1.76716
1.76716
1.76716
1.76717
1.76716
1.76716
1.76716
1.76715
1.76715
1.76715
1.76715
1.76716
1.76717
1.76717
1.76717
1.76717
1.76718
1.76718
1.76718
1.76718
1.76718
1.76718
1.76717
1.76718
1.76718
1.76718
1.76719
1.76719
1.76719
1.76718
1.76718
1.76718
1.76719
1.76718
1.76719
1.76719
1.7672
1.76721
1.76721
1.7672
1.76719
1.7672
1.7672
1.76719
1.76719
1.7672
1.7672
1.76719
1.76719
1.76719
1.76719
1.76718
1.76718
1.76718
1.76719
1.76719
1.76719
1.76718
1.76718
1.76718
1.76719
1.76719
1.76719
1.76718
1.76718
1.76719
1.76717
1.76717
1.76716
1.76717
1.76717
1.76718
1.76718
1.76718
1.76719
1.76718
1.76719
1.76719
1.7672
1.76719
1.7672
1.76719
1.76719
1.76718
1.76718
1.76719
1.76719
1.7672
1.7672
1.7672
1.76721
1.7672
1.7672
1.76719
1.76719
1.7672
1.76721
1.7672
1.7672
1.76721
1.76721
1.76721
1.76721
1.76721
1.7672
1.7672
1.7672
1.7672
1.7672
1.7672
1.7672
1.7672
1.76719
1.76718
1.76718
1.76718
1.76718
1.76719
1.76719
1.76719
1.76719
1.76719
1.76719
1.76719
1.76718
1.76719
1.7672
1.7672
1.76719
1.76719
1.76718
1.76718
1.76718
1.76718
1.76718
1.76717
1.76718
1.76718
1.76717
1.76717
1.76718
1.76718
1.76718
1.76718
1.76717
1.76718
1.76718
1.76718
1.76719
1.76719
1.76718
1.76718
1.76719
1.76719
1.76719
1.7672
1.7672
1.76719
1.76719
1.76719
1.7672
1.76719
1.76719
1.76719
1.76719
1.7672
1.7672
1.7672
1.7672
1.7672
1.7672
1.7672
1.7672
1.76719
1.76718
1.76719
1.76719
1.7672
1.76719
1.7672
1.7672
1.7672
1.7672
1.7672
1.7672
1.7672
1.7672
1.76719
1.76719
1.7672
1.7672
1.7672
1.7672
1.76719
1.76718
1.76718
1.76717
1.76718
1.76718
1.76718
1.76719
1.76719
1.76719
1.7672
1.76719
1.76719
1.7672
1.76718
1.76718
1.76719
1.76718
1.76719
1.76719
1.7672
1.7672
1.7672
1.76721
1.7672
1.7672
1.7672
1.76721
1.7672
1.76721
1.76721
1.7672
1.76721
1.76721
1.76721
1.76721
1.76721
1.76722
1.76722
1.76722
1.76721
1.76722
1.76722
1.76722
1.76722
1.76722
1.76722
1.76722
1.76721
1.76722
1.76721
1.76722
1.76721
1.76722
1.76721
1.76721
1.76721
1.7672
1.76721
1.7672
1.76721
1.76721
1.76721
1.76721
1.76721
1.76722
1.76722
1.76722
1.76722
1.76723
1.76724
1.76724
1.76725
1.76725
1.76725
1.76725
1.76725
1.76724
1.76724
1.76724
1.76725
1.76724
1.76723
1.76724
1.76724
1.76724
1.76723
1.76724
1.76724
1.76724
1.76724
1.76725
1.76724
1.76724
1.76723
1.76721
1.76721
1.76721
1.76721
1.7672
1.76721
1.7672
1.7672
1.7672
1.7672
1.7672
1.7672
1.7672
1.7672
1.76721
1.76721
1.76721
1.7672
1.76719
1.76719
1.76718
1.76718
1.76718
1.76719
1.76719
1.76718
1.76719
1.76719
1.7672
1.7672
1.7672
1.76721
1.76721
1.76721
1.7672
1.7672
1.7672
1.7672
1.7672
1.7672
1.7672
1.7672
1.7672
1.7672
1.76719
1.76719
1.76719
1.7672
1.76719
1.76719
1.7672
1.7672
1.7672
1.76719
1.76719
1.76718
1.76719
1.76718
1.76718
1.76717
1.76718
1.76718
1.76717
1.76717
1.76717
1.76717
1.76718
1.76717
1.76718
1.76718
1.76718
1.76718
1.76718
1.76718
1.76718
1.76717
1.76716
1.76715
1.76716
1.76714
1.76714
1.76714
1.76713
1.76714
1.76713
1.76713
1.76712
1.76713
1.76713
1.76712
1.76712
1.76712
1.76712
1.76712
1.76712
1.76712
1.76713
1.76713
1.76713
1.76714
1.76714
1.76714
1.76715
1.76714
1.76715
1.76714
1.76714
1.76714
1.76714
1.76715
1.76714
1.76714
1.76714
1.76714
1.76715
1.76714
1.76714
1.76714
1.76714
1.76715
1.76715
1.76715
1.76715
1.76714
1.76714
1.76714
1.76713
1.76713
1.76713
1.76713
1.76714
1.76714
1.76714
1.76714
1.76714
1.76714
1.76714
1.76714
1.76713
1.76713
1.76713
1.76713
1.76712
1.76712
1.76712
1.76711
1.76712
1.76712
1.76712
1.76713
1.76713
1.76713
1.76714
1.76713
1.76714
1.76714
1.76714
1.76714
1.76714
1.76714
1.76714
1.76713
1.76714
1.76714
1.76714
1.76714
1.76714
1.76714
1.76714
1.76714
1.76715
1.76716
1.76716
1.76716
1.76717
1.76717
1.76717
1.76717
1.76717
1.76718
1.76718
1.76717
1.76718
1.76719
1.76717
1.76717
1.76717
1.76718
1.76718
1.76718
1.76718
1.76718
1.76718
1.76718
1.76718
1.76718
1.76719
1.76719
1.7672
1.76719
1.76719
1.76718
1.76718
1.76718
1.76717
1.76717
1.52014
1.52014
1.52014
1.52015
1.52015
1.52014
1.52014
1.52013
1.52013
1.52012
1.52011
1.52011
1.52011
1.5201
1.52011
1.52011
1.52011
1.5201
1.5201
1.5201
1.5201
1.5201
1.5201
1.52009
1.52009
1.5201
1.52009
1.52009
1.52009
1.5201
1.5201
1.5201
1.5201
1.52011
1.52011
1.52011
1.52012
1.52012
1.52013
1.52013
1.52012
1.52011
1.52011
1.52012
1.52013
1.52013
1.52012
1.52011
1.52011
1.5201
1.5201
1.5201
1.5201
1.52011
1.52011
1.52011
1.52012
1.52011
1.52011
1.52012
1.52012
1.52013
1.52013
1.52013
1.52013
1.52013
1.52012
1.52012
1.52011
1.52012
1.52013
1.52013
1.52013
1.52013
1.52013
1.52013
1.52013
1.52013
1.52013
1.52013
1.52013
1.52012
1.52011
1.52012
1.52012
1.52012
1.52012
1.52012
1.52012
1.52012
1.52012
1.52012
1.52011
1.52011
1.5201
1.5201
1.52011
1.52011
1.52011
1.52012
1.52012
1.52012
1.52012
1.52012
1.52012
1.52011
1.52012
1.52011
1.52012
1.52012
1.52013
1.52012
1.52012
1.52012
1.52012
1.52012
1.52012
1.52012
1.52012
1.52013
1.52012
1.52011
1.52011
1.5201
1.5201
1.5201
1.5201
1.5201
1.52011
1.52011
1.52012
1.52011
1.5201
1.52011
1.52011
1.52009
1.5201
1.5201
1.5201
1.52009
1.5201
1.5201
1.52008
1.52008
1.52007
1.52006
1.52006
1.52006
1.52007
1.52008
1.52009
1.52009
1.52009
1.5201
1.5201
1.5201
1.5201
1.52011
1.5201
1.5201
1.5201
1.5201
1.5201
1.52011
1.5201
1.5201
1.52011
1.52011
1.5201
1.52009
1.52009
1.52009
1.52009
1.52009
1.52008
1.52009
1.52009
1.5201
1.52009
1.5201
1.5201
1.5201
1.5201
1.5201
1.5201
1.5201
1.52011
1.52012
1.52012
1.52013
1.52012
1.52012
1.52012
1.52011
1.5201
1.52009
1.5201
1.52009
1.52008
1.52009
1.5201
1.5201
1.52011
1.5201
1.5201
1.5201
1.52011
1.52011
1.52011
1.5201
1.5201
1.5201
1.5201
1.5201
1.5201
1.5201
1.5201
1.5201
1.52009
1.5201
1.52009
1.52009
1.52009
1.52009
1.52009
1.52009
1.52009
1.52009
1.52009
1.52008
1.52007
1.52008
1.52009
1.52009
1.52009
1.52009
1.52009
1.52008
1.52008
1.52008
1.52008
1.52008
1.52008
1.52008
1.52007
1.52007
1.52007
1.52007
1.52006
1.52006
1.52007
1.52009
1.52008
1.52007
1.52008
1.52009
1.52009
1.52009
1.5201
1.52009
1.52009
1.52011
1.52011
1.52011
1.52011
1.52011
1.52011
1.52012
1.52011
1.52011
1.52011
1.52011
1.52012
1.52012
1.52011
1.52011
1.52011
1.5201
1.5201
1.5201
1.5201
1.52008
1.52008
1.52009
1.52009
1.52009
1.52008
1.52008
1.52009
1.52009
1.52008
1.52008
1.52008
1.52008
1.52009
1.52008
1.52008
1.52008
1.52008
1.52009
1.52009
1.52009
1.52009
1.52009
1.52008
1.52008
1.52008
1.52009
1.52009
1.52008
1.52008
1.52008
1.52008
1.52006
1.52007
1.52007
1.52006
1.52006
1.52006
1.52005
1.52006
1.52005
1.52005
1.52005
1.52005
1.52005
1.52004
1.52003
1.52003
1.52003
1.52003
1.52003
1.52003
1.52002
1.52002
1.52003
1.52003
1.52003
1.52003
1.52004
1.52003
1.52001
1.52001
1.52001
1.52002
1.52002
1.52002
1.52002
1.52003
1.52002
1.52002
1.52002
1.52003
1.52003
1.52003
1.52002
1.52002
1.52002
1.52002
1.52003
1.52003
1.52003
1.52003
1.52004
1.52004
1.52003
1.52003
1.52003
1.52002
1.52002
1.52003
1.52003
1.52004
1.52003
1.52003
1.52002
1.52002
1.52001
1.52002
1.52003
1.52002
1.52003
1.52003
1.52003
1.52004
1.52003
1.52003
1.52004
1.52003
1.52003
1.52003
1.52002
1.52002
1.52002
1.52003
1.52003
1.52002
1.52001
1.52001
1.52
1.51999
1.51999
1.51998
1.51998
1.51999
1.52
1.52
1.52
1.51999
1.51999
1.51998
1.51998
1.51999
1.51998
1.51997
1.51997
1.51998
1.51997
1.51997
1.51997
1.51997
1.51997
1.51997
1.51997
1.51996
1.51996
1.51996
1.51996
1.51997
1.51997
1.51997
1.51997
1.51997
1.51997
1.51997
1.51997
1.51997
1.51998
1.51998
1.51998
1.51998
1.51998
1.51997
1.51996
1.51995
1.51994
1.51993
1.51993
1.51992
1.51992
1.51992
1.51992
1.51992
1.51993
1.51993
1.51993
1.51993
1.51993
1.51994
1.51994
1.51994
1.51995
1.51995
1.51995
1.51995
1.51995
1.51995
1.51995
1.51995
1.51996
1.51996
1.51996
1.51995
1.51996
1.51996
1.51997
1.51996
1.51996
1.51997
1.51996
1.51996
1.51996
1.51996
1.51997
1.51997
1.51997
1.51998
1.51997
1.51995
1.51996
1.51996
1.51996
1.51995
1.51994
1.51993
1.51994
1.51994
1.51994
1.51994
1.51994
1.51994
1.51995
1.51994
1.51995
1.51995
1.51996
1.51996
1.51996
1.51996
1.51996
1.51996
1.51996
1.51997
1.51997
1.51998
1.51999
1.51999
1.51999
1.51999
1.51999
1.51999
1.51999
1.51998
1.51999
1.51999
1.51998
1.51998
1.51998
1.51998
1.51998
1.51998
1.51998
1.51998
1.51997
1.51997
1.51997
1.51996
1.51996
1.51996
1.51997
1.51996
1.51996
1.51996
1.51995
1.51995
1.51994
1.51995
1.51996
1.51996
1.51996
1.51996
1.51996
1.51996
1.51996
1.51997
1.51997
1.51997
1.51997
1.51997
1.51996
1.51996
1.51996
1.51996
1.51996
1.51997
1.51997
1.51998
1.51998
1.51998
1.51998
1.51999
1.51999
1.51999
1.51999
1.51999
1.51999
1.51999
1.51999
1.52
1.52
1.52
1.52
1.52
1.52
1.52
1.52
1.52
1.52
1.51999
1.51999
1.52
1.52
1.51999
1.51999
1.52
1.51999
1.51998
1.51998
1.51998
1.51997
1.51997
1.51997
1.51996
1.51997
1.51998
1.51998
1.51998
1.51997
1.51997
1.51997
1.51998
1.51998
1.51999
1.52
1.52001
1.52001
1.52001
1.52001
1.52001
1.52002
1.52002
1.52002
1.52002
1.52002
1.52002
1.52002
1.52003
1.52003
1.52003
1.52004
1.52004
1.52005
1.52005
1.52007
1.52007
1.52007
1.52007
1.52006
1.52007
1.52008
1.52007
1.52007
1.52008
1.52008
1.52008
1.52007
1.52008
1.52008
1.52008
1.52008
1.52007
1.52008
1.52008
1.52008
1.52008
1.5201
1.5201
1.5201
1.52011
1.52011
1.5201
1.5201
1.52011
1.52011
1.52012
1.52012
1.52012
1.52012
1.52012
1.52012
1.52011
1.52011
1.5201
1.5201
1.5201
1.5201
1.5201
1.52009
1.52009
1.52009
1.52009
1.52009
1.52009
1.52009
1.52008
1.52008
1.5201
1.5201
1.52009
1.52009
1.52009
1.5201
1.5201
1.5201
1.5201
1.5201
1.52009
1.52009
1.52008
1.52008
1.52009
1.5201
1.5201
1.52009
1.52009
1.52008
1.52007
1.52007
1.52007
1.52006
1.52007
1.52006
1.52006
1.52006
1.52005
1.52005
1.52005
1.52005
1.52004
1.52005
1.52004
1.52005
1.52006
1.52006
1.52006
1.52006
1.52004
1.52004
1.52003
1.52003
1.52003
1.52003
1.52003
1.52002
1.52002
1.52002
1.52003
1.52004
1.52004
1.52003
1.52003
1.52004
1.52004
1.52003
1.52002
1.52002
1.52002
1.52003
1.52003
1.52003
1.52002
1.52003
1.52003
1.52003
1.52003
1.52004
1.52005
1.52004
1.52004
1.52004
1.52004
1.52004
1.52003
1.52004
1.52004
1.52004
1.52004
1.52002
1.52003
1.52003
1.52003
1.52003
1.52003
1.52002
1.52003
1.52003
1.52003
1.52002
1.52002
1.52002
1.52002
1.52002
1.52002
1.52003
1.52002
1.52003
1.52003
1.52003
1.52004
1.52003
1.52003
1.52003
1.52004
1.52003
1.52003
1.52003
1.52003
1.52002
1.52002
1.52002
1.52002
1.52002
1.52001
1.52001
1.52001
1.52001
1.52
1.51999
1.51999
1.51999
1.51999
1.51999
1.51999
1.51999
1.52
1.52
1.51999
1.51999
1.52
1.52
1.52
1.51999
1.51998
1.51998
1.51998
1.51999
1.51999
1.52
1.52
1.52001
1.52002
1.52002
1.52003
1.52003
1.52002
1.52002
1.52002
1.52001
1.52001
1.52002
1.52002
1.52001
1.52
1.52001
1.52001
1.52001
1.52001
1.52001
1.52002
1.52001
1.52001
1.52001
1.52001
1.52001
1.52001
1.52001
1.52001
1.52001
1.52002
1.52002
1.52003
1.52004
1.52004
1.52004
1.52004
1.52003
1.52002
1.52002
1.52002
1.52003
1.52003
1.52004
1.52004
1.52003
1.52003
1.52003
1.52004
1.52003
1.52003
1.52002
1.52002
1.52002
1.52001
1.52001
1.52001
1.52001
1.52002
1.52002
1.52003
1.52004
1.52004
1.52004
1.52004
1.52005
1.52005
1.52005
1.52006
1.52006
1.52006
1.52006
1.52006
1.52007
1.52007
1.52008
1.52007
1.52007
1.52006
1.52006
1.52006
1.52006
1.52005
1.52005
1.52005
1.52004
1.52004
1.52005
1.52005
1.52004
1.52004
1.52005
1.52005
1.52005
1.52004
1.52004
1.52004
1.52005
1.52004
1.52004
1.52003
1.52003
1.52003
1.52003
1.52003
1.52003
1.52002
1.52003
1.52003
1.52002
1.52002
1.52001
1.52001
1.52001
1.52001
1.52001
1.52
1.52001
1.52
1.52
1.52
1.52
1.51998
1.51998
1.51998
1.51998
1.51999
1.52
1.52
1.52
1.52
1.52
1.51999
1.51999
1.52
1.51999
1.51999
1.51999
1.51999
1.51998
1.51998
1.51999
1.51998
1.51998
1.51997
1.51997
1.51997
1.51998
1.51997
1.51997
1.51998
1.51998
1.51998
1.51998
1.52
1.52
1.51999
1.51999
1.51999
1.52
1.52
1.51999
1.52
1.52
1.52
1.51999
1.51999
1.52
1.51999
1.51999
1.51998
1.51998
1.4355
1.4355
1.43551
1.43551
1.43552
1.43553
1.43553
1.43553
1.43553
1.43553
1.43553
1.43553
1.43552
1.43553
1.43553
1.43554
1.43554
1.43554
1.43554
1.43556
1.43556
1.43556
1.43556
1.43556
1.43556
1.43556
1.43556
1.43556
1.43556
1.43556
1.43556
1.43556
1.43556
1.43557
1.43557
1.43556
1.43557
1.43557
1.43557
1.43557
1.43557
1.43557
1.43557
1.43558
1.43557
1.43557
1.43557
1.43558
1.43558
1.43558
1.43557
1.43556
1.43556
1.43556
1.43555
1.43556
1.43557
1.43557
1.43558
1.43558
1.43558
1.43557
1.43558
1.43558
1.43558
1.43558
1.43558
1.43558
1.43559
1.43559
1.43559
1.43559
1.43559
1.43559
1.4356
1.43561
1.43561
1.43559
1.4356
1.4356
1.4356
1.4356
1.4356
1.4356
1.4356
1.43559
1.43558
1.43558
1.43559
1.43559
1.4356
1.43559
1.4356
1.4356
1.43559
1.43558
1.43558
1.43559
1.43559
1.43559
1.43559
1.43558
1.43558
1.43559
1.43559
1.43559
1.4356
1.4356
1.43561
1.4356
1.43561
1.43562
1.43561
1.4356
1.43561
1.43561
1.43562
1.43562
1.43561
1.43562
1.43562
1.43562
1.43562
1.43563
1.43562
1.43563
1.43563
1.43563
1.43563
1.43564
1.43563
1.43562
1.43562
1.43561
1.43561
1.43561
1.4356
1.4356
1.4356
1.43561
1.43562
1.43562
1.43562
1.43561
1.4356
1.43561
1.43561
1.4356
1.43561
1.43561
1.43561
1.43561
1.43561
1.43561
1.43561
1.4356
1.4356
1.43559
1.4356
1.43561
1.4356
1.43561
1.4356
1.4356
1.4356
1.4356
1.4356
1.43559
1.43559
1.43559
1.43559
1.43558
1.43559
1.43559
1.4356
1.4356
1.4356
1.4356
1.43559
1.43559
1.43559
1.4356
1.4356
1.4356
1.4356
1.43561
1.43562
1.43562
1.43562
1.43562
1.43562
1.43563
1.43562
1.43562
1.43563
1.43563
1.43562
1.43563
1.43563
1.43563
1.43563
1.43563
1.43564
1.43562
1.43562
1.43562
1.43562
1.43562
1.43562
1.43562
1.43563
1.43563
1.43564
1.43563
1.43562
1.43561
1.43561
1.43562
1.43562
1.43562
1.43562
1.43561
1.43561
1.4356
1.43559
1.4356
1.4356
1.43559
1.4356
1.43559
1.43559
1.43559
1.43559
1.43559
1.43559
1.43558
1.43559
1.43559
1.4356
1.4356
1.43561
1.43561
1.43561
1.43562
1.43561
1.43562
1.43561
1.43561
1.43561
1.43562
1.43562
1.43563
1.43563
1.43563
1.43563
1.43564
1.43565
1.43564
1.43564
1.43564
1.43563
1.43563
1.43563
1.43563
1.43565
1.43564
1.43565
1.43564
1.43564
1.43564
1.43564
1.43564
1.43564
1.43565
1.43565
1.43564
1.43565
1.43565
1.43565
1.43565
1.43566
1.43565
1.43565
1.43566
1.43567
1.43566
1.43567
1.43567
1.43567
1.43567
1.43567
1.43568
1.43569
1.43569
1.4357
1.4357
1.4357
1.43571
1.4357
1.43571
1.43571
1.43571
1.43571
1.43572
1.43572
1.43571
1.4357
1.4357
1.43569
1.43569
1.43568
1.43569
1.43568
1.43569
1.43569
1.43569
1.43568
1.4357
1.43569
1.43569
1.4357
1.43571
1.4357
1.4357
1.4357
1.4357
1.43569
1.43569
1.4357
1.43569
1.43569
1.43569
1.43569
1.43569
1.43569
1.43568
1.43568
1.43567
1.43567
1.43567
1.43567
1.43567
1.43566
1.43567
1.43567
1.43567
1.43567
1.43567
1.43567
1.43567
1.43567
1.43568
1.43568
1.43567
1.43567
1.43566
1.43566
1.43566
1.43568
1.43568
1.43568
1.43568
1.43568
1.43569
1.43569
1.4357
1.4357
1.4357
1.43571
1.43571
1.43571
1.43572
1.43571
1.43571
1.43571
1.43571
1.43572
1.43572
1.43572
1.43572
1.43572
1.43572
1.43571
1.43571
1.4357
1.4357
1.43571
1.4357
1.4357
1.43571
1.43571
1.43572
1.43571
1.43572
1.43572
1.43572
1.43572
1.43572
1.43572
1.43571
1.43571
1.4357
1.43569
1.4357
1.43571
1.43572
1.43571
1.43571
1.43571
1.43569
1.43569
1.43569
1.43569
1.43569
1.4357
1.4357
1.43571
1.43571
1.4357
1.4357
1.43571
1.43571
1.43571
1.4357
1.4357
1.43571
1.43571
1.43571
1.43571
1.43572
1.43572
1.43573
1.43573
1.43573
1.43573
1.43573
1.43574
1.43574
1.43574
1.43574
1.43574
1.43575
1.43574
1.43573
1.43574
1.43575
1.43575
1.43576
1.43576
1.43576
1.43575
1.43574
1.43574
1.43573
1.43572
1.43572
1.43572
1.43572
1.43572
1.43572
1.43572
1.43573
1.43574
1.43573
1.43574
1.43573
1.43573
1.43573
1.43573
1.43573
1.43573
1.43572
1.43572
1.43572
1.43572
1.43573
1.43573
1.43572
1.43573
1.43574
1.43575
1.43575
1.43575
1.43575
1.43575
1.43575
1.43575
1.43575
1.43575
1.43575
1.43575
1.43575
1.43575
1.43575
1.43576
1.43576
1.43576
1.43576
1.43576
1.43576
1.43576
1.43576
1.43575
1.43575
1.43575
1.43574
1.43574
1.43574
1.43575
1.43574
1.43575
1.43575
1.43575
1.43575
1.43577
1.43576
1.43576
1.43577
1.43577
1.43577
1.43578
1.43577
1.43577
1.43576
1.43576
1.43576
1.43576
1.43577
1.43576
1.43576
1.43576
1.43576
1.43577
1.43577
1.43578
1.43578
1.43577
1.43578
1.43578
1.43578
1.43578
1.43576
1.43577
1.43577
1.43578
1.43577
1.43577
1.43576
1.43576
1.43576
1.43576
1.43576
1.43576
1.43576
1.43575
1.43575
1.43575
1.43575
1.43575
1.43574
1.43573
1.43574
1.43573
1.43574
1.43574
1.43574
1.43573
1.43573
1.43573
1.43573
1.43572
1.43572
1.43573
1.43574
1.43575
1.43575
1.43575
1.43575
1.43575
1.43574
1.43575
1.43575
1.43574
1.43574
1.43575
1.43575
1.43575
1.43575
1.43575
1.43574
1.43575
1.43574
1.43574
1.43574
1.43574
1.43573
1.43573
1.43573
1.43573
1.43572
1.43572
1.43572
1.43572
1.43572
1.43572
1.43573
1.43572
1.43572
1.43573
1.43573
1.43573
1.43573
1.43573
1.43573
1.43573
1.43573
1.43573
1.43573
1.43573
1.43574
1.43573
1.43573
1.43572
1.43571
1.4357
1.43571
1.4357
1.4357
1.4357
1.4357
1.4357
1.43569
1.43569
1.4357
1.4357
1.43569
1.4357
1.43569
1.43569
1.43569
1.43568
1.43568
1.43568
1.43569
1.43568
1.43568
1.43568
1.43567
1.43568
1.43568
1.43567
1.43567
1.43568
1.43567
1.43567
1.43568
1.43568
1.43568
1.43568
1.43568
1.43569
1.43569
1.43568
1.43568
1.43568
1.43568
1.43567
1.43567
1.43567
1.43565
1.43565
1.43565
1.43565
1.43565
1.43566
1.43565
1.43565
1.43566
1.43565
1.43565
1.43566
1.43566
1.43566
1.43566
1.43566
1.43566
1.43565
1.43564
1.43564
1.43563
1.43563
1.43562
1.43563
1.43563
1.43564
1.43564
1.43564
1.43563
1.43563
1.43564
1.43564
1.43564
1.43565
1.43565
1.43565
1.43564
1.43563
1.43563
1.43564
1.43563
1.43564
1.43564
1.43565
1.43565
1.43566
1.43566
1.43565
1.43564
1.43565
1.43565
1.43564
1.43564
1.43563
1.43564
1.43565
1.43564
1.43565
1.43565
1.43566
1.43565
1.43566
1.43566
1.43566
1.43565
1.43565
1.43566
1.43566
1.43566
1.43566
1.43566
1.43566
1.43566
1.43566
1.43565
1.43565
1.43565
1.43566
1.43564
1.43564
1.43564
1.43565
1.43564
1.43563
1.43564
1.43565
1.43565
1.43566
1.43565
1.43565
1.43565
1.43566
1.43565
1.43565
1.43565
1.43565
1.43564
1.43564
1.43564
1.43564
1.43563
1.43564
1.43564
1.43564
1.43565
1.43565
1.43566
1.43565
1.43565
1.43565
1.43564
1.43565
1.43565
1.43564
1.43564
1.43564
1.43564
1.43564
1.43563
1.43562
1.43562
1.43563
1.43563
1.43563
1.43563
1.43562
1.43562
1.43562
1.43563
1.43563
1.43563
1.43563
1.43563
1.43562
1.43563
1.43564
1.43564
1.43564
1.43564
1.43564
1.43564
1.43564
1.43564
1.43563
1.43564
1.43564
1.43564
1.43565
1.43566
1.43566
1.43566
1.43566
1.43565
1.43565
1.43565
1.43565
1.43564
1.43564
1.43565
1.43566
1.43565
1.43564
1.43564
1.43564
1.43563
1.43564
1.43564
1.43564
1.43563
1.43563
1.43563
1.43563
1.43563
1.43564
1.43563
1.43564
1.43564
1.43564
1.43562
1.43562
1.43562
1.43562
1.43561
1.43561
1.43561
1.43561
1.4356
1.43561
1.43561
1.43561
1.43561
1.43561
1.43561
1.43562
1.43561
1.43561
1.43561
1.43561
1.43561
1.43561
1.43561
1.4356
1.4356
1.4356
1.4356
1.4356
1.4356
1.4356
1.43559
1.4356
1.4356
1.43559
1.43559
1.43559
1.43559
1.43559
1.4356
1.4356
1.4356
1.4356
1.43559
1.4356
1.43561
1.4356
1.43561
1.43561
1.43561
1.43561
1.43561
1.43561
1.43562
1.43562
1.43561
1.43561
1.43561
1.4356
1.43561
1.43561
1.43561
1.43561
1.43561
1.4356
1.43561
1.43561
1.43561
1.43561
1.43561
1.43562
1.43561
1.4356
1.4356
1.43559
1.43559
1.43559
1.43559
1.43559
1.43559
1.43558
1.43559
1.43559
1.43559
1.4356
1.43559
1.43559
1.43559
1.43559
1.43559
1.43559
1.4356
1.4356
1.4356
1.4356
1.43558
1.43559
1.43558
1.43558
1.43559
1.43559
1.43559
1.43559
1.43559
1.43559
1.43559
1.43558
1.43558
1.43559
1.43558
1.43558
1.43558
1.43557
1.43556
1.43555
1.43555
1.43555
1.43556
1.43555
1.43556
1.43556
1.43557
1.43557
1.43557
1.43557
1.43556
1.43556
1.43556
1.43557
1.43556
1.43557
1.43556
1.43556
1.43557
1.43557
1.43558
1.43558
1.43559
1.43559
1.4356
1.4356
1.4356
1.43559
1.43559
1.43559
1.43559
1.43559
1.43559
1.4356
1.43561
1.4356
1.4356
1.4356
1.43561
1.45702
1.45702
1.45702
1.45702
1.45703
1.45703
1.45703
1.45703
1.45702
1.45703
1.45702
1.45702
1.45702
1.45702
1.45702
1.45702
1.45702
1.45702
1.45703
1.45703
1.45702
1.45702
1.45702
1.45703
1.45703
1.45702
1.45703
1.45703
1.45704
1.45704
1.45704
1.45704
1.45703
1.45703
1.45703
1.45704
1.45704
1.45705
1.45704
1.45703
1.45703
1.45703
1.45703
1.45703
1.45704
1.45703
1.45704
1.45703
1.45704
1.45704
1.45704
1.45705
1.45705
1.45705
1.45705
1.45705
1.45704
1.45705
1.45704
1.45704
1.45704
1.45704
1.45704
1.45705
1.45705
1.45704
1.45704
1.45704
1.45703
1.45703
1.45702
1.45702
1.45701
1.457
1.45701
1.45701
1.457
1.457
1.457
1.45699
1.45699
1.45699
1.45698
1.45698
1.45698
1.45699
1.45698
1.45697
1.45697
1.45698
1.45698
1.45698
1.45699
1.45699
1.45699
1.457
1.457
1.457
1.457
1.457
1.45701
1.45701
1.45702
1.45702
1.45701
1.45701
1.45701
1.45702
1.45702
1.45702
1.45703
1.45703
1.45703
1.45703
1.45704
1.45704
1.45703
1.45703
1.45704
1.45705
1.45705
1.45705
1.45705
1.45705
1.45705
1.45704
1.45703
1.45704
1.45703
1.45704
1.45704
1.45704
1.45704
1.45704
1.45704
1.45704
1.45704
1.45704
1.45704
1.45704
1.45704
1.45704
1.45703
1.45703
1.45703
1.45703
1.45703
1.45704
1.45704
1.45703
1.45703
1.45703
1.45703
1.45704
1.45704
1.45704
1.45704
1.45704
1.45704
1.45704
1.45703
1.45703
1.45702
1.45702
1.45703
1.45702
1.45702
1.45702
1.45701
1.45702
1.45701
1.45701
1.45701
1.45701
1.45701
1.45701
1.45701
1.45701
1.45701
1.45701
1.45701
1.45701
1.457
1.45701
1.45701
1.45701
1.45701
1.457
1.457
1.45699
1.45698
1.45698
1.45698
1.45698
1.45698
1.45698
1.45698
1.45699
1.45699
1.457
1.45699
1.45699
1.45699
1.45699
1.45699
1.45699
1.45699
1.45699
1.457
1.457
1.457
1.45699
1.45699
1.45698
1.45699
1.45699
1.45699
1.45699
1.457
1.45699
1.457
1.457
1.45701
1.45701
1.45701
1.45701
1.45701
1.45701
1.45702
1.45702
1.45702
1.45702
1.45702
1.45703
1.45703
1.45704
1.45704
1.45703
1.45704
1.45704
1.45703
1.45703
1.45704
1.45704
1.45704
1.45705
1.45705
1.45704
1.45704
1.45704
1.45705
1.45705
1.45704
1.45704
1.45704
1.45704
1.45704
1.45704
1.45704
1.45704
1.45704
1.45704
1.45705
1.45705
1.45705
1.45705
1.45706
1.45705
1.45704
1.45705
1.45705
1.45706
1.45706
1.45707
1.45707
1.45707
1.45707
1.45707
1.45707
1.45706
1.45706
1.45707
1.45707
1.45707
1.45708
1.45709
1.45709
1.45708
1.45707
1.45708
1.45708
1.45709
1.4571
1.45711
1.45711
1.45711
1.4571
1.45709
1.45709
1.45708
1.45707
1.45707
1.45708
1.45709
1.45709
1.45709
1.45709
1.45709
1.45707
1.45707
1.45707
1.45708
1.45708
1.45708
1.45708
1.45708
1.45708
1.45708
1.45708
1.45709
1.45709
1.45709
1.45709
1.45709
1.45709
1.45708
1.45709
1.45709
1.4571
1.45709
1.45709
1.45709
1.45709
1.4571
1.4571
1.45709
1.45708
1.45708
1.45709
1.45711
1.4571
1.45711
1.4571
1.4571
1.4571
1.4571
1.45711
1.4571
1.45711
1.4571
1.4571
1.45709
1.45709
1.45709
1.45709
1.45709
1.45709
1.4571
1.4571
1.45709
1.4571
1.4571
1.4571
1.45709
1.4571
1.4571
1.4571
1.4571
1.4571
1.45709
1.45709
1.45709
1.45709
1.45708
1.45709
1.45708
1.45707
1.45707
1.45707
1.45707
1.45707
1.45708
1.45708
1.45708
1.45708
1.45709
1.45709
1.45709
1.45709
1.4571
1.45709
1.45709
1.45709
1.4571
1.45711
1.45711
1.45711
1.45711
1.45711
1.45711
1.45711
1.4571
1.45709
1.45709
1.45709
1.45709
1.45708
1.45708
1.45708
1.45708
1.45708
1.45709
1.45708
1.45708
1.45709
1.45709
1.45708
1.45708
1.45707
1.45707
1.45707
1.45707
1.45708
1.45707
1.45707
1.45706
1.45706
1.45707
1.45708
1.45708
1.45709
1.4571
1.4571
1.45711
1.45711
1.45712
1.45711
1.45711
1.45712
1.45711
1.45711
1.4571
1.45709
1.4571
1.4571
1.45709
1.45709
1.45709
1.45709
1.45708
1.45707
1.45708
1.45709
1.45709
1.45708
1.45708
1.45708
1.45708
1.45708
1.45708
1.45708
1.45709
1.45709
1.45709
1.4571
1.45709
1.45708
1.45709
1.45708
1.45708
1.45709
1.45709
1.45709
1.45709
1.45709
1.45708
1.45708
1.45707
1.45708
1.45708
1.45707
1.45706
1.45705
1.45705
1.45705
1.45705
1.45705
1.45705
1.45706
1.45705
1.45705
1.45705
1.45704
1.45704
1.45705
1.45705
1.45705
1.45705
1.45705
1.45705
1.45705
1.45705
1.45705
1.45705
1.45705
1.45704
1.45703
1.45703
1.45703
1.45703
1.45704
1.45705
1.45705
1.45704
1.45704
1.45705
1.45705
1.45704
1.45704
1.45704
1.45704
1.45704
1.45705
1.45705
1.45706
1.45705
1.45705
1.45705
1.45705
1.45705
1.45704
1.45704
1.45704
1.45704
1.45703
1.45704
1.45704
1.45703
1.45704
1.45705
1.45705
1.45705
1.45705
1.45704
1.45705
1.45705
1.45704
1.45704
1.45705
1.45705
1.45705
1.45704
1.45705
1.45705
1.45705
1.45706
1.45706
1.45705
1.45706
1.45707
1.45706
1.45707
1.45707
1.45707
1.45707
1.45707
1.45707
1.45707
1.45707
1.45708
1.45708
1.45709
1.45709
1.45708
1.45707
1.45707
1.45706
1.45706
1.45706
1.45706
1.45706
1.45706
1.45706
1.45706
1.45706
1.45705
1.45705
1.45705
1.45705
1.45704
1.45704
1.45705
1.45705
1.45704
1.45704
1.45705
1.45705
1.45704
1.45705
1.45704
1.45705
1.45705
1.45706
1.45706
1.45708
1.45708
1.45708
1.45709
1.45709
1.45708
1.45709
1.45708
1.45708
1.45708
1.45706
1.45707
1.45707
1.45707
1.45706
1.45706
1.45706
1.45705
1.45704
1.45705
1.45704
1.45704
1.45704
1.45704
1.45705
1.45705
1.45705
1.45705
1.45706
1.45706
1.45706
1.45705
1.45705
1.45705
1.45705
1.45706
1.45706
1.45705
1.45706
1.45706
1.45706
1.45706
1.45706
1.45706
1.45706
1.45705
1.45705
1.45706
1.45705
1.45705
1.45704
1.45704
1.45704
1.45704
1.45705
1.45705
1.45704
1.45704
1.45704
1.45702
1.45703
1.45703
1.45702
1.45701
1.45701
1.457
1.45701
1.45701
1.457
1.457
1.457
1.457
1.457
1.457
1.45699
1.45699
1.45699
1.45699
1.45699
1.457
1.457
1.457
1.45701
1.45701
1.45702
1.45703
1.45704
1.45704
1.45704
1.45705
1.45705
1.45705
1.45705
1.45705
1.45704
1.45704
1.45704
1.45705
1.45705
1.45705
1.45705
1.45704
1.45704
1.45703
1.45702
1.45701
1.45701
1.45701
1.457
1.45701
1.45702
1.45701
1.45701
1.45701
1.45701
1.45701
1.45703
1.45703
1.45704
1.45703
1.45704
1.45704
1.45704
1.45704
1.45703
1.45704
1.45704
1.45703
1.45704
1.45704
1.45703
1.45704
1.45704
1.45703
1.45704
1.45704
1.45704
1.45705
1.45705
1.45704
1.45704
1.45704
1.45704
1.45704
1.45705
1.45704
1.45704
1.45704
1.45704
1.45704
1.45703
1.45703
1.45703
1.45704
1.45705
1.45705
1.45705
1.45705
1.45705
1.45704
1.45704
1.45705
1.45704
1.45704
1.45705
1.45705
1.45706
1.45706
1.45706
1.45706
1.45707
1.45707
1.45707
1.45707
1.45706
1.45706
1.45707
1.45707
1.45706
1.45706
1.45706
1.45705
1.45705
1.45704
1.45704
1.45703
1.45704
1.45704
1.45704
1.45703
1.45703
1.45704
1.45705
1.45705
1.45705
1.45705
1.45705
1.45705
1.45704
1.45704
1.45705
1.45706
1.45706
1.45707
1.45707
1.45707
1.45707
1.45708
1.45709
1.45709
1.45709
1.45709
1.45709
1.45709
1.45709
1.45708
1.45707
1.45708
1.45708
1.45709
1.45709
1.45709
1.45709
1.45709
1.45709
1.45709
1.4571
1.45709
1.45709
1.45709
1.45709
1.45709
1.4571
1.45711
1.4571
1.4571
1.4571
1.45709
1.45709
1.45709
1.45711
1.4571
1.45709
1.4571
1.45711
1.45711
1.45712
1.45712
1.45712
1.45712
1.4571
1.45709
1.4571
1.45711
1.45711
1.45711
1.45711
1.45711
1.45709
1.4571
1.45709
1.45709
1.45709
1.45708
1.45708
1.45708
1.45707
1.45707
1.45707
1.45707
1.45706
1.45706
1.45706
1.45705
1.45705
1.45705
1.45704
1.45704
1.45704
1.45703
1.45703
1.45702
1.45702
1.45702
1.45701
1.45701
1.45701
1.45701
1.45702
1.45702
1.45701
1.45702
1.45702
1.45702
1.45703
1.45703
1.45703
1.45703
1.45702
1.45702
1.45701
1.45701
1.45701
1.457
1.45701
1.45701
1.45701
1.45701
1.45701
1.45701
1.45701
1.457
1.457
1.457
1.457
1.457
1.45699
1.45699
1.45699
1.45699
1.45699
1.45698
1.45697
1.45697
1.45698
1.45697
1.45696
1.45697
1.45697
1.45697
1.45697
1.45697
1.45697
1.45697
1.45697
1.45697
1.45697
1.45697
1.45697
1.45697
1.45697
1.45697
1.45697
1.45698
1.45698
1.45698
1.45699
1.45698
1.45699
1.45698
1.45698
1.45698
1.45699
1.45699
1.45699
1.457
1.457
1.45699
1.45698
1.45698
1.457
1.457
1.45699
1.457
1.45699
1.45699
1.45698
1.45698
1.45697
1.45697
1.45697
1.45696
1.45695
1.45695
1.45694
1.45693
1.45693
1.45692
1.45692
1.45692
1.45692
1.45692
1.45692
1.45691
1.45692
1.45692
1.45692
1.45693
1.45692
1.45692
1.45691
1.45692
1.45692
1.45692
1.45692
1.45691
1.45889
1.45889
1.45889
1.45889
1.45889
1.45889
1.45888
1.45888
1.45887
1.45887
1.45887
1.45886
1.45886
1.45887
1.45887
1.45886
1.45886
1.45885
1.45885
1.45885
1.45885
1.45886
1.45885
1.45885
1.45885
1.45887
1.45886
1.45887
1.45886
1.45887
1.45887
1.45888
1.45887
1.45888
1.45889
1.45889
1.45888
1.45889
1.45888
1.45887
1.45887
1.45887
1.45887
1.45887
1.45888
1.45887
1.45886
1.45886
1.45886
1.45887
1.45887
1.45888
1.45888
1.45887
1.45887
1.45888
1.45887
1.45887
1.45888
1.45888
1.45888
1.45887
1.45887
1.45888
1.45888
1.45887
1.45887
1.45886
1.45886
1.45886
1.45886
1.45885
1.45885
1.45885
1.45885
1.45885
1.45884
1.45883
1.45884
1.45884
1.45884
1.45883
1.45882
1.45882
1.45881
1.45881
1.45882
1.45881
1.45881
1.45881
1.45881
1.45881
1.45882
1.45883
1.45882
1.45882
1.45883
1.45884
1.45884
1.45884
1.45884
1.45885
1.45884
1.45884
1.45884
1.45885
1.45885
1.45885
1.45884
1.45883
1.45883
1.45884
1.45884
1.45885
1.45884
1.45884
1.45884
1.45883
1.45883
1.45883
1.45885
1.45884
1.45884
1.45883
1.45883
1.45882
1.45882
1.45882
1.45881
1.4588
1.4588
1.45881
1.4588
1.45881
1.4588
1.45879
1.45879
1.45879
1.45878
1.45878
1.45878
1.45878
1.45878
1.45879
1.45879
1.45879
1.45878
1.45878
1.45878
1.45878
1.45877
1.45876
1.45876
1.45876
1.45876
1.45877
1.45877
1.45876
1.45877
1.45876
1.45876
1.45875
1.45875
1.45876
1.45876
1.45876
1.45876
1.45877
1.45877
1.45876
1.45877
1.45878
1.45877
1.45876
1.45876
1.45877
1.45876
1.45876
1.45876
1.45876
1.45876
1.45876
1.45876
1.45876
1.45876
1.45876
1.45875
1.45875
1.45875
1.45875
1.45876
1.45876
1.45875
1.45875
1.45875
1.45875
1.45875
1.45876
1.45875
1.45875
1.45875
1.45875
1.45875
1.45875
1.45874
1.45874
1.45874
1.45873
1.45872
1.45872
1.45872
1.45873
1.45872
1.45872
1.45872
1.45873
1.45872
1.45872
1.45872
1.45872
1.45871
1.45872
1.45873
1.45872
1.45871
1.45872
1.45873
1.45872
1.45872
1.45872
1.45871
1.45871
1.45871
1.45871
1.4587
1.4587
1.4587
1.4587
1.4587
1.4587
1.4587
1.4587
1.4587
1.45871
1.45872
1.45871
1.45872
1.45871
1.45871
1.45869
1.4587
1.45869
1.45869
1.4587
1.4587
1.4587
1.4587
1.4587
1.4587
1.4587
1.45871
1.4587
1.4587
1.45871
1.45871
1.45871
1.4587
1.45869
1.45869
1.45869
1.45869
1.4587
1.45869
1.45869
1.45869
1.45868
1.45868
1.45868
1.45868
1.45869
1.45869
1.45868
1.45869
1.45869
1.4587
1.4587
1.45869
1.45869
1.45869
1.4587
1.4587
1.45871
1.45871
1.45872
1.45872
1.45872
1.45872
1.45872
1.45872
1.45872
1.45871
1.45871
1.45871
1.45871
1.45871
1.45871
1.45872
1.45872
1.45872
1.45873
1.45872
1.45872
1.45872
1.45871
1.45872
1.45873
1.45872
1.45873
1.45873
1.45872
1.45873
1.45874
1.45874
1.45874
1.45875
1.45874
1.45874
1.45873
1.45872
1.45873
1.45873
1.45873
1.45873
1.45873
1.45873
1.45873
1.45873
1.45873
1.45873
1.45873
1.45873
1.45873
1.45873
1.45873
1.45874
1.45874
1.45874
1.45873
1.45873
1.45872
1.45872
1.45872
1.45872
1.45873
1.45873
1.45873
1.45872
1.45873
1.45874
1.45872
1.45872
1.45872
1.45872
1.45873
1.45873
1.45875
1.45876
1.45876
1.45876
1.45876
1.45877
1.45877
1.45877
1.45877
1.45877
1.45877
1.45877
1.45878
1.45878
1.45878
1.45879
1.45879
1.45879
1.45879
1.45879
1.45879
1.45879
1.4588
1.45879
1.45877
1.45878
1.45878
1.45878
1.45877
1.45877
1.45877
1.45877
1.45877
1.45878
1.45878
1.45878
1.45878
1.45878
1.45878
1.45879
1.45879
1.45878
1.45878
1.45877
1.45877
1.45877
1.45877
1.45878
1.45878
1.45879
1.45879
1.45878
1.45878
1.45877
1.45877
1.45877
1.45878
1.45878
1.45878
1.45879
1.45879
1.45879
1.4588
1.45879
1.45879
1.45879
1.45879
1.45879
1.45879
1.4588
1.45879
1.4588
1.4588
1.45879
1.45879
1.45878
1.45878
1.45878
1.45878
1.45878
1.45878
1.45877
1.45877
1.45877
1.45878
1.45878
1.45879
1.45879
1.45879
1.45878
1.45878
1.45877
1.45877
1.45878
1.45878
1.45878
1.45878
1.45879
1.45878
1.45879
1.45878
1.45879
1.45879
1.45879
1.4588
1.45881
1.45881
1.4588
1.4588
1.45881
1.45881
1.45881
1.4588
1.4588
1.45881
1.45881
1.45881
1.45881
1.45881
1.45882
1.45881
1.45881
1.4588
1.45881
1.4588
1.45881
1.45881
1.45882
1.45882
1.45882
1.45882
1.45883
1.45883
1.45882
1.45882
1.45882
1.45883
1.45884
1.45884
1.45884
1.45883
1.45883
1.45884
1.45883
1.45883
1.45882
1.45884
1.45884
1.45884
1.45885
1.45884
1.45883
1.45883
1.45884
1.45884
1.45883
1.45884
1.45883
1.45883
1.45883
1.45884
1.45884
1.45884
1.45885
1.45884
1.45885
1.45886
1.45885
1.45885
1.45885
1.45886
1.45886
1.45885
1.45885
1.45886
1.45886
1.45886
1.45886
1.45885
1.45886
1.45886
1.45887
1.45887
1.45887
1.45888
1.45889
1.4589
1.4589
1.4589
1.4589
1.4589
1.4589
1.4589
1.4589
1.45889
1.45889
1.45888
1.45888
1.45888
1.45888
1.45889
1.45889
1.45888
1.45889
1.4589
1.45889
1.45888
1.45888
1.45889
1.4589
1.4589
1.45889
1.4589
1.45892
1.45891
1.45891
1.45892
1.45892
1.45891
1.45891
1.45891
1.4589
1.45891
1.4589
1.45891
1.45891
1.45891
1.45892
1.45892
1.45893
1.45892
1.45892
1.45891
1.45891
1.45892
1.45892
1.45892
1.45892
1.45892
1.45891
1.45891
1.45891
1.45891
1.45891
1.45891
1.4589
1.4589
1.4589
1.45889
1.45889
1.45889
1.45889
1.45889
1.45889
1.45889
1.4589
1.4589
1.45889
1.45888
1.45889
1.45888
1.45889
1.4589
1.45889
1.45888
1.45889
1.4589
1.45889
1.45889
1.45889
1.45889
1.4589
1.4589
1.4589
1.45889
1.4589
1.45889
1.45889
1.45889
1.4589
1.4589
1.4589
1.4589
1.45891
1.45891
1.45891
1.45891
1.4589
1.4589
1.4589
1.4589
1.4589
1.4589
1.4589
1.4589
1.45889
1.45889
1.45889
1.45889
1.4589
1.4589
1.4589
1.45891
1.45892
1.45892
1.45892
1.45892
1.45892
1.45893
1.45893
1.45893
1.45893
1.45894
1.45895
1.45896
1.45896
1.45896
1.45896
1.45897
1.45897
1.45896
1.45897
1.45895
1.45895
1.45896
1.45896
1.45897
1.45897
1.45896
1.45896
1.45896
1.45897
1.45896
1.45896
1.45897
1.45897
1.45897
1.45896
1.45896
1.45895
1.45895
1.45895
1.45895
1.45896
1.45895
1.45895
1.45896
1.45896
1.45896
1.45896
1.45896
1.45897
1.45896
1.45896
1.45896
1.45896
1.45896
1.45897
1.45896
1.45895
1.45895
1.45894
1.45894
1.45894
1.45894
1.45893
1.45892
1.45893
1.45893
1.45893
1.45893
1.45895
1.45895
1.45895
1.45895
1.45895
1.45895
1.45895
1.45896
1.45896
1.45896
1.45896
1.45897
1.45896
1.45896
1.45896
1.45896
1.45896
1.45896
1.45896
1.45896
1.45896
1.45895
1.45895
1.45894
1.45894
1.45894
1.45894
1.45895
1.45895
1.45895
1.45895
1.45895
1.45895
1.45895
1.45894
1.45895
1.45894
1.45894
1.45895
1.45895
1.45895
1.45895
1.45894
1.45894
1.45893
1.45894
1.45894
1.45894
1.45893
1.45894
1.45894
1.45894
1.45894
1.45895
1.45895
1.45896
1.45895
1.45895
1.45895
1.45895
1.45895
1.45895
1.45894
1.45894
1.45895
1.45894
1.45894
1.45893
1.45893
1.45893
1.45893
1.45893
1.45893
1.45893
1.45893
1.45893
1.45892
1.45893
1.45894
1.45894
1.45894
1.45895
1.45894
1.45895
1.45895
1.45894
1.45894
1.45894
1.45893
1.45894
1.45894
1.45894
1.45894
1.45893
1.45893
1.45893
1.45894
1.45894
1.45894
1.45894
1.45893
1.45894
1.45894
1.45893
1.45893
1.45892
1.45893
1.45893
1.45893
1.45892
1.45891
1.45892
1.45891
1.45891
1.45892
1.45892
1.45892
1.45893
1.45893
1.45893
1.45894
1.45895
1.45895
1.45895
1.45894
1.45895
1.45895
1.45895
1.45895
1.45895
1.45896
1.45896
1.45896
1.45896
1.45896
1.45896
1.45897
1.45897
1.45896
1.45896
1.45897
1.45897
1.45897
1.45898
1.45898
1.45898
1.45897
1.45897
1.45897
1.45896
1.45896
1.45895
1.45894
1.45894
1.45894
1.45894
1.45894
1.45895
1.45897
1.45897
1.45897
1.45897
1.45896
1.45896
1.45896
1.45896
1.45897
1.45896
1.45896
1.45896
1.45896
1.45896
1.45896
1.45897
1.45897
1.45896
1.45897
1.45897
1.45897
1.45895
1.45895
1.45896
1.45896
1.45897
1.45898
1.45898
1.45898
1.45898
1.45898
1.45899
1.45899
1.45899
1.45899
1.45899
1.45899
1.459
1.459
1.459
1.459
1.45901
1.459
1.459
1.45899
1.459
1.45901
1.45901
1.45901
1.459
1.45901
1.45901
1.45901
1.45901
1.459
1.45899
1.45899
1.459
1.45901
1.45901
1.45901
1.45902
1.45901
1.45901
1.45901
1.45901
1.45901
1.45901
1.459
1.459
1.45899
1.459
1.459
1.459
1.459
1.45901
1.459
1.459
1.459
1.459
1.459
1.45899
1.459
1.45899
1.45899
1.45899
1.45897
1.45897
1.45898
1.45897
1.45897
1.45898
1.45899
1.45899
1.45899
1.459
1.459
1.459
1.45899
1.459
1.45899
1.45899
1.459
1.45901
1.45901
1.45901
1.46155
1.46156
1.46155
1.46155
1.46155
1.46154
1.46154
1.46154
1.46155
1.46155
1.46155
1.46155
1.46154
1.46155
1.46156
1.46156
1.46157
1.46157
1.46158
1.46158
1.46157
1.46156
1.46156
1.46156
1.46157
1.46156
1.46156
1.46156
1.46156
1.46156
1.46156
1.46156
1.46156
1.46155
1.46154
1.46155
1.46156
1.46157
1.46157
1.46157
1.46157
1.46157
1.46158
1.46158
1.46158
1.46158
1.46158
1.46158
1.46158
1.46158
1.46158
1.46158
1.46158
1.46157
1.46158
1.46159
1.46158
1.46158
1.46159
1.46159
1.46159
1.46159
1.4616
1.46161
1.46161
1.46161
1.46162
1.46162
1.46162
1.46163
1.46163
1.46163
1.46163
1.46164
1.46164
1.46164
1.46164
1.46165
1.46164
1.46165
1.46165
1.46165
1.46165
1.46165
1.46166
1.46166
1.46165
1.46165
1.46165
1.46164
1.46164
1.46164
1.46165
1.46166
1.46166
1.46166
1.46166
1.46166
1.46166
1.46166
1.46167
1.46167
1.46167
1.46166
1.46166
1.46167
1.46166
1.46166
1.46167
1.46167
1.46167
1.46167
1.46167
1.46167
1.46168
1.46167
1.46167
1.46167
1.46168
1.46168
1.46168
1.46168
1.46168
1.46169
1.46169
1.46168
1.46168
1.46169
1.46169
1.46168
1.46168
1.46168
1.46168
1.46168
1.46167
1.46168
1.46167
1.46166
1.46166
1.46166
1.46166
1.46165
1.46165
1.46166
1.46166
1.46166
1.46166
1.46167
1.46167
1.46167
1.46167
1.46167
1.46166
1.46166
1.46166
1.46165
1.46165
1.46166
1.46165
1.46164
1.46164
1.46164
1.46164
1.46164
1.46164
1.46164
1.46164
1.46164
1.46164
1.46164
1.46164
1.46164
1.46164
1.46165
1.46165
1.46165
1.46164
1.46164
1.46164
1.46165
1.46165
1.46165
1.46165
1.46165
1.46166
1.46166
1.46167
1.46166
1.46164
1.46164
1.46163
1.46164
1.46164
1.46164
1.46164
1.46165
1.46165
1.46165
1.46163
1.46164
1.46163
1.46164
1.46164
1.46165
1.46164
1.46164
1.46164
1.46164
1.46163
1.46163
1.46162
1.46163
1.46162
1.46163
1.46164
1.46165
1.46164
1.46163
1.46164
1.46164
1.46165
1.46165
1.46165
1.46165
1.46166
1.46166
1.46166
1.46165
1.46166
1.46165
1.46164
1.46165
1.46165
1.46164
1.46165
1.46166
1.46165
1.46165
1.46165
1.46165
1.46165
1.46164
1.46165
1.46166
1.46167
1.46168
1.46168
1.46166
1.46166
1.46166
1.46167
1.46167
1.46167
1.46168
1.46167
1.46167
1.46167
1.46167
1.46167
1.46167
1.46167
1.46168
1.46168
1.46168
1.46168
1.46167
1.46167
1.46167
1.46168
1.46168
1.46168
1.46169
1.46169
1.46168
1.46168
1.46168
1.46168
1.46168
1.46168
1.46168
1.46168
1.46168
1.46168
1.46168
1.46168
1.46167
1.46166
1.46166
1.46166
1.46166
1.46166
1.46167
1.46167
1.46167
1.46166
1.46166
1.46167
1.46167
1.46168
1.46168
1.46168
1.46167
1.46167
1.46167
1.46167
1.46166
1.46167
1.46167
1.46167
1.46166
1.46166
1.46165
1.46165
1.46164
1.46164
1.46164
1.46164
1.46164
1.46165
1.46164
1.46164
1.46164
1.46164
1.46164
1.46164
1.46163
1.46163
1.46163
1.46163
1.46164
1.46163
1.46164
1.46163
1.46164
1.46164
1.46164
1.46164
1.46165
1.46166
1.46167
1.46166
1.46166
1.46168
1.46168
1.46167
1.46167
1.46167
1.46166
1.46166
1.46166
1.46165
1.46165
1.46166
1.46166
1.46166
1.46166
1.46166
1.46166
1.46167
1.46167
1.46166
1.46165
1.46166
1.46166
1.46166
1.46166
1.46166
1.46166
1.46166
1.46164
1.46165
1.46165
1.46165
1.46165
1.46165
1.46166
1.46165
1.46164
1.46164
1.46165
1.46165
1.46165
1.46165
1.46165
1.46165
1.46164
1.46164
1.46164
1.46163
1.46163
1.46163
1.46164
1.46164
1.46164
1.46163
1.46163
1.46164
1.46164
1.46165
1.46165
1.46165
1.46165
1.46165
1.46165
1.46165
1.46165
1.46165
1.46165
1.46165
1.46165
1.46164
1.46164
1.46164
1.46163
1.46163
1.46164
1.46164
1.46164
1.46163
1.46163
1.46163
1.46163
1.46163
1.46162
1.46162
1.46161
1.46161
1.46161
1.46161
1.46162
1.46162
1.46163
1.46163
1.46163
1.46163
1.46163
1.46163
1.46163
1.46162
1.46162
1.46162
1.46162
1.46162
1.46163
1.46162
1.46162
1.46162
1.46162
1.46162
1.46162
1.46163
1.46163
1.46163
1.46163
1.46163
1.46163
1.46163
1.46164
1.46164
1.46163
1.46163
1.46162
1.46162
1.46163
1.46162
1.46161
1.46162
1.46161
1.46161
1.46161
1.46162
1.46163
1.46163
1.46163
1.46164
1.46163
1.46164
1.46163
1.46163
1.46164
1.46164
1.46165
1.46165
1.46165
1.46165
1.46165
1.46164
1.46163
1.46162
1.46162
1.46162
1.46161
1.46161
1.46162
1.46163
1.46163
1.46163
1.46163
1.46164
1.46164
1.46164
1.46164
1.46164
1.46164
1.46165
1.46164
1.46164
1.46163
1.46163
1.46163
1.46164
1.46164
1.46164
1.46164
1.46164
1.46164
1.46164
1.46164
1.46163
1.46164
1.46164
1.46164
1.46164
1.46165
1.46164
1.46164
1.46165
1.46165
1.46165
1.46165
1.46165
1.46166
1.46165
1.46165
1.46164
1.46164
1.46163
1.46164
1.46164
1.46164
1.46163
1.46163
1.46163
1.46163
1.46163
1.46162
1.46163
1.46164
1.46164
1.46164
1.46164
1.46164
1.46165
1.46165
1.46166
1.46165
1.46166
1.46166
1.46165
1.46165
1.46164
1.46165
1.46165
1.46164
1.46164
1.46164
1.46164
1.46164
1.46165
1.46165
1.46166
1.46166
1.46166
1.46166
1.46166
1.46167
1.46167
1.46166
1.46166
1.46166
1.46166
1.46166
1.46167
1.46166
1.46165
1.46166
1.46166
1.46166
1.46166
1.46167
1.46166
1.46167
1.46168
1.46168
1.46168
1.46167
1.46167
1.46167
1.46168
1.46168
1.46168
1.46168
1.46168
1.46169
1.46168
1.46168
1.46168
1.46168
1.46169
1.46169
1.46168
1.46169
1.46167
1.46166
1.46167
1.46167
1.46167
1.46167
1.46167
1.46167
1.46166
1.46166
1.46166
1.46167
1.46167
1.46167
1.46167
1.46167
1.46167
1.46168
1.46168
1.46169
1.4617
1.46171
1.4617
1.46171
1.46171
1.46172
1.46172
1.46171
1.46171
1.46172
1.46172
1.46172
1.46172
1.46172
1.46172
1.46172
1.46173
1.46173
1.46172
1.46172
1.46172
1.46172
1.46171
1.46171
1.46171
1.46171
1.4617
1.46171
1.46171
1.46171
1.46171
1.46171
1.46172
1.46172
1.46172
1.46171
1.46171
1.4617
1.46171
1.4617
1.46171
1.46169
1.4617
1.46169
1.46169
1.46169
1.46169
1.46168
1.46169
1.46168
1.46169
1.46169
1.4617
1.46169
1.46169
1.46169
1.4617
1.46169
1.4617
1.4617
1.4617
1.46169
1.46168
1.46168
1.46167
1.46168
1.46168
1.46167
1.46167
1.46165
1.46165
1.46165
1.46165
1.46167
1.46166
1.46166
1.46166
1.46166
1.46167
1.46167
1.46168
1.46168
1.46168
1.46168
1.46169
1.46169
1.4617
1.4617
1.46171
1.4617
1.4617
1.4617
1.46169
1.46168
1.46169
1.46169
1.46169
1.46169
1.46168
1.46169
1.46169
1.4617
1.46169
1.46169
1.4617
1.4617
1.46169
1.46169
1.46168
1.46168
1.46169
1.46169
1.46169
1.46169
1.4617
1.4617
1.46171
1.4617
1.4617
1.4617
1.46169
1.46169
1.46169
1.46168
1.46168
1.46167
1.46167
1.46168
1.46168
1.46168
1.46169
1.46169
1.46169
1.46169
1.4617
1.46169
1.46169
1.46168
1.46168
1.46167
1.46167
1.46166
1.46166
1.46166
1.46165
1.46165
1.46163
1.46163
1.46164
1.46163
1.46163
1.46163
1.46162
1.46163
1.46162
1.46162
1.46162
1.46162
1.46161
1.46161
1.46161
1.46161
1.46162
1.46161
1.46161
1.46162
1.46162
1.46162
1.46161
1.4616
1.4616
1.46161
1.46161
1.4616
1.4616
1.4616
1.4616
1.4616
1.4616
1.46161
1.46161
1.46161
1.46161
1.46161
1.46161
1.46162
1.46161
1.46161
1.46161
1.46161
1.46162
1.46164
1.46164
1.46164
1.46163
1.46163
1.46163
1.46163
1.46162
1.46162
1.46161
1.46161
1.4616
1.4616
1.4616
1.4616
1.4616
1.4616
1.4616
1.46161
1.4616
1.4616
1.4616
1.4616
1.46159
1.46159
1.46159
1.46158
1.46158
1.46157
1.46157
1.46158
1.46158
1.46158
1.46158
1.46157
1.46158
1.46158
1.46157
1.46158
1.46157
1.46157
1.46156
1.46157
1.46157
1.46156
1.46156
1.46155
1.46156
1.46155
1.46156
1.46155
1.46155
1.46156
1.46155
1.46155
1.46155
1.46155
1.46154
1.46155
1.46154
1.46154
1.46153
1.46153
1.46154
1.46155
1.46155
1.46156
1.46156
1.46157
1.46156
1.46156
1.46156
1.46156
1.46156
1.46156
1.46157
1.46157
1.46158
1.46158
1.46158
1.46158
1.46159
1.46159
1.46159
1.46159
1.46159
1.46158
1.46158
1.46158
1.46158
1.46158
1.46158
1.46159
1.46159
1.46159
1.46158
1.46158
1.46159
1.46158
1.46158
1.46159
1.46159
1.4616
1.46159
1.46159
1.46159
1.46158
1.46158
1.46158
1.46158
1.46158
1.46159
1.46158
1.46158
1.46157
1.46156
1.46156
1.46156
1.46156
1.46156
1.46156
1.46158
1.46156
1.46158
1.46158
1.46158
1.46158
1.46158
1.46158
1.46158
1.46157
1.46157
1.46156
1.46155
1.46155
1.46156
1.46157
1.46158
1.46159
1.46159
1.46158
1.46158
1.46158
1.46157
1.46157
1.46158
1.46158
1.46157
1.46157
1.46157
1.46156
1.46156
1.46157
1.46157
1.46158
1.46158
1.46158
1.46158
1.46158
1.46158
1.46157
1.46157
1.46157
1.46157
1.46157
1.46156
1.46156
1.46156
1.46155
1.46155
1.46155
1.46155
1.46155
1.46156
1.46156
1.46156
1.46156
1.47051
1.47051
1.47051
1.47052
1.47052
1.47051
1.47051
1.4705
1.4705
1.47049
1.47049
1.47048
1.47049
1.47048
1.47049
1.47048
1.47048
1.47048
1.47048
1.4705
1.47049
1.47049
1.4705
1.4705
1.4705
1.47051
1.47052
1.47051
1.47052
1.4705
1.47051
1.47051
1.47051
1.47051
1.4705
1.4705
1.47049
1.47049
1.47049
1.47049
1.47049
1.47048
1.47048
1.47048
1.47048
1.47047
1.47047
1.47047
1.47046
1.47046
1.47046
1.47046
1.47046
1.47046
1.47047
1.47047
1.47046
1.47046
1.47046
1.47046
1.47045
1.47045
1.47044
1.47044
1.47044
1.47045
1.47045
1.47045
1.47045
1.47045
1.47046
1.47046
1.47045
1.47045
1.47044
1.47043
1.47044
1.47043
1.47042
1.47043
1.47043
1.47044
1.47044
1.47044
1.47043
1.47043
1.47043
1.47043
1.47043
1.47042
1.47042
1.47042
1.47041
1.47041
1.47042
1.47041
1.47042
1.47042
1.47042
1.47041
1.47041
1.47042
1.47041
1.47041
1.47041
1.47041
1.47041
1.47041
1.4704
1.4704
1.4704
1.47039
1.47038
1.47038
1.47038
1.47038
1.47038
1.47039
1.47039
1.47039
1.47038
1.47038
1.47039
1.47039
1.47038
1.47039
1.4704
1.47041
1.47041
1.47041
1.47042
1.47042
1.47042
1.47042
1.47042
1.47042
1.47042
1.47042
1.47042
1.47042
1.47042
1.47042
1.47042
1.47042
1.47042
1.47043
1.47043
1.47043
1.47043
1.47043
1.47043
1.47042
1.47042
1.47042
1.47042
1.47042
1.47041
1.47042
1.47042
1.47041
1.47041
1.47041
1.47042
1.47042
1.47043
1.47043
1.47043
1.47043
1.47043
1.47043
1.47043
1.47041
1.47042
1.47042
1.47043
1.47041
1.47041
1.47041
1.47042
1.47042
1.47043
1.47042
1.47042
1.47042
1.47041
1.47042
1.47041
1.47042
1.47042
1.47042
1.47042
1.47042
1.47043
1.47042
1.47042
1.47043
1.47042
1.47042
1.47043
1.47042
1.47041
1.47041
1.4704
1.4704
1.47039
1.47039
1.4704
1.4704
1.4704
1.47041
1.47041
1.4704
1.4704
1.4704
1.4704
1.4704
1.47039
1.47039
1.47039
1.47038
1.47038
1.47038
1.47038
1.47038
1.47039
1.47039
1.47038
1.47039
1.47039
1.47039
1.47039
1.47038
1.47038
1.47038
1.47038
1.47039
1.47039
1.47039
1.47039
1.4704
1.4704
1.4704
1.47039
1.4704
1.4704
1.4704
1.4704
1.47039
1.47039
1.47038
1.47037
1.47038
1.47037
1.47038
1.47038
1.47038
1.47038
1.47038
1.47037
1.47037
1.47036
1.47036
1.47036
1.47035
1.47036
1.47036
1.47036
1.47036
1.47036
1.47036
1.47036
1.47036
1.47035
1.47035
1.47035
1.47035
1.47035
1.47035
1.47036
1.47035
1.47035
1.47035
1.47035
1.47035
1.47034
1.47034
1.47035
1.47035
1.47034
1.47035
1.47034
1.47034
1.47034
1.47034
1.47033
1.47033
1.47032
1.47033
1.47033
1.47033
1.47034
1.47034
1.47034
1.47033
1.47033
1.47034
1.47033
1.47033
1.47033
1.47033
1.47033
1.47033
1.47032
1.47033
1.47033
1.47033
1.47032
1.47034
1.47033
1.47034
1.47035
1.47035
1.47036
1.47036
1.47036
1.47036
1.47037
1.47037
1.47037
1.47037
1.47036
1.47036
1.47036
1.47036
1.47035
1.47035
1.47035
1.47035
1.47035
1.47035
1.47035
1.47035
1.47034
1.47034
1.47035
1.47035
1.47035
1.47036
1.47036
1.47036
1.47036
1.47036
1.47036
1.47036
1.47036
1.47036
1.47036
1.47036
1.47036
1.47037
1.47037
1.47037
1.47037
1.47037
1.47037
1.47037
1.47037
1.47037
1.47037
1.47036
1.47035
1.47035
1.47036
1.47036
1.47036
1.47036
1.47036
1.47037
1.47036
1.47036
1.47036
1.47036
1.47036
1.47036
1.47036
1.47035
1.47036
1.47036
1.47037
1.47037
1.47036
1.47036
1.47036
1.47036
1.47035
1.47035
1.47034
1.47032
1.47032
1.47032
1.47032
1.47032
1.47031
1.47031
1.47031
1.47031
1.47031
1.47031
1.47031
1.47032
1.47032
1.47031
1.47031
1.47031
1.4703
1.4703
1.4703
1.4703
1.4703
1.47029
1.4703
1.4703
1.4703
1.47031
1.47031
1.4703
1.47031
1.4703
1.4703
1.47032
1.47033
1.47033
1.47033
1.47034
1.47034
1.47034
1.47034
1.47034
1.47034
1.47034
1.47035
1.47035
1.47034
1.47034
1.47034
1.47035
1.47034
1.47034
1.47035
1.47034
1.47034
1.47034
1.47035
1.47035
1.47035
1.47035
1.47035
1.47035
1.47036
1.47036
1.47037
1.47037
1.47036
1.47037
1.47037
1.47037
1.47038
1.47038
1.47038
1.47037
1.47037
1.47037
1.47038
1.47038
1.47039
1.47038
1.47038
1.47039
1.47037
1.47037
1.47037
1.47036
1.47036
1.47036
1.47036
1.47036
1.47036
1.47036
1.47037
1.47037
1.47038
1.47037
1.47037
1.47037
1.47037
1.47037
1.47037
1.47038
1.47038
1.47037
1.47037
1.47037
1.47037
1.47037
1.47037
1.47036
1.47036
1.47036
1.47036
1.47036
1.47038
1.47038
1.47038
1.47039
1.47039
1.47038
1.47037
1.47038
1.47038
1.47037
1.47039
1.47039
1.47039
1.47038
1.47038
1.47037
1.47038
1.47038
1.47038
1.47039
1.47038
1.47039
1.47039
1.4704
1.4704
1.47039
1.4704
1.4704
1.4704
1.47039
1.47039
1.47039
1.47038
1.47037
1.47037
1.47037
1.47037
1.47037
1.47037
1.47037
1.47037
1.47037
1.47037
1.47036
1.47037
1.47038
1.47039
1.47039
1.47039
1.47039
1.47039
1.47038
1.47038
1.47038
1.47038
1.47038
1.47038
1.47038
1.47038
1.47037
1.47038
1.47037
1.47038
1.47039
1.47039
1.4704
1.4704
1.4704
1.4704
1.4704
1.4704
1.47041
1.47041
1.47041
1.47041
1.47041
1.47041
1.47041
1.47041
1.47041
1.47041
1.47042
1.47042
1.47041
1.47041
1.47041
1.47042
1.4704
1.47041
1.47041
1.47041
1.4704
1.47041
1.47041
1.47043
1.47043
1.47043
1.47042
1.47043
1.47044
1.47044
1.47043
1.47043
1.47044
1.47043
1.47044
1.47044
1.47044
1.47044
1.47043
1.47043
1.47043
1.47044
1.47044
1.47044
1.47044
1.47043
1.47044
1.47043
1.47043
1.47043
1.47044
1.47044
1.47043
1.47043
1.47043
1.47043
1.47043
1.47044
1.47044
1.47044
1.47044
1.47045
1.47046
1.47045
1.47046
1.47047
1.47046
1.47047
1.47047
1.47047
1.47045
1.47045
1.47046
1.47045
1.47045
1.47045
1.47045
1.47046
1.47046
1.47045
1.47045
1.47045
1.47045
1.47046
1.47046
1.47046
1.47046
1.47046
1.47046
1.47047
1.47046
1.47046
1.47046
1.47045
1.47045
1.47046
1.47045
1.47045
1.47044
1.47044
1.47044
1.47044
1.47044
1.47044
1.47045
1.47046
1.47044
1.47043
1.47043
1.47042
1.47042
1.47043
1.47043
1.47043
1.47043
1.47043
1.47044
1.47045
1.47045
1.47045
1.47045
1.47044
1.47044
1.47044
1.47044
1.47044
1.47046
1.47045
1.47044
1.47044
1.47044
1.47043
1.47044
1.47044
1.47043
1.47041
1.47041
1.47041
1.47041
1.47042
1.47043
1.47042
1.47041
1.4704
1.47041
1.47042
1.47041
1.47041
1.47041
1.47041
1.47041
1.47042
1.47042
1.47042
1.47042
1.47043
1.47043
1.47043
1.47043
1.47044
1.47043
1.47043
1.47042
1.47043
1.47043
1.47042
1.47041
1.47041
1.47042
1.47043
1.47043
1.47044
1.47043
1.47043
1.47043
1.47043
1.47042
1.47041
1.47042
1.47041
1.47041
1.47041
1.47041
1.4704
1.4704
1.4704
1.47039
1.47039
1.47039
1.47039
1.47039
1.47039
1.47039
1.4704
1.47039
1.4704
1.47039
1.4704
1.47041
1.4704
1.4704
1.4704
1.47041
1.47041
1.47043
1.47043
1.47044
1.47044
1.47046
1.47046
1.47046
1.47046
1.47046
1.47047
1.47047
1.47047
1.47048
1.47048
1.47048
1.47048
1.47048
1.47048
1.47048
1.47047
1.47047
1.47046
1.47047
1.47046
1.47045
1.47045
1.47045
1.47046
1.47045
1.47045
1.47047
1.47047
1.47048
1.47049
1.47049
1.47049
1.4705
1.47051
1.47052
1.47052
1.47051
1.47051
1.4705
1.4705
1.4705
1.47051
1.47052
1.47052
1.47052
1.47051
1.47051
1.47051
1.47051
1.47051
1.47051
1.47051
1.47051
1.47051
1.47051
1.47052
1.47052
1.47051
1.47051
1.4705
1.47051
1.4705
1.4705
1.4705
1.4705
1.4705
1.47051
1.4705
1.4705
1.4705
1.4705
1.47051
1.47051
1.47051
1.47052
1.47051
1.47052
1.47051
1.47053
1.47052
1.47052
1.47051
1.47051
1.47051
1.47052
1.47052
1.47052
1.47051
1.47051
1.4705
1.47049
1.47049
1.47048
1.47049
1.47049
1.47048
1.47049
1.4705
1.4705
1.47051
1.47051
1.4705
1.4705
1.4705
1.47051
1.47051
1.47051
1.4705
1.47051
1.47051
1.47051
1.47051
1.47051
1.4705
1.47052
1.47052
1.47052
1.47051
1.47052
1.47052
1.47051
1.4705
1.47051
1.47051
1.47052
1.47051
1.4705
1.47051
1.4705
1.4705
1.47051
1.47051
1.47052
1.47052
1.47051
1.47051
1.47052
1.47052
1.47052
1.47051
1.47051
1.47051
1.47051
1.47051
1.47051
1.47051
1.47051
1.47051
1.4705
1.47051
1.47051
1.4705
1.4705
1.47048
1.47048
1.47048
1.47048
1.47048
1.47049
1.4705
1.47048
1.47049
1.47049
1.47049
1.47049
1.47049
1.47047
1.47047
1.47046
1.47045
1.47045
1.47046
1.47046
1.47046
1.47046
1.47045
1.47045
1.47045
1.47045
1.47045
1.47044
1.47044
1.47044
1.47044
1.47044
1.47043
1.47045
1.47044
1.47044
1.47044
1.47043
1.47044
1.47044
1.47044
1.47043
1.47042
1.47042
1.47042
1.47042
1.47042
1.47041
1.47042
1.47042
1.47042
1.47041
1.47042
1.47042
1.47041
1.47042
1.47042
1.47042
1.42931
1.4293
1.4293
1.4293
1.4293
1.4293
1.4293
1.42929
1.42929
1.4293
1.4293
1.4293
1.4293
1.4293
1.4293
1.4293
1.4293
1.42931
1.42931
1.42931
1.42931
1.42931
1.42931
1.42932
1.42932
1.42933
1.42933
1.42933
1.42934
1.42934
1.42933
1.42933
1.42932
1.42932
1.42932
1.42932
1.42931
1.42932
1.42932
1.42932
1.42932
1.42931
1.42931
1.42931
1.42931
1.4293
1.42929
1.4293
1.4293
1.42929
1.42928
1.42928
1.42928
1.42929
1.42929
1.42929
1.42929
1.42928
1.42928
1.42929
1.42929
1.42928
1.42928
1.42927
1.42927
1.42927
1.42927
1.42927
1.42927
1.42926
1.42926
1.42925
1.42925
1.42925
1.42923
1.42923
1.42923
1.42922
1.42922
1.42922
1.42923
1.42922
1.42922
1.42922
1.42922
1.42922
1.42922
1.42921
1.42922
1.42922
1.42921
1.42921
1.42921
1.42921
1.42921
1.42921
1.42922
1.42922
1.42922
1.42922
1.42922
1.42922
1.42923
1.42923
1.42922
1.42923
1.42923
1.42925
1.42925
1.42925
1.42925
1.42925
1.42925
1.42924
1.42923
1.42923
1.42924
1.42923
1.42924
1.42924
1.42924
1.42923
1.42924
1.42924
1.42924
1.42924
1.42923
1.42923
1.42923
1.42923
1.42923
1.42922
1.42923
1.42923
1.42923
1.42922
1.42922
1.42922
1.42922
1.42922
1.42923
1.42923
1.42923
1.42923
1.42923
1.42922
1.42922
1.42922
1.42922
1.42922
1.42922
1.42922
1.42922
1.42922
1.42922
1.42922
1.42921
1.42921
1.42921
1.4292
1.4292
1.42921
1.42921
1.4292
1.42921
1.4292
1.42921
1.42921
1.42921
1.42921
1.42922
1.42922
1.42922
1.42922
1.42922
1.42923
1.42924
1.42924
1.42923
1.42923
1.42924
1.42923
1.42922
1.42922
1.42922
1.42921
1.42922
1.42923
1.42923
1.42922
1.42921
1.42921
1.4292
1.42919
1.42919
1.42921
1.4292
1.42919
1.4292
1.42921
1.42921
1.4292
1.4292
1.4292
1.42921
1.42921
1.42921
1.42921
1.42921
1.42921
1.4292
1.4292
1.4292
1.4292
1.42919
1.42919
1.4292
1.42921
1.42919
1.42918
1.42919
1.42919
1.42919
1.42918
1.42917
1.42917
1.42918
1.42918
1.42919
1.42919
1.42918
1.42918
1.42919
1.42919
1.42919
1.42918
1.42918
1.42918
1.42918
1.42917
1.42917
1.42918
1.42919
1.42918
1.42917
1.42918
1.42918
1.42918
1.42917
1.42918
1.42917
1.42918
1.42917
1.42917
1.42917
1.42917
1.42918
1.42918
1.42917
1.42917
1.42918
1.42917
1.42917
1.42918
1.42919
1.42919
1.42919
1.42919
1.4292
1.4292
1.4292
1.4292
1.4292
1.42921
1.42921
1.42921
1.4292
1.42921
1.4292
1.4292
1.42921
1.4292
1.42921
1.4292
1.4292
1.42921
1.4292
1.4292
1.4292
1.4292
1.42921
1.4292
1.4292
1.4292
1.4292
1.4292
1.42921
1.4292
1.42921
1.42921
1.42921
1.42922
1.4292
1.4292
1.42919
1.42919
1.4292
1.4292
1.4292
1.4292
1.42921
1.42921
1.42921
1.42923
1.42923
1.42922
1.42923
1.42923
1.42923
1.42923
1.42924
1.42923
1.42923
1.42922
1.42921
1.42922
1.42922
1.42922
1.42922
1.42922
1.42923
1.42923
1.42923
1.42922
1.42923
1.42923
1.42922
1.42922
1.42922
1.42922
1.4292
1.4292
1.4292
1.42921
1.42921
1.42922
1.42921
1.42921
1.42921
1.42921
1.42922
1.42921
1.42921
1.4292
1.42919
1.42919
1.42919
1.4292
1.42921
1.42921
1.42921
1.42922
1.42923
1.42922
1.42922
1.42922
1.42922
1.42922
1.42923
1.42924
1.42924
1.42924
1.42924
1.42925
1.42924
1.42924
1.42925
1.42926
1.42926
1.42926
1.42925
1.42925
1.42925
1.42925
1.42924
1.42924
1.42924
1.42923
1.42923
1.42922
1.42922
1.42923
1.42923
1.42923
1.42923
1.42923
1.42924
1.42924
1.42924
1.42923
1.42923
1.42923
1.42922
1.42923
1.42923
1.42923
1.42923
1.42923
1.42924
1.42924
1.42925
1.42925
1.42925
1.42925
1.42925
1.42926
1.42926
1.42925
1.42925
1.42925
1.42925
1.42924
1.42924
1.42924
1.42925
1.42925
1.42925
1.42925
1.42924
1.42924
1.42924
1.42924
1.42923
1.42922
1.42922
1.42922
1.42922
1.42922
1.42922
1.42922
1.42922
1.42922
1.42922
1.42923
1.42923
1.42923
1.42923
1.42923
1.42923
1.42923
1.42923
1.42923
1.42922
1.42922
1.42921
1.42921
1.4292
1.42922
1.42921
1.42922
1.42921
1.42921
1.42922
1.42922
1.42922
1.42922
1.42923
1.42922
1.42922
1.42923
1.42923
1.42924
1.42925
1.42925
1.42925
1.42925
1.42925
1.42925
1.42926
1.42926
1.42928
1.42928
1.42928
1.42928
1.42928
1.42929
1.42928
1.42928
1.42929
1.42929
1.42929
1.42929
1.4293
1.42929
1.4293
1.4293
1.42929
1.42928
1.42929
1.42927
1.42928
1.42927
1.42927
1.42927
1.42927
1.42928
1.42928
1.42929
1.42928
1.42929
1.4293
1.4293
1.42929
1.42928
1.42928
1.42928
1.42928
1.42928
1.42927
1.42929
1.42928
1.42929
1.42927
1.42927
1.42927
1.42928
1.42929
1.42928
1.42928
1.42928
1.42928
1.42928
1.42929
1.42928
1.42928
1.42927
1.42927
1.42927
1.42927
1.42927
1.42927
1.42926
1.42927
1.42926
1.42926
1.42927
1.42927
1.42927
1.42927
1.42926
1.42926
1.42926
1.42927
1.42926
1.42925
1.42924
1.42925
1.42924
1.42925
1.42925
1.42925
1.42926
1.42925
1.42924
1.42924
1.42924
1.42925
1.42925
1.42926
1.42927
1.42927
1.42928
1.42927
1.42926
1.42926
1.42926
1.42926
1.42926
1.42927
1.42927
1.42926
1.42927
1.42928
1.42928
1.42928
1.42928
1.42927
1.42928
1.42929
1.42929
1.4293
1.42929
1.42929
1.42929
1.42929
1.42929
1.42929
1.42929
1.42928
1.42928
1.42928
1.42929
1.42929
1.42929
1.4293
1.4293
1.4293
1.4293
1.42931
1.42931
1.42932
1.42932
1.42933
1.42934
1.42933
1.42932
1.42932
1.42932
1.42932
1.42932
1.42932
1.42933
1.42933
1.42933
1.42933
1.42933
1.42933
1.42933
1.42934
1.42933
1.42933
1.42933
1.42932
1.42932
1.42933
1.42933
1.42931
1.42931
1.42931
1.42931
1.42932
1.42932
1.42932
1.42932
1.42932
1.42933
1.42934
1.42933
1.42933
1.42933
1.42933
1.42934
1.42934
1.42934
1.42935
1.42935
1.42935
1.42935
1.42935
1.42935
1.42934
1.42933
1.42932
1.42933
1.42933
1.42933
1.42933
1.42933
1.42933
1.42933
1.42934
1.42934
1.42934
1.42935
1.42935
1.42935
1.42934
1.42934
1.42933
1.42934
1.42934
1.42934
1.42934
1.42934
1.42934
1.42934
1.42933
1.42933
1.42934
1.42934
1.42934
1.42934
1.42935
1.42934
1.42933
1.42933
1.42933
1.42933
1.42933
1.42933
1.42933
1.42933
1.42933
1.42933
1.42933
1.42933
1.42934
1.42933
1.42933
1.42934
1.42934
1.42934
1.42933
1.42933
1.42932
1.42933
1.42933
1.42933
1.42934
1.42934
1.42934
1.42934
1.42934
1.42933
1.42932
1.42932
1.42932
1.42933
1.42933
1.42933
1.42934
1.42934
1.42934
1.42934
1.42935
1.42936
1.42936
1.42936
1.42936
1.42936
1.42936
1.42936
1.42937
1.42938
1.42938
1.42937
1.42938
1.42938
1.42939
1.42939
1.42939
1.42939
1.42939
1.42939
1.42939
1.42939
1.4294
1.4294
1.4294
1.4294
1.42939
1.4294
1.42939
1.42938
1.42938
1.42938
1.42938
1.42938
1.42937
1.42937
1.42936
1.42936
1.42936
1.42936
1.42935
1.42935
1.42934
1.42934
1.42933
1.42933
1.42933
1.42933
1.42933
1.42933
1.42933
1.42932
1.42932
1.42931
1.4293
1.42929
1.42929
1.42929
1.42928
1.42929
1.42929
1.42928
1.42929
1.42928
1.4293
1.42929
1.4293
1.4293
1.4293
1.42931
1.42931
1.42931
1.42932
1.42932
1.42932
1.42932
1.42932
1.42933
1.42933
1.42933
1.42933
1.42933
1.42932
1.42932
1.42932
1.42932
1.42932
1.42933
1.42933
1.42933
1.42934
1.42934
1.42934
1.42934
1.42934
1.42933
1.42933
1.42932
1.42932
1.42932
1.42932
1.42931
1.42931
1.42931
1.42931
1.42931
1.42932
1.4293
1.4293
1.42929
1.42929
1.42929
1.42928
1.42928
1.42927
1.42926
1.42927
1.42926
1.42926
1.42926
1.42926
1.42927
1.42927
1.42927
1.42927
1.42927
1.42927
1.42926
1.42926
1.42926
1.42925
1.42925
1.42925
1.42925
1.42925
1.42924
1.42924
1.42924
1.42925
1.42924
1.42925
1.42924
1.42924
1.42925
1.42925
1.42925
1.42925
1.42926
1.42925
1.42923
1.42924
1.42924
1.42924
1.42924
1.42924
1.42924
1.42924
1.42924
1.42925
1.42924
1.42925
1.42925
1.42925
1.42925
1.42925
1.42925
1.42925
1.42926
1.42926
1.42926
1.42926
1.42926
1.42926
1.42926
1.42925
1.42926
1.42926
1.42926
1.42926
1.42926
1.42926
1.42926
1.42926
1.42926
1.42926
1.42925
1.42924
1.42925
1.42925
1.42924
1.42925
1.42925
1.42924
1.42925
1.42925
1.42926
1.42926
1.42925
1.42926
1.42926
1.42925
1.42925
1.42926
1.42924
1.42925
1.42924
1.42924
1.42925
1.42925
1.42925
1.42925
1.42924
1.42924
1.42925
1.42925
1.42924
1.42924
1.42924
1.42925
1.42924
1.42924
1.42924
1.42924
1.42924
1.42923
1.42924
1.42923
1.42922
1.42922
1.42922
1.42923
1.42923
1.42922
1.42921
1.42922
1.42921
1.42922
1.42921
1.42921
1.4292
1.42921
1.4292
1.42921
1.42921
1.42921
1.42922
1.42922
1.42923
1.42923
1.42922
1.42923
1.42923
1.42923
1.42923
1.42923
1.42923
1.42923
1.42923
1.42923
1.42925
1.42924
1.42924
1.42925
1.42925
1.42925
1.42926
1.43444
1.43445
1.43444
1.43444
1.43444
1.43444
1.43444
1.43445
1.43444
1.43444
1.43444
1.43445
1.43445
1.43445
1.43444
1.43444
1.43443
1.43444
1.43444
1.43444
1.43444
1.43444
1.43444
1.43444
1.43444
1.43444
1.43443
1.43445
1.43445
1.43445
1.43445
1.43445
1.43445
1.43445
1.43446
1.43446
1.43446
1.43446
1.43445
1.43445
1.43445
1.43445
1.43444
1.43444
1.43445
1.43444
1.43444
1.43444
1.43444
1.43443
1.43444
1.43444
1.43444
1.43444
1.43445
1.43445
1.43445
1.43446
1.43447
1.43446
1.43445
1.43445
1.43445
1.43446
1.43445
1.43445
1.43445
1.43445
1.43445
1.43444
1.43445
1.43444
1.43444
1.43444
1.43445
1.43445
1.43445
1.43445
1.43445
1.43445
1.43444
1.43444
1.43444
1.43444
1.43444
1.43445
1.43446
1.43445
1.43445
1.43445
1.43445
1.43446
1.43446
1.43445
1.43446
1.43445
1.43446
1.43446
1.43446
1.43447
1.43448
1.43447
1.43447
1.43448
1.43447
1.43447
1.43448
1.43448
1.43447
1.43447
1.43446
1.43447
1.43447
1.43446
1.43447
1.43447
1.43447
1.43448
1.43447
1.43447
1.43447
1.43447
1.43447
1.43447
1.43446
1.43446
1.43447
1.43447
1.43447
1.43447
1.43448
1.43447
1.43448
1.43448
1.43449
1.4345
1.4345
1.4345
1.4345
1.43449
1.43449
1.43449
1.43449
1.43449
1.4345
1.4345
1.43451
1.43451
1.43451
1.43451
1.43451
1.43451
1.43451
1.4345
1.4345
1.4345
1.4345
1.4345
1.4345
1.43449
1.43449
1.43449
1.43449
1.43448
1.43449
1.4345
1.4345
1.4345
1.43451
1.43451
1.4345
1.4345
1.4345
1.43449
1.43449
1.4345
1.4345
1.43451
1.43451
1.43451
1.43451
1.43452
1.43451
1.43451
1.43451
1.43451
1.43451
1.43451
1.4345
1.43451
1.43451
1.43451
1.4345
1.43451
1.43451
1.43451
1.43452
1.43451
1.43451
1.43452
1.43451
1.43452
1.43454
1.43453
1.43453
1.43453
1.43453
1.43453
1.43453
1.43453
1.43452
1.43452
1.43452
1.43453
1.43453
1.43454
1.43455
1.43455
1.43454
1.43454
1.43454
1.43453
1.43454
1.43454
1.43454
1.43454
1.43454
1.43454
1.43454
1.43454
1.43454
1.43454
1.43454
1.43454
1.43454
1.43455
1.43456
1.43456
1.43455
1.43456
1.43456
1.43456
1.43456
1.43456
1.43455
1.43455
1.43455
1.43455
1.43455
1.43455
1.43456
1.43455
1.43456
1.43456
1.43456
1.43456
1.43457
1.43457
1.43457
1.43457
1.43456
1.43455
1.43455
1.43454
1.43455
1.43455
1.43456
1.43456
1.43456
1.43455
1.43455
1.43456
1.43456
1.43455
1.43455
1.43454
1.43454
1.43455
1.43456
1.43456
1.43455
1.43455
1.43455
1.43455
1.43455
1.43456
1.43457
1.43457
1.43456
1.43456
1.43456
1.43456
1.43455
1.43456
1.43456
1.43456
1.43455
1.43456
1.43455
1.43455
1.43455
1.43455
1.43455
1.43455
1.43453
1.43454
1.43454
1.43454
1.43454
1.43453
1.43453
1.43452
1.43453
1.43454
1.43455
1.43454
1.43454
1.43454
1.43454
1.43455
1.43454
1.43454
1.43452
1.43451
1.43452
1.43453
1.43452
1.43452
1.43452
1.43451
1.43451
1.43451
1.4345
1.4345
1.4345
1.4345
1.43451
1.43451
1.43451
1.4345
1.4345
1.43449
1.4345
1.4345
1.43448
1.43448
1.43448
1.43447
1.43448
1.43448
1.43448
1.43448
1.43447
1.43448
1.43448
1.43448
1.43449
1.4345
1.4345
1.4345
1.4345
1.43449
1.43449
1.4345
1.43449
1.43449
1.43449
1.43449
1.43448
1.43447
1.43447
1.43446
1.43446
1.43446
1.43446
1.43447
1.43447
1.43447
1.43448
1.43448
1.43448
1.43448
1.43448
1.43448
1.43447
1.43447
1.43447
1.43446
1.43447
1.43446
1.43446
1.43447
1.43447
1.43447
1.43447
1.43447
1.43448
1.43446
1.43448
1.43448
1.43448
1.43448
1.43447
1.43447
1.43448
1.43448
1.43448
1.43447
1.43447
1.43447
1.43447
1.43446
1.43446
1.43445
1.43445
1.43444
1.43444
1.43444
1.43444
1.43443
1.43443
1.43442
1.43442
1.43441
1.4344
1.43439
1.43439
1.4344
1.43439
1.43438
1.43437
1.43437
1.43437
1.43439
1.43438
1.43437
1.43436
1.43436
1.43436
1.43435
1.43435
1.43436
1.43436
1.43435
1.43434
1.43436
1.43435
1.43435
1.43434
1.43435
1.43435
1.43435
1.43436
1.43435
1.43435
1.43435
1.43436
1.43437
1.43436
1.43436
1.43437
1.43436
1.43437
1.43437
1.43437
1.43436
1.43435
1.43436
1.43436
1.43437
1.43437
1.43436
1.43437
1.43438
1.43438
1.43439
1.43438
1.43439
1.43439
1.43439
1.43439
1.43441
1.43441
1.43441
1.43442
1.43441
1.43441
1.43441
1.43441
1.43442
1.43442
1.43442
1.43442
1.43442
1.43442
1.43442
1.43441
1.43441
1.43441
1.43441
1.43442
1.43442
1.43442
1.43441
1.43441
1.43441
1.4344
1.4344
1.4344
1.43441
1.43441
1.4344
1.4344
1.4344
1.4344
1.4344
1.4344
1.43439
1.43439
1.43439
1.43439
1.4344
1.4344
1.43439
1.43439
1.4344
1.43439
1.4344
1.4344
1.43439
1.43439
1.43439
1.43438
1.43438
1.43438
1.43438
1.43437
1.43437
1.43437
1.43437
1.43437
1.43437
1.43437
1.43437
1.43437
1.43438
1.43437
1.43437
1.43437
1.43437
1.43438
1.43439
1.43438
1.43438
1.43438
1.43438
1.43439
1.43439
1.43438
1.43437
1.43437
1.43437
1.43437
1.43437
1.43437
1.43437
1.43438
1.43438
1.43437
1.43437
1.43437
1.43437
1.43437
1.43438
1.43437
1.43437
1.43437
1.43436
1.43436
1.43436
1.43436
1.43437
1.43438
1.43438
1.43438
1.43438
1.43438
1.43437
1.43437
1.43437
1.43438
1.43437
1.43437
1.43437
1.43437
1.43437
1.43437
1.43437
1.43437
1.43437
1.43437
1.43437
1.43437
1.43438
1.43438
1.43437
1.43437
1.43437
1.43437
1.43436
1.43436
1.43437
1.43436
1.43437
1.43436
1.43436
1.43435
1.43435
1.43434
1.43433
1.43433
1.43432
1.43432
1.43432
1.43433
1.43432
1.43432
1.43433
1.43433
1.43431
1.43431
1.43431
1.43432
1.43432
1.43432
1.43432
1.43432
1.43433
1.43433
1.43433
1.43433
1.43433
1.43435
1.43436
1.43435
1.43435
1.43436
1.43436
1.43436
1.43435
1.43436
1.43435
1.43435
1.43435
1.43434
1.43435
1.43434
1.43434
1.43434
1.43434
1.43434
1.43434
1.43433
1.43434
1.43433
1.43433
1.43434
1.43435
1.43435
1.43434
1.43434
1.43434
1.43434
1.43434
1.43433
1.43433
1.43433
1.43434
1.43435
1.43435
1.43434
1.43433
1.43434
1.43433
1.43433
1.43433
1.43433
1.43433
1.43432
1.43433
1.43432
1.43431
1.43432
1.43432
1.43432
1.4343
1.4343
1.4343
1.4343
1.43429
1.43429
1.43428
1.43428
1.43428
1.43428
1.43428
1.43428
1.43429
1.43428
1.43429
1.43429
1.4343
1.43429
1.43429
1.43429
1.4343
1.43431
1.43429
1.43429
1.43429
1.43429
1.43429
1.4343
1.4343
1.4343
1.43431
1.4343
1.43431
1.4343
1.4343
1.4343
1.43431
1.4343
1.43431
1.43432
1.43432
1.43432
1.43431
1.43431
1.43432
1.43432
1.43432
1.43431
1.43432
1.43432
1.43432
1.43431
1.43431
1.4343
1.4343
1.43431
1.43431
1.43432
1.43431
1.4343
1.4343
1.43431
1.43431
1.43431
1.43431
1.43431
1.43432
1.43432
1.43432
1.43433
1.43432
1.43432
1.43431
1.43431
1.43431
1.43431
1.43431
1.43431
1.43431
1.43431
1.43432
1.43432
1.43432
1.43432
1.43432
1.43432
1.43431
1.43432
1.43432
1.43433
1.43433
1.43434
1.43433
1.43434
1.43434
1.43433
1.43433
1.43434
1.43435
1.43435
1.43435
1.43434
1.43435
1.43436
1.43436
1.43437
1.43436
1.43436
1.43436
1.43436
1.43436
1.43436
1.43436
1.43436
1.43437
1.43437
1.43437
1.43437
1.43437
1.43438
1.43438
1.43439
1.43439
1.43439
1.43439
1.43439
1.43439
1.43439
1.43439
1.4344
1.4344
1.4344
1.4344
1.43441
1.43442
1.43442
1.43441
1.43441
1.43441
1.43441
1.43441
1.4344
1.43441
1.43441
1.43441
1.43442
1.43442
1.43444
1.43444
1.43444
1.43445
1.43445
1.43445
1.43444
1.43445
1.43444
1.43444
1.43444
1.43444
1.43444
1.43444
1.43443
1.43443
1.43443
1.43443
1.43442
1.43442
1.4344
1.4344
1.4344
1.43441
1.43441
1.4344
1.4344
1.4344
1.4344
1.43439
1.4344
1.4344
1.43441
1.43442
1.43441
1.43442
1.43442
1.43442
1.43442
1.43442
1.43442
1.43442
1.43442
1.43442
1.43442
1.43442
1.43442
1.43442
1.43442
1.43442
1.43441
1.4344
1.43439
1.4344
1.4344
1.4344
1.43439
1.43439
1.43438
1.43438
1.43438
1.43437
1.43437
1.43437
1.43437
1.43438
1.43438
1.43438
1.43438
1.43438
1.43438
1.43438
1.43437
1.43437
1.43436
1.43437
1.43438
1.43438
1.43438
1.43438
1.43438
1.43437
1.43437
1.43437
1.43437
1.43437
1.43437
1.43437
1.43436
1.43436
1.43436
1.43436
1.43436
1.43437
1.43436
1.43437
1.43437
1.43438
1.43438
1.4344
1.4344
1.4344
1.43441
1.4344
1.43441
1.43441
1.43442
1.43442
1.43442
1.43442
1.43442
1.43442
1.43443
1.43443
1.43443
1.43444
1.43443
1.43443
1.43443
1.43442
1.43442
1.43443
1.43443
1.43443
1.43443
1.43443
1.43443
1.43443
1.43445
1.43445
1.43445
1.43446
1.43447
1.43447
1.43446
1.43447
1.43447
1.43447
1.43447
1.43447
1.43447
1.43446
1.43446
1.43447
1.43446
1.43445
1.43444
1.43445
1.43445
1.43445
1.43445
1.43447
1.43447
1.43447
1.43446
1.43447
1.43447
1.43448
1.41624
1.41624
1.41624
1.41624
1.41625
1.41625
1.41625
1.41625
1.41625
1.41625
1.41625
1.41625
1.41625
1.41625
1.41626
1.41625
1.41625
1.41625
1.41625
1.41625
1.41624
1.41625
1.41625
1.41625
1.41626
1.41624
1.41624
1.41624
1.41624
1.41624
1.41624
1.41625
1.41625
1.41624
1.41625
1.41625
1.41626
1.41626
1.41625
1.41625
1.41625
1.41625
1.41626
1.41626
1.41627
1.41626
1.41627
1.41627
1.41626
1.41626
1.41626
1.41626
1.41626
1.41626
1.41627
1.41626
1.41626
1.41625
1.41625
1.41626
1.41626
1.41626
1.41626
1.41626
1.41627
1.41627
1.41627
1.41626
1.41627
1.41628
1.41627
1.41628
1.41628
1.41629
1.4163
1.4163
1.4163
1.41631
1.41631
1.41631
1.41631
1.41631
1.41631
1.41631
1.41631
1.41631
1.41631
1.4163
1.41631
1.41632
1.41632
1.41632
1.41633
1.41633
1.41633
1.41633
1.41634
1.41634
1.41634
1.41633
1.41634
1.41635
1.41635
1.41635
1.41635
1.41636
1.41636
1.41635
1.41636
1.41635
1.41636
1.41635
1.41636
1.41635
1.41635
1.41635
1.41636
1.41636
1.41634
1.41634
1.41635
1.41635
1.41635
1.41634
1.41635
1.41635
1.41634
1.41634
1.41634
1.41634
1.41635
1.41634
1.41634
1.41634
1.41634
1.41633
1.41632
1.41632
1.41633
1.41633
1.41633
1.41633
1.41632
1.41632
1.41633
1.41633
1.41633
1.41632
1.41632
1.41632
1.41632
1.41633
1.41633
1.41633
1.41633
1.41633
1.41632
1.41632
1.41633
1.41632
1.41633
1.41633
1.41632
1.41633
1.41633
1.41634
1.41635
1.41634
1.41634
1.41634
1.41634
1.41635
1.41635
1.41636
1.41635
1.41636
1.41636
1.41637
1.41637
1.41638
1.41638
1.41638
1.41638
1.41639
1.41639
1.41639
1.41639
1.4164
1.41639
1.41639
1.4164
1.4164
1.4164
1.4164
1.4164
1.41641
1.41641
1.41641
1.41641
1.4164
1.41641
1.41641
1.4164
1.4164
1.41641
1.41641
1.41641
1.41641
1.41642
1.41643
1.41643
1.41643
1.41643
1.41644
1.41644
1.41644
1.41644
1.41644
1.41645
1.41645
1.41646
1.41646
1.41647
1.41646
1.41646
1.41645
1.41644
1.41645
1.41645
1.41646
1.41646
1.41647
1.41646
1.41646
1.41645
1.41645
1.41645
1.41645
1.41646
1.41648
1.41648
1.41647
1.41647
1.41648
1.41646
1.41646
1.41645
1.41644
1.41645
1.41644
1.41644
1.41644
1.41644
1.41644
1.41644
1.41644
1.41644
1.41644
1.41644
1.41644
1.41644
1.41643
1.41644
1.41644
1.41645
1.41644
1.41644
1.41643
1.41645
1.41645
1.41644
1.41645
1.41644
1.41643
1.41644
1.41643
1.41643
1.41643
1.41643
1.41642
1.41643
1.41643
1.41644
1.41643
1.41644
1.41644
1.41643
1.41643
1.41642
1.41643
1.41643
1.41644
1.41644
1.41645
1.41645
1.41645
1.41644
1.41643
1.41644
1.41645
1.41645
1.41645
1.41645
1.41645
1.41645
1.41645
1.41645
1.41645
1.41645
1.41646
1.41645
1.41645
1.41645
1.41645
1.41646
1.41646
1.41644
1.41644
1.41645
1.41645
1.41644
1.41644
1.41644
1.41644
1.41643
1.41643
1.41643
1.41643
1.41643
1.41642
1.41642
1.41643
1.41643
1.41643
1.41643
1.41643
1.41643
1.41642
1.41641
1.41641
1.41642
1.41642
1.41642
1.41641
1.41642
1.41641
1.41641
1.41642
1.41641
1.41642
1.41643
1.41642
1.41642
1.41641
1.41642
1.41642
1.41642
1.41643
1.41643
1.41642
1.41642
1.41641
1.41641
1.41642
1.41642
1.41641
1.41643
1.41643
1.41643
1.41643
1.41644
1.41643
1.41644
1.41643
1.41644
1.41644
1.41644
1.41644
1.41642
1.41642
1.41642
1.41642
1.41641
1.41641
1.4164
1.4164
1.4164
1.4164
1.4164
1.41639
1.41639
1.41639
1.4164
1.41639
1.4164
1.41639
1.4164
1.4164
1.4164
1.41639
1.41639
1.41639
1.41639
1.41639
1.41639
1.41639
1.4164
1.4164
1.41639
1.41639
1.41639
1.41639
1.4164
1.41641
1.4164
1.41641
1.41641
1.41641
1.41642
1.41642
1.41642
1.41642
1.41641
1.41641
1.41641
1.41641
1.41641
1.41642
1.41642
1.41642
1.41643
1.41642
1.41643
1.41643
1.41643
1.41643
1.41644
1.41643
1.41643
1.41644
1.41642
1.41642
1.41642
1.41642
1.41642
1.4164
1.4164
1.41641
1.41641
1.41641
1.41641
1.4164
1.41639
1.4164
1.41639
1.41639
1.41639
1.41639
1.41639
1.41639
1.41639
1.4164
1.4164
1.4164
1.41639
1.4164
1.4164
1.4164
1.41639
1.41639
1.41638
1.41638
1.41638
1.41639
1.41639
1.41638
1.41638
1.41639
1.4164
1.41639
1.41639
1.41639
1.41638
1.41639
1.4164
1.4164
1.4164
1.41638
1.41639
1.41638
1.41637
1.41636
1.41636
1.41635
1.41634
1.41634
1.41634
1.41633
1.41634
1.41634
1.41634
1.41634
1.41635
1.41635
1.41634
1.41634
1.41634
1.41634
1.41633
1.41634
1.41634
1.41634
1.41633
1.41634
1.41633
1.41632
1.41632
1.41632
1.41631
1.41631
1.41632
1.41632
1.41632
1.41632
1.41632
1.41632
1.41632
1.41632
1.41632
1.41633
1.41633
1.41634
1.41634
1.41634
1.41634
1.41634
1.41635
1.41634
1.41632
1.41632
1.41631
1.41631
1.4163
1.4163
1.4163
1.4163
1.4163
1.41631
1.4163
1.4163
1.4163
1.4163
1.41631
1.41631
1.41631
1.41631
1.4163
1.4163
1.4163
1.4163
1.4163
1.41629
1.41629
1.4163
1.41631
1.41631
1.41631
1.41631
1.41631
1.41631
1.41631
1.41631
1.41631
1.4163
1.4163
1.41629
1.41628
1.41629
1.41629
1.41631
1.4163
1.4163
1.41629
1.41629
1.41629
1.41629
1.41629
1.41629
1.41629
1.41629
1.41629
1.41629
1.41627
1.41628
1.41628
1.41627
1.41626
1.41627
1.41627
1.41627
1.41626
1.41627
1.41627
1.41627
1.41627
1.41628
1.41627
1.41628
1.41628
1.41626
1.41627
1.41627
1.41627
1.41627
1.41628
1.41629
1.41629
1.41629
1.41629
1.4163
1.4163
1.41631
1.4163
1.4163
1.4163
1.41629
1.4163
1.41629
1.41629
1.41629
1.41629
1.41629
1.4163
1.4163
1.4163
1.41629
1.41629
1.41629
1.41629
1.41629
1.41629
1.41629
1.4163
1.41629
1.41629
1.4163
1.41629
1.4163
1.41629
1.41629
1.41629
1.4163
1.4163
1.41629
1.41629
1.41629
1.41629
1.41629
1.4163
1.4163
1.4163
1.4163
1.41629
1.41629
1.41628
1.41628
1.41628
1.41628
1.41629
1.41629
1.41629
1.41629
1.4163
1.4163
1.41629
1.41629
1.41629
1.41631
1.4163
1.4163
1.4163
1.4163
1.4163
1.4163
1.4163
1.4163
1.41631
1.41631
1.41631
1.4163
1.41631
1.41631
1.41631
1.41631
1.41632
1.41633
1.41633
1.41634
1.41633
1.41633
1.41633
1.41633
1.41633
1.41632
1.41633
1.41632
1.41632
1.41632
1.41632
1.41633
1.41633
1.41632
1.41632
1.41631
1.41631
1.41631
1.41631
1.41632
1.41631
1.41631
1.41631
1.41631
1.41631
1.41631
1.41631
1.41631
1.41629
1.41629
1.41629
1.4163
1.4163
1.41631
1.41631
1.41631
1.41631
1.41633
1.41633
1.41631
1.41632
1.41632
1.41632
1.41632
1.41632
1.41631
1.41631
1.41632
1.41633
1.41633
1.41633
1.41633
1.41633
1.41633
1.41633
1.41633
1.41633
1.41633
1.41633
1.41632
1.41632
1.41632
1.41632
1.41632
1.41632
1.41631
1.41631
1.4163
1.41629
1.41629
1.41629
1.4163
1.4163
1.41628
1.41629
1.41629
1.4163
1.4163
1.4163
1.4163
1.4163
1.4163
1.41629
1.4163
1.4163
1.4163
1.4163
1.4163
1.4163
1.41629
1.41629
1.4163
1.4163
1.4163
1.4163
1.4163
1.41629
1.4163
1.4163
1.41631
1.4163
1.4163
1.41629
1.41629
1.41629
1.41629
1.41629
1.4163
1.41629
1.41628
1.41628
1.41628
1.41628
1.41627
1.41627
1.41628
1.41628
1.41628
1.41629
1.41629
1.41629
1.4163
1.4163
1.4163
1.41631
1.41631
1.41632
1.41631
1.41631
1.41631
1.41631
1.41631
1.41631
1.41631
1.41632
1.41631
1.41631
1.41632
1.41631
1.41632
1.41632
1.41632
1.41632
1.41632
1.41633
1.41632
1.41632
1.41632
1.41633
1.41634
1.41634
1.41633
1.41632
1.41631
1.41632
1.41632
1.41631
1.41631
1.41631
1.41631
1.41631
1.41632
1.41632
1.41631
1.41631
1.41632
1.41631
1.41631
1.41632
1.41632
1.41632
1.41631
1.41632
1.41632
1.41633
1.41632
1.41633
1.41632
1.41631
1.41632
1.41632
1.41633
1.41633
1.41634
1.41635
1.41635
1.41635
1.41635
1.41636
1.41636
1.41636
1.41635
1.41635
1.41636
1.41636
1.41636
1.41635
1.41636
1.41636
1.41636
1.41636
1.41635
1.41635
1.41634
1.41634
1.41635
1.41634
1.41634
1.41634
1.41633
1.41633
1.41633
1.41634
1.41634
1.41633
1.41633
1.41633
1.41634
1.41633
1.41633
1.41633
1.41632
1.41633
1.41633
1.41633
1.41633
1.41634
1.41633
1.41633
1.41632
1.41632
1.41632
1.41631
1.41631
1.4163
1.41631
1.41631
1.4163
1.4163
1.4163
1.4163
1.4163
1.41631
1.4163
1.41629
1.41629
1.41629
1.41628
1.41628
1.41628
1.41628
1.41628
1.41629
1.41629
1.41629
1.41629
1.41629
1.4163
1.41629
1.4163
1.4163
1.41629
1.41629
1.4163
1.4163
1.41629
1.41629
1.4163
1.4163
1.4163
1.4163
1.41629
1.41628
1.41629
1.41628
1.41629
1.41629
1.41628
1.41628
1.41628
1.41628
1.41629
1.41629
1.41629
1.41628
1.41627
1.41627
1.41627
1.41627
1.41627
1.41627
1.41626
1.41627
1.41626
1.41626
1.41626
1.41625
1.41624
1.41625
1.41625
1.41625
1.41625
