1.2
1.20001
1.20002
1.20003
1.20005
1.20007
1.2001
1.20013
1.20017
1.20021
1.20025
1.2003
1.20035
1.20041
1.20047
1.20054
1.20061
1.20068
1.20076
1.20085
1.20094
1.20103
1.20113
1.20123
1.20134
1.20146
1.20158
1.20171
1.20184
1.20198
1.20212
1.20227
1.20243
1.20259
1.20276
1.20293
1.20311
1.2033
1.2035
1.2037
1.20391
1.20413
1.20435
1.20458
1.20483
1.20508
1.20534
1.20561
1.20589
1.20617
1.20647
1.20678
1.20711
1.20744
1.20778
1.20814
1.20851
1.2089
1.2093
1.20971
1.21014
1.21059
1.21105
1.21153
1.21203
1.21255
1.2131
1.21366
1.21424
1.21485
1.21549
1.21615
1.21684
1.21756
1.21832
1.2191
1.21992
1.22078
1.22168
1.22262
1.2236
1.22463
1.22571
1.22684
1.22802
1.22926
1.23057
1.23194
1.23337
1.23487
1.23645
1.2381
1.23982
1.24163
1.24351
1.24546
1.24748
1.24956
1.2517
1.25386
1.25604
1.25819
1.26026
1.26221
1.26395
1.26538
1.2664
1.26687
1.26666
1.26568
1.26387
1.26129
1.25815
1.25485
1.25196
1.25007
1.24968
1.25102
1.25401
1.25828
1.26329
1.26842
1.2731
1.2769
1.2796
1.28125
1.2822
1.28305
1.28449
1.28708
1.29107
1.29624
1.30205
1.30779
1.31284
1.31677
1.31935
1.32058
1.32062
1.31974
1.31825
1.31648
1.31469
1.31304
1.31158
1.31029
1.30909
1.30793
1.30672
1.30541
1.30392
1.30233
1.30084
1.29985
1.2998
1.30108
1.30383
1.30795
1.31312
1.3189
1.32485
1.33052
1.33555
1.33968
1.34274
1.34466
1.34552
1.34546
1.34472
1.34358
1.34235
1.34133
1.34078
1.34088
1.34168
1.34315
1.34515
1.34749
1.34996
1.35236
1.35452
1.35634
1.35778
1.35885
1.35964
1.36022
1.36071
1.36115
1.36158
1.36201
1.36241
1.36278
1.36313
1.36347
1.36385
1.3643
1.36483
1.36543
1.36608
1.36674
1.36738
1.36799
1.36858
1.36918
1.36983
1.37058
1.37146
1.3725
1.37372
1.3751
1.3766
1.37819
1.3798
1.38137
1.38283
1.3841
1.38514
1.38588
1.38628
1.38631
1.38595
1.38523
1.38419
1.38293
1.38158
1.38026
1.3791
1.37815
1.37738
1.37668
1.37587
1.37475
1.37316
1.37102
1.3684
1.3655
1.36273
1.36063
1.35978
1.36063
1.36331
1.36759
1.37293
1.37861
1.38389
1.38815
1.3909
1.39176
1.39056
1.38735
1.38255
1.37712
1.37244
1.36991
1.37041
1.37381
1.37913
1.38505
1.3904
1.39429
1.3962
1.39581
1.39302
1.38788
1.38064
1.37187
1.36248
1.35369
1.34688
1.34324
1.34343
1.34733
1.35409
1.36248
1.37119
1.37921
1.38594
1.39113
1.39481
1.39721
1.39861
1.39933
1.39962
1.39971
1.39976
1.39984
1.39999
1.40022
1.40051
1.40083
1.40118
1.40155
1.40191
1.40229
1.40267
1.40307
1.40345
1.40381
1.4041
1.40427
1.40424
1.40388
1.40306
1.40161
1.39937
1.39618
1.39202
1.38699
1.38151
1.37626
1.37206
1.3696
1.36917
1.37046
1.37284
1.37556
1.37806
1.38002
1.38135
1.38212
1.38248
1.38261
1.38267
1.38279
1.38304
1.38342
1.38388
1.38436
1.38474
1.38495
1.38496
1.38477
1.38446
1.38414
1.3839
1.38385
1.38402
1.38438
1.38484
1.3853
1.38565
1.38581
1.38574
1.38544
1.38495
1.38434
1.38371
1.38312
1.38264
1.38231
1.38216
1.38215
1.38227
1.38248
1.38275
1.38305
1.38338
1.38374
1.38413
1.38457
1.38504
1.38555
1.38606
1.38653
1.3869
1.38707
1.38695
1.38642
1.38534
1.38357
1.38096
1.37741
1.37284
1.36734
1.36115
1.35477
1.34894
1.34455
1.34242
1.34306
1.34647
1.35215
1.35926
1.36689
1.37428
1.38088
1.38641
1.39072
1.39381
1.39571
1.39644
1.39605
1.39455
1.392
1.38852
1.38432
1.37976
1.37528
1.37132
1.36822
1.36609
1.36481
1.36417
1.36395
1.364
1.3643
1.36489
1.3658
1.36699
1.3684
1.3699
1.37138
1.37275
1.37397
1.37503
1.37597
1.37681
1.37759
1.37832
1.37902
1.37969
1.38033
1.38092
1.38146
1.38195
1.38238
1.38275
1.38306
1.38333
1.38356
1.38374
1.3839
1.38403
1.38414
1.38422
1.38428
1.3843
1.38428
1.38421
1.38408
1.38386
1.38355
1.38312
1.38256
1.38185
1.38098
1.37995
1.37878
1.3775
1.37616
1.37483
1.3736
1.37256
1.37177
1.37125
1.37101
1.37097
1.37105
1.37115
1.37117
1.37104
1.37071
1.3702
1.36954
1.36881
1.36811
1.36755
1.36723
1.36723
1.36759
1.3683
1.36933
1.37058
1.37194
1.37327
1.37446
1.37544
1.37614
1.37656
1.37672
1.37669
1.37653
1.3763
1.37601
1.37567
1.37523
1.37464
1.37383
1.37278
1.37149
1.37004
1.36852
1.36705
1.36577
1.36479
1.36417
1.36393
1.36402
1.36433
1.36474
1.36512
1.36539
1.36553
1.36561
1.36576
1.36614
1.36685
1.36791
1.36924
1.37072
1.3722
1.37354
1.37465
1.37545
1.37589
1.37595
1.37563
1.37498
1.37412
1.37316
1.37229
1.37162
1.37127
1.37128
1.37168
1.37248
1.37373
1.37548
1.37775
1.3805
1.3836
1.38684
1.39001
1.39291
1.39536
1.39726
1.39854
1.39917
1.39912
1.39842
1.3971
1.39525
1.393
1.39052
1.38799
1.38562
1.38356
1.38191
1.38074
1.38006
1.37985
1.38004
1.38051
1.38104
1.3814
1.38132
1.38061
1.37918
1.37708
1.37452
1.37182
1.36936
1.36748
1.36639
1.36611
1.3665
1.36728
1.36816
1.3689
1.36939
1.36964
1.3698
1.37007
1.37064
1.3716
1.37294
1.37453
1.37621
1.37791
1.37965
1.3815
1.38354
1.3858
1.38818
1.39052
1.39265
1.39439
1.39564
1.39634
1.39648
1.39607
1.39512
1.39368
1.39175
1.38938
1.38661
1.38351
1.3802
1.37688
1.37378
1.37119
1.36937
1.36851
1.36869
1.36982
1.37169
1.37404
1.37661
1.37918
1.38161
1.3838
1.38571
1.38734
1.3887
1.38981
1.3907
1.39138
1.39187
1.39218
1.39231
1.39228
1.39207
1.39173
1.39129
1.39081
1.3904
1.39016
1.39023
1.39069
1.39162
1.39301
1.39476
1.39673
1.39872
1.40049
1.40179
1.40238
1.40199
1.40037
1.39733
1.39278
1.38685
1.37994
1.37274
1.36611
1.36091
1.35798
1.35801
1.36132
1.36747
1.37523
1.38301
1.38946
1.39376
1.39556
1.39476
1.39142
1.38572
1.37817
1.36993
1.36292
1.35935
1.3606
1.3663
1.37457
1.38319
1.39058
1.39607
1.39964
1.40158
1.40224
1.40199
1.4011
1.39978
1.39822
1.39657
1.39499
1.39365
1.39274
1.39241
1.39274
1.39371
1.39519
1.39695
1.39878
1.40043
1.40175
1.40261
1.40293
1.40263
1.40162
1.39979
1.39704
1.39327
1.3885
1.38292
1.37699
1.37148
1.36728
1.3652
1.36557
1.36813
1.37218
1.37684
1.38137
1.3853
1.38841
1.39069
1.39224
1.39321
1.39377
1.39403
1.39411
1.39405
1.39386
1.39352
1.39299
1.39223
1.39124
1.39008
1.38886
1.38774
1.38689
1.38645
1.38647
1.38693
1.38775
1.3888
1.39001
1.39131
1.3926
1.39381
1.3948
1.39541
1.39551
1.39499
1.39384
1.39214
1.39008
1.38792
1.38597
1.38449
1.38364
1.38347
1.38394
1.3849
1.38623
1.38774
1.38926
1.39064
1.39176
1.39255
1.39301
1.39319
1.39318
1.3931
1.39305
1.39314
1.39345
1.39403
1.39488
1.39595
1.39712
1.39825
1.3992
1.39985
1.4001
1.39989
1.39923
1.39814
1.3967
1.39506
1.39336
1.3918
1.39055
1.38976
1.38947
1.38968
1.39034
1.39135
1.39262
1.39407
1.39563
1.39722
1.39876
1.40018
1.4014
1.40235
1.40297
1.40322
1.40306
1.40249
1.40149
1.40007
1.39826
1.3961
1.39364
1.39098
1.3882
1.38541
1.38274
1.38028
1.37814
1.37635
1.37495
1.3739
1.37315
1.37266
1.37242
1.37243
1.37279
1.37356
1.37479
1.37647
1.37848
1.38065
1.38279
1.38474
1.38638
1.38765
1.38854
1.3891
1.38938
1.38945
1.38939
1.38924
1.38908
1.38892
1.38881
1.38875
1.38874
1.38876
1.3888
1.38882
1.38878
1.38866
1.38842
1.38801
1.38741
1.38661
1.38559
1.38438
1.38302
1.38161
1.38027
1.37913
1.37835
1.37806
1.37831
1.3791
1.38032
1.38177
1.38321
1.38433
1.3848
1.38428
1.38246
1.37906
1.37396
1.36729
1.35957
1.35183
1.34549
1.34203
1.34238
1.3464
1.35279
1.35965
1.36521
1.3683
1.36851
1.36617
1.36221
1.35798
1.35491
1.35401
1.35551
1.35886
1.36308
1.36725
1.37075
1.37341
1.37539
1.37705
1.37876
1.38078
1.38317
1.38583
1.3886
1.39132
1.39386
1.39614
1.39813
1.39985
1.40129
1.40246
1.40334
1.40392
1.40415
1.40398
1.40331
1.40206
1.40013
1.39747
1.39406
1.39001
1.38558
1.38111
1.37693
1.37322
1.36983
1.36629
1.36205
1.35684
1.35106
1.34599
1.34341
1.34472
1.35002
1.35806
1.36701
1.37536
1.38225
1.38742
1.39098
1.39316
1.39429
1.39463
1.39446
1.394
1.39349
1.39314
1.39311
1.39352
1.39439
1.39565
1.39716
1.39873
1.4002
1.40142
1.4023
1.40279
1.40284
1.40244
1.40159
1.40024
1.39837
1.39592
1.39282
1.38904
1.38455
1.37943
1.37384
1.36808
1.36255
1.35766
1.3538
1.35114
1.34971
1.34935
1.34985
1.35092
1.35231
1.35375
1.35506
1.35609
1.35682
1.3573
1.35766
1.35808
1.3587
1.35964
1.36092
1.36253
1.36435
1.36627
1.36816
1.36992
1.37146
1.37276
1.37379
1.37456
1.37509
1.37541
1.37555
1.37556
1.37544
1.37524
1.37496
1.37463
1.37423
1.37378
1.37326
1.37265
1.37192
1.37103
1.36995
1.36861
1.36698
1.36502
1.19792
1.19546
1.19281
1.19009
1.18745
1.18509
1.18319
1.1819
1.18131
1.18139
1.18206
1.18319
1.1846
1.18615
1.18769
1.18915
1.19046
1.19159
1.19252
1.19325
1.19376
1.19406
1.19415
1.1941
1.19395
1.19383
1.19381
1.19398
1.19436
1.1949
1.19554
1.19619
1.19678
1.19729
1.19771
1.19809
1.19846
1.19887
1.19938
1.20007
1.20101
1.20228
1.20389
1.20573
1.20764
1.2094
1.21076
1.21156
1.21166
1.21102
1.20964
1.20755
1.20485
1.20162
1.198
1.19417
1.19042
1.18713
1.18474
1.18373
1.18438
1.18676
1.19061
1.19547
1.20084
1.20626
1.21141
1.21609
1.22022
1.22374
1.22664
1.22894
1.23063
1.23173
1.23222
1.23212
1.23142
1.23015
1.22836
1.22615
1.22369
1.22121
1.21895
1.21717
1.21602
1.21556
1.21568
1.21618
1.21683
1.21742
1.21788
1.21828
1.21884
1.21983
1.22148
1.22384
1.22676
1.22996
1.23309
1.2359
1.23821
1.23998
1.24126
1.24215
1.24278
1.24327
1.24374
1.24425
1.24485
1.24556
1.24635
1.24718
1.24798
1.24867
1.24917
1.2494
1.24926
1.24867
1.24755
1.24583
1.24347
1.24048
1.23693
1.233
1.22896
1.22524
1.22231
1.22064
1.22055
1.22212
1.22515
1.22923
1.23383
1.2385
1.24293
1.24697
1.25059
1.25387
1.25686
1.25965
1.26225
1.26467
1.26685
1.26875
1.27032
1.27151
1.27227
1.27257
1.27239
1.27173
1.27056
1.26893
1.26687
1.26447
1.26187
1.25923
1.25674
1.25459
1.2529
1.25168
1.25084
1.25019
1.24951
1.2486
1.24743
1.2462
1.24531
1.24525
1.24642
1.24886
1.25231
1.25626
1.26017
1.26366
1.2665
1.26861
1.27002
1.27076
1.27088
1.27038
1.26928
1.26759
1.26535
1.26269
1.25978
1.25687
1.25419
1.25191
1.25003
1.24841
1.2468
1.24498
1.24282
1.24033
1.23771
1.23522
1.23318
1.23181
1.23128
1.23167
1.233
1.23526
1.23839
1.24226
1.24664
1.25123
1.25572
1.25984
1.26337
1.2662
1.26829
1.26966
1.27038
1.27051
1.27013
1.26932
1.26812
1.26661
1.26482
1.26279
1.26056
1.25816
1.25563
1.25299
1.25029
1.24762
1.24509
1.24288
1.24118
1.24019
1.24003
1.24072
1.2421
1.24394
1.24592
1.24773
1.2491
1.24984
1.24983
1.24903
1.24752
1.24545
1.24316
1.24104
1.23957
1.2391
1.23981
1.24161
1.2442
1.24717
1.25011
1.25272
1.2548
1.25626
1.25704
1.25713
1.25654
1.25526
1.25333
1.25082
1.24787
1.2447
1.24169
1.23928
1.23795
1.23806
1.23975
1.24287
1.24705
1.25181
1.25663
1.26103
1.26462
1.26701
1.26789
1.26698
1.26412
1.25932
1.25292
1.24562
1.23834
1.232
1.22703
1.2233
1.22028
1.21748
1.21479
1.21251
1.21118
1.21125
1.21289
1.21598
1.22013
1.22489
1.22977
1.23439
1.23845
1.2418
1.24444
1.24642
1.24787
1.24889
1.2496
1.25007
1.25035
1.25047
1.25044
1.25028
1.24999
1.24958
1.24906
1.24844
1.24773
1.24695
1.2461
1.24518
1.2442
1.24315
1.24203
1.24081
1.23948
1.23801
1.23639
1.2346
1.23264
1.23053
1.2283
1.22604
1.22386
1.2219
1.22028
1.21911
1.21847
1.21834
1.21864
1.21924
1.22
1.22075
1.22137
1.22176
1.22186
1.22165
1.22118
1.22052
1.21978
1.2191
1.21864
1.21848
1.21871
1.21931
1.22024
1.22139
1.22267
1.22398
1.22525
1.2264
1.22739
1.22817
1.22871
1.22901
1.22905
1.22888
1.22852
1.22806
1.22757
1.22714
1.22685
1.22674
1.22685
1.22715
1.22761
1.22815
1.2287
1.22917
1.22945
1.22944
1.22902
1.22808
1.22655
1.2244
1.2217
1.21861
1.21544
1.21258
1.21046
1.20946
1.20976
1.21136
1.21405
1.21748
1.22125
1.22502
1.22852
1.23156
1.23408
1.23605
1.23752
1.23856
1.23925
1.23966
1.23987
1.23991
1.23979
1.23947
1.23889
1.23793
1.23649
1.23446
1.23181
1.22865
1.22522
1.22196
1.21933
1.2177
1.21718
1.21753
1.21833
1.21908
1.21939
1.21913
1.21838
1.2175
1.21702
1.21746
1.21915
1.22207
1.22581
1.22979
1.23341
1.23624
1.23803
1.23872
1.23841
1.23733
1.23581
1.2343
1.23328
1.23315
1.23414
1.23627
1.23929
1.24288
1.24664
1.25029
1.25362
1.25653
1.25899
1.26099
1.26255
1.2637
1.26443
1.26474
1.26461
1.264
1.26285
1.26105
1.2585
1.25503
1.25047
1.24465
1.23749
1.22917
1.22025
1.21173
1.20471
1.19983
1.1968
1.19475
1.19322
1.19311
1.1962
1.20348
1.21401
1.22552
1.23601
1.24457
1.25119
1.25631
1.26041
1.26386
1.26686
1.26949
1.27175
1.27361
1.27501
1.27591
1.27625
1.27601
1.27521
1.27387
1.27209
1.27001
1.26784
1.2658
1.26416
1.26312
1.26282
1.26328
1.2644
1.26599
1.26783
1.26971
1.27146
1.27296
1.27416
1.27502
1.27555
1.27575
1.27561
1.27512
1.27423
1.27292
1.27117
1.26898
1.26643
1.26364
1.2608
1.25815
1.25591
1.25428
1.25335
1.25315
1.25359
1.2545
1.2557
1.25701
1.25824
1.25926
1.25994
1.26025
1.26017
1.2598
1.25929
1.25883
1.25863
1.25886
1.25961
1.26086
1.26249
1.26432
1.26615
1.2678
1.26913
1.27005
1.27051
1.27052
1.27009
1.26928
1.26813
1.26671
1.2651
1.26336
1.26156
1.25974
1.25794
1.25615
1.25433
1.2524
1.25024
1.24771
1.24471
1.24115
1.23709
1.23268
1.22829
1.22444
1.22171
1.22065
1.22156
1.22439
1.22871
1.23389
1.23921
1.24408
1.24809
1.25104
1.2529
1.25374
1.25372
1.25305
1.25195
1.25063
1.24928
1.24801
1.24687
1.24583
1.24477
1.24357
1.24207
1.24014
1.23773
1.23486
1.23169
1.2285
1.22567
1.22362
1.22272
1.22317
1.22497
1.22789
1.23155
1.23555
1.23951
1.24316
1.24636
1.24901
1.25109
1.25261
1.25359
1.25403
1.25395
1.25336
1.25226
1.25066
1.24862
1.24621
1.24353
1.24073
1.23801
1.23557
1.23361
1.23231
1.23177
1.23203
1.23303
1.23467
1.23679
1.23921
1.24177
1.24432
1.24672
1.24888
1.25071
1.25214
1.25306
1.25338
1.25295
1.25163
1.24923
1.24561
1.2407
1.23459
1.22759
1.22028
1.21346
1.20796
1.20446
1.20334
1.20458
1.20793
1.21295
1.21907
1.22564
1.23199
1.23754
1.24191
1.2449
1.24652
1.24692
1.2464
1.24536
1.24424
1.24346
1.24328
1.24376
1.24475
1.24596
1.24713
1.24813
1.24894
1.24968
1.25052
1.2516
1.25297
1.25459
1.25634
1.25807
1.25965
1.26101
1.26211
1.26296
1.26361
1.26409
1.26447
1.26479
1.26508
1.26538
1.26568
1.26598
1.26626
1.26649
1.26659
1.2665
1.26609
1.2652
1.26365
1.26117
1.25752
1.25248
1.24597
1.23825
1.22996
1.22218
1.21601
1.21222
1.21096
1.21187
1.21451
1.21857
1.22379
1.22985
1.23627
1.24245
1.24781
1.25188
1.25433
1.25497
1.25378
1.25084
1.24652
1.24147
1.2367
1.23338
1.23242
1.23406
1.2378
1.24269
1.24772
1.25219
1.25571
1.25814
1.2595
1.25985
1.25935
1.25818
1.25663
1.25507
1.2539
1.25348
1.25399
1.25542
1.25754
1.25997
1.26235
1.26436
1.26575
1.26636
1.26608
1.26481
1.26248
1.25902
1.25447
1.24903
1.24312
1.23738
1.23255
1.22919
1.22741
1.2269
1.22705
1.22732
1.22736
1.22713
1.22675
1.22643
1.22636
1.22672
1.22762
1.22912
1.23125
1.23395
1.23709
1.24046
1.24382
1.24697
1.24977
1.25213
1.25404
1.25556
1.25674
1.25764
1.25832
1.2588
1.25911
1.25923
1.25912
1.25876
1.25807
1.25702
1.25554
1.25363
1.25133
1.24873
1.24602
1.24345
1.2413
1.23977
1.23897
1.2388
1.23903
1.23933
1.23937
1.23888
1.23767
1.2357
1.23304
1.22992
1.22671
1.22386
1.22182
1.2209
1.22118
1.22251
1.22454
1.22689
1.22921
1.23124
1.23286
1.23405
1.23488
1.23545
1.23592
1.2364
1.23698
1.23768
1.23848
1.23929
1.24003
1.24065
1.24114
1.24157
1.24204
1.24264
1.24345
1.24449
1.24571
1.247
1.24823
1.24928
1.25004
1.25043
1.25043
1.25001
1.2492
1.24804
1.24658
1.2449
1.24307
1.24118
1.23932
1.23755
1.23592
1.23446
1.23316
1.23199
1.2309
1.22984
1.22876
1.22766
1.2266
1.22566
1.22496
1.22463
1.22473
1.22524
1.22607
1.22709
1.22815
1.22915
1.23006
1.23087
1.23165
1.23247
1.23338
1.23444
1.23566
1.23702
1.23848
1.24002
1.2416
1.24318
1.24476
1.24634
1.24792
1.24949
1.25104
1.25256
1.25401
1.25538
1.25663
1.25774
1.25869
1.25947
1.26007
1.26049
1.26072
1.26076
1.26059
1.26023
1.25965
1.25887
1.25786
1.25664
1.25521
1.25358
1.25176
1.24975
1.24757
1.24526
1.24291
1.2407
1.2389
1.23786
1.23789
1.2391
1.24137
1.24435
1.24759
1.25069
1.25341
1.25564
1.25737
1.25866
1.25956
1.26009
1.26028
1.2601
1.25953
1.25849
1.25692
1.25469
1.25168
1.2479
1.24357
1.23938
1.23642
1.2359
1.23843
1.24363
1.25025
1.25684
1.26226
1.26593
1.26771
1.26775
1.26629
1.26369
1.26031
1.25655
1.25282
1.2495
1.24693
1.2453
1.24468
1.24496
1.24594
1.24732
1.24884
1.25028
1.25153
1.25261
1.2536
1.25465
1.25591
1.25745
1.25925
1.2612
1.26313
1.26487
1.26626
1.26721
1.26769
1.2677
1.26732
1.26662
1.26571
1.26471
1.26373
1.26289
1.26229
1.26201
1.26207
1.26243
1.263
1.26362
1.26409
1.26419
1.26369
1.26236
1.26003
1.25663
1.25227
1.24735
1.24265
1.23923
1.23804
1.23959
1.24359
1.2492
1.25539
1.20543
1.21041
1.21442
1.21743
1.21951
1.22075
1.22126
1.22112
1.22042
1.21925
1.21768
1.21579
1.21366
1.21137
1.20901
1.20666
1.20442
1.20235
1.20051
1.19896
1.19772
1.19679
1.19617
1.19585
1.19581
1.19608
1.19664
1.19751
1.19869
1.20016
1.20186
1.20372
1.20562
1.20744
1.20906
1.21034
1.21119
1.2115
1.21123
1.21035
1.20888
1.20694
1.2047
1.20246
1.20053
1.19924
1.19878
1.19917
1.20025
1.20176
1.20336
1.20479
1.20587
1.20649
1.20661
1.20627
1.20551
1.20439
1.20299
1.20141
1.19972
1.19802
1.1964
1.19493
1.19367
1.19265
1.19186
1.1913
1.19092
1.19069
1.19055
1.19047
1.19044
1.19042
1.19042
1.19042
1.19044
1.19047
1.19054
1.19065
1.19082
1.19106
1.19135
1.19168
1.19203
1.19236
1.19264
1.19284
1.19293
1.19292
1.1928
1.19258
1.19227
1.19191
1.1915
1.19107
1.19062
1.19018
1.18976
1.18937
1.18905
1.18883
1.18875
1.18886
1.18919
1.18978
1.19065
1.19179
1.19315
1.19468
1.1963
1.19793
1.19948
1.20089
1.2021
1.20307
1.20378
1.20421
1.20437
1.20425
1.20389
1.20329
1.2025
1.20157
1.20055
1.19949
1.19844
1.19744
1.1965
1.19559
1.19468
1.19372
1.19268
1.19157
1.19047
1.18948
1.18874
1.18839
1.18849
1.18906
1.19001
1.19125
1.19262
1.19402
1.19533
1.19649
1.19746
1.1982
1.1987
1.19893
1.19884
1.19838
1.19752
1.19619
1.19442
1.19233
1.19019
1.18843
1.18759
1.18811
1.19019
1.19366
1.19806
1.20282
1.20745
1.21161
1.21513
1.21797
1.22018
1.22181
1.22295
1.22364
1.22391
1.22374
1.22311
1.22193
1.22009
1.21742
1.21372
1.20877
1.20231
1.19418
1.18429
1.1728
1.16022
1.14745
1.13575
1.12652
1.12097
1.11977
1.12291
1.12976
1.1394
1.15086
1.16325
1.17576
1.18767
1.19834
1.20739
1.21462
1.22008
1.22394
1.22643
1.22779
1.22823
1.22792
1.22698
1.22549
1.22348
1.22098
1.21803
1.21466
1.211
1.2072
1.20354
1.20028
1.19771
1.19598
1.19505
1.19471
1.19458
1.19421
1.19318
1.19119
1.18816
1.18423
1.17991
1.17595
1.17326
1.17262
1.17441
1.17842
1.18399
1.19021
1.19626
1.20156
1.20579
1.20888
1.21092
1.21206
1.21251
1.21249
1.21221
1.21185
1.21156
1.21144
1.21154
1.21182
1.21219
1.21257
1.21282
1.21286
1.21262
1.2121
1.21131
1.2103
1.20912
1.20779
1.20631
1.20469
1.20296
1.20129
1.19993
1.19923
1.19947
1.20074
1.20289
1.20559
1.20845
1.21117
1.21357
1.21562
1.21734
1.21875
1.21982
1.22049
1.22069
1.22039
1.21964
1.21858
1.21742
1.21637
1.21557
1.21505
1.21469
1.21423
1.21335
1.21169
1.20887
1.20459
1.19866
1.19121
1.18298
1.1754
1.17031
1.16891
1.17091
1.17468
1.17837
1.18117
1.1835
1.18647
1.19086
1.19654
1.20262
1.20813
1.21244
1.21546
1.21745
1.21879
1.21982
1.22079
1.22178
1.22278
1.22372
1.22453
1.22516
1.22559
1.22581
1.22585
1.22573
1.22548
1.22512
1.22468
1.22416
1.22356
1.22291
1.2222
1.22145
1.22066
1.21986
1.21907
1.21831
1.21761
1.21697
1.21638
1.21582
1.21521
1.21446
1.21345
1.21209
1.21035
1.20828
1.20615
1.20436
1.20343
1.20377
1.20556
1.20858
1.21233
1.21622
1.21972
1.22248
1.22435
1.2253
1.22543
1.22488
1.22381
1.22244
1.22093
1.21948
1.21821
1.21721
1.21654
1.21619
1.21618
1.21654
1.21735
1.21867
1.22057
1.22299
1.22581
1.22879
1.2317
1.23429
1.23637
1.23784
1.23863
1.23873
1.23811
1.23678
1.23472
1.23199
1.22865
1.22488
1.22094
1.21722
1.21415
1.21217
1.2116
1.21258
1.215
1.21852
1.22264
1.22685
1.23069
1.23381
1.23602
1.23725
1.23758
1.23714
1.2362
1.23502
1.2339
1.23308
1.2327
1.2328
1.23331
1.23408
1.23497
1.2358
1.23648
1.23695
1.23721
1.23732
1.23739
1.23755
1.23792
1.23856
1.23945
1.24047
1.24143
1.24208
1.24216
1.24141
1.2396
1.23654
1.23211
1.22632
1.21933
1.21163
1.20402
1.19757
1.19337
1.19217
1.19404
1.19832
1.20395
1.20979
1.21497
1.21897
1.22159
1.22287
1.22298
1.22219
1.22076
1.21896
1.21703
1.21514
1.21342
1.21192
1.21064
1.20959
1.20872
1.20802
1.20748
1.20708
1.20679
1.20657
1.20637
1.20613
1.20579
1.20531
1.20465
1.2038
1.20276
1.20151
1.20002
1.19827
1.19618
1.19373
1.19098
1.18813
1.18551
1.18357
1.18274
1.18324
1.185
1.18767
1.1908
1.19396
1.19684
1.19929
1.20128
1.20286
1.20409
1.20505
1.2058
1.2064
1.20688
1.20726
1.20752
1.20767
1.20768
1.20752
1.20715
1.20655
1.20568
1.20453
1.20312
1.20149
1.19971
1.19787
1.19609
1.19444
1.19301
1.19182
1.19089
1.19022
1.1898
1.18963
1.18968
1.18991
1.19025
1.19061
1.19093
1.19114
1.19119
1.19106
1.19078
1.19041
1.19009
1.19005
1.19047
1.19153
1.19324
1.19546
1.19792
1.20028
1.20226
1.20364
1.20433
1.20433
1.20374
1.20273
1.20153
1.20039
1.19955
1.19923
1.19954
1.20047
1.2019
1.20366
1.20551
1.20727
1.20877
1.2099
1.21061
1.21086
1.21063
1.20994
1.20882
1.20735
1.20565
1.20389
1.20229
1.2011
1.2005
1.20067
1.20163
1.20332
1.20558
1.2082
1.21095
1.21362
1.21607
1.21816
1.21983
1.22103
1.22173
1.22189
1.22147
1.22041
1.21864
1.21611
1.21281
1.20887
1.20463
1.20066
1.19775
1.19663
1.19764
1.20059
1.20477
1.20931
1.21343
1.21661
1.21862
1.21937
1.21893
1.21739
1.21492
1.21171
1.20802
1.20416
1.20047
1.19734
1.19509
1.19401
1.19425
1.19585
1.19869
1.20251
1.20701
1.21184
1.21668
1.22125
1.22536
1.22887
1.23169
1.2338
1.23519
1.2359
1.23596
1.23542
1.23434
1.23278
1.2308
1.22849
1.22593
1.22323
1.22049
1.21782
1.21535
1.21317
1.21139
1.21008
1.20932
1.20912
1.2095
1.21044
1.21187
1.2137
1.21581
1.2181
1.22041
1.22263
1.22466
1.22639
1.22776
1.22871
1.2292
1.22921
1.22869
1.22763
1.22597
1.22367
1.22066
1.21688
1.21234
1.20719
1.2018
1.19681
1.19308
1.19135
1.19198
1.19468
1.19872
1.2032
1.2074
1.21087
1.21345
1.21514
1.21605
1.2163
1.21603
1.21537
1.21442
1.21329
1.21205
1.21076
1.20949
1.20828
1.20716
1.20618
1.20536
1.20472
1.20426
1.20398
1.20389
1.20396
1.20417
1.20448
1.20487
1.20529
1.2057
1.20606
1.20636
1.20655
1.20665
1.20664
1.20655
1.20639
1.2062
1.20601
1.20586
1.20576
1.20573
1.20577
1.20587
1.20601
1.20615
1.20628
1.20638
1.20646
1.20654
1.20664
1.2068
1.20705
1.20738
1.20779
1.20824
1.20869
1.20907
1.20932
1.20938
1.2092
1.20871
1.20785
1.20656
1.20476
1.2024
1.19943
1.19583
1.19167
1.18712
1.18249
1.17817
1.1746
1.17211
1.1708
1.17055
1.17108
1.17214
1.17358
1.17536
1.17746
1.17981
1.18228
1.18475
1.18714
1.18947
1.19181
1.19429
1.19696
1.19979
1.2027
1.20552
1.20808
1.21023
1.21188
1.21297
1.21352
1.21355
1.21312
1.21229
1.2111
1.20961
1.20785
1.20588
1.20379
1.20171
1.19984
1.19836
1.19746
1.19725
1.19774
1.19886
1.20046
1.2024
1.20451
1.20669
1.20884
1.21089
1.2128
1.21453
1.21606
1.21739
1.21849
1.21939
1.22008
1.22058
1.22091
1.22107
1.22109
1.22096
1.22071
1.22034
1.21989
1.21936
1.2188
1.21824
1.21774
1.21737
1.21718
1.21726
1.21765
1.21841
1.21952
1.22096
1.22263
1.22441
1.22613
1.2276
1.2286
1.22894
1.22843
1.2269
1.22424
1.22042
1.2155
1.20967
1.20324
1.19666
1.19045
1.18515
1.18135
1.17953
1.17999
1.18273
1.18733
1.19309
1.19919
1.20495
1.20987
1.21373
1.21643
1.218
1.21849
1.218
1.21662
1.21446
1.21164
1.20834
1.20479
1.2013
1.19823
1.19595
1.19475
1.19477
1.19595
1.19805
1.20073
1.20365
1.20651
1.20911
1.21129
1.21297
1.21408
1.21461
1.21455
1.21395
1.21285
1.21134
1.20948
1.20734
1.20497
1.2024
1.19961
1.19662
1.19346
1.19025
1.1872
1.18461
1.18282
1.18215
1.18278
1.18471
1.18777
1.19163
1.19589
1.20016
1.20411
1.20751
1.21026
1.21234
1.2138
1.21469
1.21512
1.21515
1.21483
1.21417
1.21317
1.21178
1.20995
1.20764
1.20487
1.20173
1.19843
1.19534
1.19284
1.19126
1.19068
1.19097
1.19184
1.19304
1.19447
1.19624
1.19852
1.20143
1.20487
1.20856
1.21209
1.21509
1.21723
1.21828
1.21813
1.2167
1.214
1.21018
1.20553
1.20053
1.19583
1.19209
1.18973
1.18876
1.1888
1.18921
1.18934
1.18874
1.1872
1.18479
1.18181
1.1787
1.176
1.17417
1.1735
1.17406
1.1757
1.17817
1.18121
1.18454
1.188
1.19143
1.19475
1.19788
1.20081
1.20353
1.20608
1.20847
1.2107
1.21275
1.21453
1.21591
1.21673
1.2168
1.21593
1.21398
1.21087
1.20661
1.20143
1.19576
1.19027
1.18577
1.18304
1.18253
1.18425
1.18773
1.19218
1.19678
1.20087
1.20404
1.20611
1.20706
1.20697
1.20594
1.20411
1.20164
1.19873
1.19563
1.1926
1.18988
1.18765
1.18593
1.1846
1.18345
1.18222
1.1807
1.17878
1.17646
1.17384
1.17108
1.16838
1.16587
1.16367
1.1618
1.16025
1.15901
1.15813
1.15769
1.15788
1.15887
1.16079
1.16363
1.16725
1.17133
1.17552
1.17944
1.18281
1.18541
1.20155
1.20232
1.20225
1.20142
1.19994
1.19795
1.19556
1.19289
1.19003
1.18703
1.18394
1.18078
1.17765
1.17468
1.17214
1.17032
1.1695
1.16983
1.17126
1.17356
1.17641
1.1795
1.18257
1.18549
1.18819
1.19064
1.19287
1.1949
1.19673
1.19839
1.19989
1.20122
1.2024
1.20342
1.20429
1.20497
1.20548
1.20576
1.20579
1.20552
1.20488
1.2038
1.2022
1.20003
1.19728
1.19404
1.19053
1.18709
1.18419
1.18226
1.18152
1.18193
1.1832
1.18488
1.18654
1.18789
1.18878
1.18918
1.18916
1.18885
1.18835
1.18778
1.18721
1.1867
1.18626
1.18589
1.18553
1.18514
1.18465
1.184
1.18314
1.18203
1.18068
1.1791
1.17735
1.17553
1.17383
1.17245
1.17161
1.1715
1.17218
1.17358
1.17553
1.17778
1.1801
1.18232
1.18433
1.18607
1.18753
1.18873
1.18969
1.19044
1.19103
1.1915
1.19189
1.19226
1.19264
1.19305
1.19353
1.19408
1.19467
1.1953
1.19592
1.19651
1.19703
1.19744
1.19771
1.19781
1.19769
1.19732
1.19666
1.19569
1.19436
1.19265
1.19057
1.18815
1.18547
1.18268
1.17997
1.17756
1.17566
1.17439
1.17374
1.17358
1.17361
1.17349
1.17287
1.17148
1.16926
1.1664
1.16339
1.16088
1.15956
1.15987
1.16188
1.16536
1.16986
1.17492
1.18008
1.18495
1.18926
1.19283
1.1956
1.19761
1.19892
1.19966
1.19993
1.19985
1.19951
1.19899
1.19833
1.19758
1.19674
1.19584
1.19487
1.19386
1.19284
1.19185
1.19098
1.19029
1.18987
1.18979
1.19008
1.19073
1.19169
1.19288
1.1942
1.19553
1.19678
1.19787
1.19876
1.19942
1.19986
1.2001
1.2002
1.20021
1.2002
1.20023
1.20036
1.20061
1.20101
1.20151
1.20207
1.2026
1.20302
1.20325
1.20324
1.20296
1.20245
1.20182
1.20121
1.20083
1.20087
1.20145
1.20261
1.20429
1.20631
1.20848
1.21059
1.21246
1.21395
1.21494
1.21535
1.21514
1.21424
1.21266
1.21047
1.20783
1.20507
1.20262
1.20093
1.20035
1.201
1.20266
1.20494
1.20735
1.20951
1.21116
1.21217
1.21256
1.2124
1.21178
1.21084
1.2097
1.20848
1.20728
1.2062
1.20532
1.20468
1.20433
1.20427
1.20449
1.20497
1.20564
1.20646
1.20738
1.20834
1.20929
1.2102
1.21105
1.2118
1.21245
1.21299
1.2134
1.21368
1.2138
1.21375
1.2135
1.21305
1.21239
1.21153
1.2105
1.20936
1.20818
1.20706
1.20608
1.20532
1.20482
1.20457
1.20454
1.20468
1.20491
1.20519
1.20546
1.20571
1.2059
1.20602
1.20603
1.2059
1.20561
1.20511
1.20439
1.20345
1.20234
1.20111
1.19987
1.19872
1.19778
1.19713
1.19683
1.19689
1.19729
1.19797
1.19887
1.19993
1.20111
1.20237
1.20368
1.20503
1.20636
1.20763
1.20879
1.20976
1.21047
1.21085
1.21088
1.21052
1.20979
1.20879
1.20764
1.20653
1.20568
1.2053
1.20554
1.20646
1.20799
1.21
1.21229
1.2147
1.21707
1.2193
1.22132
1.22312
1.22468
1.22603
1.22717
1.22813
1.22892
1.22958
1.23012
1.23055
1.23088
1.23113
1.23129
1.23135
1.23129
1.23105
1.23061
1.22988
1.2288
1.22733
1.22545
1.22321
1.22078
1.21843
1.21653
1.21544
1.21537
1.2163
1.21785
1.21935
1.21997
1.21881
1.21512
1.20851
1.19925
1.18864
1.17905
1.17361
1.17497
1.18371
1.19753
1.21257
1.22556
1.2349
1.2404
1.24259
1.24217
1.23981
1.23604
1.23125
1.22574
1.21982
1.21382
1.2082
1.20355
1.20046
1.19928
1.19998
1.20217
1.20528
1.2088
1.21237
1.21578
1.21889
1.22164
1.22402
1.22603
1.22773
1.22921
1.23061
1.2321
1.2338
1.23577
1.23791
1.23999
1.2417
1.24275
1.24291
1.24207
1.24024
1.23748
1.23395
1.22984
1.2254
1.22091
1.21666
1.21294
1.21002
1.20804
1.20708
1.20709
1.20789
1.20927
1.21099
1.21283
1.2146
1.21621
1.21759
1.21874
1.21967
1.22041
1.22097
1.22138
1.22164
1.22177
1.22174
1.22157
1.22125
1.22081
1.22027
1.21967
1.21909
1.21857
1.21818
1.21796
1.21793
1.21807
1.21837
1.21878
1.21925
1.21972
1.22015
1.2205
1.22076
1.22087
1.22084
1.22062
1.22019
1.21953
1.2186
1.2174
1.21593
1.21425
1.21246
1.21071
1.20917
1.20801
1.20731
1.2071
1.20728
1.20768
1.20812
1.20845
1.20858
1.2085
1.20822
1.20776
1.20717
1.20643
1.20553
1.20446
1.20326
1.20195
1.20057
1.19911
1.19749
1.19547
1.19279
1.18915
1.18442
1.17877
1.17283
1.16776
1.16494
1.16547
1.16957
1.17634
1.18426
1.19186
1.1982
1.20297
1.2063
1.20851
1.20996
1.21095
1.21168
1.21227
1.21273
1.21302
1.21309
1.21285
1.21225
1.21126
1.2099
1.20826
1.20647
1.20474
1.2033
1.20236
1.20204
1.20237
1.20322
1.2044
1.20568
1.20686
1.20779
1.20841
1.20869
1.20867
1.20839
1.20789
1.20722
1.20641
1.20549
1.20453
1.20357
1.20271
1.20206
1.20168
1.20164
1.20191
1.20241
1.203
1.2035
1.20373
1.20354
1.20281
1.20149
1.19956
1.19707
1.1941
1.19077
1.18718
1.18345
1.17968
1.17602
1.17272
1.17013
1.16868
1.16869
1.17025
1.17311
1.17677
1.18066
1.18427
1.18723
1.18928
1.19028
1.19015
1.18893
1.18683
1.1842
1.18159
1.17955
1.17853
1.1787
1.17993
1.18187
1.18413
1.18642
1.18853
1.19035
1.19182
1.1929
1.19356
1.19374
1.19345
1.19268
1.19149
1.18996
1.18819
1.18633
1.1845
1.18286
1.18151
1.18055
1.18005
1.18005
1.18055
1.1815
1.18284
1.18442
1.18607
1.18758
1.18875
1.1894
1.18941
1.18879
1.18765
1.18625
1.18494
1.18406
1.18381
1.18422
1.1851
1.18614
1.187
1.18744
1.18731
1.18659
1.18535
1.1837
1.18181
1.17982
1.17789
1.17616
1.17479
1.17392
1.17369
1.17418
1.17542
1.17732
1.1797
1.18233
1.18498
1.18745
1.18963
1.19143
1.19286
1.19392
1.19464
1.19507
1.19524
1.19519
1.19495
1.19454
1.19399
1.19332
1.19253
1.19166
1.19072
1.18974
1.18875
1.18777
1.18686
1.18604
1.18534
1.18481
1.18444
1.18426
1.18425
1.1844
1.18469
1.18509
1.18557
1.1861
1.18667
1.18725
1.18784
1.18843
1.18902
1.18962
1.19024
1.19087
1.19154
1.19224
1.19298
1.19377
1.19459
1.19543
1.19628
1.19712
1.19791
1.19862
1.19922
1.19966
1.19993
1.19998
1.19979
1.19934
1.19865
1.19772
1.19658
1.19528
1.1939
1.1925
1.19119
1.19005
1.18919
1.1887
1.18862
1.18898
1.18976
1.19086
1.19214
1.19345
1.19461
1.19554
1.19623
1.1968
1.19751
1.19866
1.20054
1.20326
1.20671
1.2106
1.21456
1.21821
1.22129
1.22366
1.22528
1.2262
1.22653
1.22642
1.22604
1.22557
1.22516
1.22492
1.22493
1.22517
1.22559
1.22608
1.22654
1.22683
1.22687
1.22658
1.2259
1.2248
1.22326
1.22126
1.21878
1.21579
1.21228
1.20826
1.20387
1.1994
1.19536
1.1924
1.1912
1.19219
1.19532
1.20006
1.20564
1.21126
1.21633
1.22056
1.22382
1.22617
1.22773
1.22865
1.22909
1.22919
1.22907
1.22883
1.22854
1.22826
1.22803
1.22787
1.22779
1.22778
1.22784
1.22795
1.2281
1.22828
1.22846
1.22866
1.22885
1.22906
1.22927
1.2295
1.22973
1.22995
1.23015
1.23025
1.23017
1.22977
1.22884
1.22712
1.22425
1.21986
1.21368
1.20582
1.1971
1.18928
1.18463
1.18468
1.18925
1.19655
1.20445
1.21148
1.21703
1.22109
1.2239
1.22572
1.22676
1.22717
1.22699
1.22625
1.22496
1.2231
1.22073
1.21798
1.21508
1.21238
1.21028
1.20913
1.2091
1.21011
1.21187
1.21397
1.21605
1.21783
1.21916
1.22002
1.22043
1.22049
1.22028
1.21991
1.21946
1.219
1.21858
1.21824
1.218
1.21785
1.21782
1.21789
1.21804
1.21828
1.2186
1.21898
1.21941
1.21987
1.22036
1.22086
1.22136
1.22183
1.22227
1.22266
1.22299
1.22325
1.22344
1.22354
1.22356
1.22349
1.22332
1.22307
1.22273
1.22229
1.22177
1.22114
1.22041
1.21954
1.21853
1.21734
1.21595
1.21435
1.21258
1.21071
1.20885
1.20713
1.20566
1.20448
1.20348
1.20248
1.20118
1.19934
1.1968
1.19357
1.18991
1.18625
1.18308
1.18085
1.1798
1.17998
1.18126
1.18343
1.1863
1.18966
1.19332
1.19707
1.20072
1.2041
1.2071
1.20966
1.21176
1.21343
1.21471
1.21563
1.21625
1.21662
1.21679
1.21679
1.21667
1.21644
1.21614
1.21578
1.21537
1.21492
1.21443
1.21386
1.21319
1.21238
1.21138
1.21011
1.20851
1.2065
1.20402
1.20102
1.19749
1.19347
1.18906
1.18447
1.17994
1.17583
1.17249
1.17028
1.1695
1.17036
1.17289
1.17691
1.18206
1.18786
1.1938
1.19945
1.20451
1.2088
1.21228
1.21495
1.21687
1.21814
1.21882
1.219
1.21875
1.21812
1.21716
1.2159
1.21437
1.2126
1.21061
1.20841
1.20603
1.2035
1.20087
1.19819
1.19554
1.19303
1.19078
1.18893
1.18761
1.18692
1.18694
1.18765
1.18898
1.19082
1.193
1.19537
1.19777
1.2001
1.20226
1.2042
1.20588
1.2073
1.20846
1.20937
1.21004
1.21051
1.21078
1.21088
1.21084
1.21066
1.21037
1.20997
1.20949
1.20893
1.2083
1.2076
1.20684
1.20602
1.20514
1.20421
1.20322
1.20217
1.20108
1.19997
1.19884
1.19774
1.19668
1.19572
1.19488
1.19418
1.19362
1.1932
1.19288
1.19262
1.19238
1.19215
1.19193
1.19174
1.19161
1.1916
1.19172
1.19199
1.19242
1.193
1.19374
1.19463
1.19571
1.19698
1.19845
1.2016
1.20344
1.20538
1.20736
1.20928
1.2111
1.21274
1.21417
1.21537
1.21635
1.21712
1.21771
1.21815
1.21847
1.2187
1.21886
1.21898
1.21905
1.21908
1.21906
1.21898
1.21882
1.21855
1.21812
1.21748
1.21654
1.2152
1.21335
1.21089
1.20778
1.20406
1.19993
1.19579
1.19215
1.18952
1.18822
1.18829
1.18951
1.19155
1.1941
1.19698
1.20003
1.20316
1.20627
1.20923
1.21197
1.21441
1.21648
1.21815
1.2194
1.22021
1.22057
1.22052
1.22013
1.21952
1.21883
1.21824
1.21793
1.21803
1.21861
1.21966
1.2211
1.22281
1.22466
1.2265
1.22824
1.22981
1.23116
1.23226
1.2331
1.23368
1.234
1.23407
1.23391
1.23355
1.23304
1.23243
1.2318
1.23122
1.23076
1.23047
1.23039
1.23051
1.23078
1.23117
1.23161
1.23206
1.23249
1.23286
1.23319
1.23348
1.23373
1.23397
1.23419
1.23441
1.23461
1.23481
1.235
1.2352
1.23542
1.23566
1.23595
1.23628
1.23664
1.23702
1.23739
1.23774
1.23804
1.2383
1.23855
1.23881
1.23913
1.23954
1.24007
1.24073
1.24152
1.24247
1.2436
1.24492
1.24642
1.24799
1.24947
1.25065
1.25131
1.25129
1.25049
1.24895
1.2468
1.24424
1.24155
1.23899
1.23685
1.23538
1.2348
1.23527
1.23681
1.2393
1.2425
1.24608
1.24973
1.25318
1.25621
1.25871
1.26061
1.26189
1.26256
1.26268
1.26235
1.26171
1.26096
1.26027
1.25983
1.25974
1.26002
1.26058
1.26128
1.26193
1.26232
1.26228
1.2617
1.26047
1.25861
1.25619
1.25343
1.25064
1.2482
1.24641
1.24541
1.24512
1.24524
1.24536
1.24512
1.24423
1.24251
1.23988
1.23642
1.23238
1.22835
1.22525
1.22412
1.22571
1.23002
1.23622
1.24313
1.24962
1.25499
1.25894
1.26146
1.26272
1.26293
1.26233
1.26117
1.25964
1.25794
1.25625
1.2547
1.25345
1.2526
1.25227
1.2525
1.25333
1.2547
1.25648
1.2585
1.26057
1.26254
1.26427
1.2657
1.26683
1.26766
1.26826
1.26865
1.26891
1.26907
1.26922
1.26942
1.26975
1.27025
1.27098
1.27195
1.27312
1.27447
1.27592
1.27743
1.27892
1.28036
1.28171
1.28293
1.28402
1.28495
1.28571
1.28628
1.28662
1.28669
1.28641
1.28563
1.28413
1.28162
1.27762
1.27161
1.26308
1.25202
1.23951
1.22824
1.2218
1.22243
1.22924
1.23908
1.24888
1.25701
1.26313
1.26752
1.27056
1.2726
1.27385
1.27448
1.27459
1.27427
1.27357
1.27249
1.27103
1.26918
1.26701
1.26474
1.26278
1.26171
1.26214
1.2644
1.26843
1.27372
1.27959
1.28539
1.29066
1.29519
1.2989
1.30185
1.30411
1.30576
1.30688
1.30749
1.30764
1.30731
1.30651
1.30524
1.3035
1.30135
1.29888
1.29624
1.29362
1.29129
1.28949
1.28843
1.28821
1.28878
1.28997
1.29154
1.29328
1.29502
1.29672
1.2984
1.30011
1.3019
1.30375
1.3056
1.30732
1.30879
1.30985
1.31042
1.3104
1.30977
1.30854
1.30675
1.30454
1.30204
1.29942
1.29681
1.29416
1.29124
1.28754
1.28243
1.27549
1.26709
1.25912
1.25494
1.25778
1.26815
1.28335
1.29952
1.31387
1.32525
1.33364
1.33947
1.34325
1.34542
1.3463
1.34612
1.34507
1.3433
1.34098
1.33833
1.33564
1.33323
1.33141
1.33036
1.3301
1.33042
1.33097
1.3313
1.33102
1.32977
1.32729
1.32344
1.31818
1.31173
1.30463
1.29785
1.29266
1.29011
1.29062
1.29369
1.29833
1.30352
1.30853
1.31298
1.31673
1.31973
1.32202
1.32362
1.32461
1.32504
1.325
1.32454
1.32375
1.32268
1.32139
1.31994
1.31842
1.31688
1.31539
1.31404
1.31286
1.3119
1.31116
1.31065
1.31033
1.31015
1.31007
1.31002
1.30992
1.30968
1.30917
1.30821
1.30656
1.30392
1.29999
1.29463
1.28813
1.28137
1.27583
1.273
1.27354
1.27676
1.28107
1.28486
1.28707
1.28734
1.28583
1.28302
1.2796
1.27632
1.27387
1.27273
1.27299
1.27443
1.27657
1.27892
1.28107
1.2828
1.28407
1.28496
1.28563
1.28627
1.28705
1.28808
1.28937
1.29086
1.29237
1.29378
1.29501
1.29608
1.29711
1.29823
1.29956
1.30112
1.30287
1.30467
1.30637
1.30776
1.30868
1.30895
1.30844
1.30706
1.30475
1.30152
1.29747
1.29277
1.28769
1.28256
1.27782
1.27395
1.27148
1.27089
1.27243
1.27598
1.28098
1.28661
1.29205
1.29662
1.29992
1.30181
1.3023
1.3015
1.29961
1.29683
1.29339
1.28954
1.28553
1.2816
1.27801
1.27498
1.27272
1.27135
1.27097
1.27159
1.27318
1.27564
1.27881
1.28253
1.28662
1.29092
1.29525
1.29949
1.30353
1.30728
1.3107
1.31372
1.31631
1.31844
1.32004
1.32106
1.32139
1.32094
1.31956
1.31712
1.31347
1.30848
1.30204
1.29408
1.28469
1.27436
1.2642
1.25582
1.25045
1.24803
1.24719
1.24637
1.245
1.24378
1.24406
1.24679
1.2519
1.2584
1.26498
1.27058
1.27463
1.27698
1.27767
1.27687
1.27477
1.27164
1.26784
1.26396
1.26076
1.25907
1.25946
1.26197
1.26614
1.27119
1.2764
1.28127
1.28554
1.28916
1.2921
1.29435
1.29586
1.29651
1.2961
1.29436
1.29102
1.28581
1.27867
1.26995
1.26065
1.25246
1.24738
1.2468
1.25086
1.25831
1.26724
1.2759
1.28308
1.28816
1.29094
1.29141
1.28961
1.2856
1.27944
1.27137
1.26203
1.25263
1.24492
1.24067
1.24082
1.24489
1.25131
1.25821
1.26421
1.26856
1.2711
1.27205
1.27182
1.27097
1.27011
1.26981
1.27047
1.2723
1.27521
1.27889
1.28289
1.28674
1.2901
1.29278
1.29473
1.29605
1.29687
1.29734
1.29753
1.29746
1.29709
1.2963
1.295
1.29309
1.29053
1.28734
1.28362
1.27955
1.27539
1.27146
1.26809
1.26556
1.26404
1.26358
1.26409
1.26538
1.2672
1.26929
1.27142
1.27339
1.27508
1.27635
1.27715
1.27744
1.27719
1.2764
1.27509
1.27328
1.27101
1.26834
1.26535
1.26215
1.25887
1.25568
1.25277
1.25032
1.24848
1.24734
1.24691
1.24714
1.2479
1.24903
1.2504
1.25186
1.25332
1.25471
1.25595
1.25699
1.25779
1.25829
1.25846
1.25827
1.25775
1.25694
1.25592
1.25485
1.2539
1.25325
1.25304
1.25336
1.2542
1.25544
1.25694
1.25851
1.25997
1.26119
1.26207
1.26257
1.26269
1.26247
1.262
1.26138
1.26072
1.26012
1.25961
1.25914
1.2586
1.25787
1.25677
1.25523
1.25322
1.25079
1.24807
1.24518
1.24217
1.23904
1.23574
1.2324
1.2294
1.22744
1.22727
1.22936
1.23355
1.23915
1.24523
1.25097
1.25583
1.25955
1.26211
1.26362
1.26425
1.26421
1.2637
1.26294
1.26208
1.26127
1.26061
1.26018
1.26001
1.26009
1.26044
1.26102
1.26181
1.26281
1.26398
1.2653
1.26673
1.26825
1.26981
1.27136
1.27286
1.27426
1.2755
1.27654
1.27732
1.2778
1.27793
1.27768
1.27702
1.27596
1.27455
1.27285
1.27098
1.26906
1.26723
1.26557
1.26418
1.26307
1.26224
1.26165
1.26122
1.26085
1.26043
1.25994
1.25948
1.2593
1.25975
1.2611
1.26343
1.26652
1.27001
1.27347
1.2766
1.2792
1.28123
1.28272
1.28374
1.28437
1.2847
1.28478
1.28468
1.28443
1.28407
1.28364
1.28316
1.28267
1.28222
1.28182
1.28151
1.28131
1.2812
1.28117
1.28116
1.2811
1.28091
1.28045
1.27962
1.2783
1.2764
1.27386
1.27071
1.26704
1.26302
1.25881
1.25454
1.2503
1.24609
1.24203
1.2384
1.23566
1.23437
1.23485
1.23706
1.24052
1.24457
1.24854
1.25195
1.25452
1.25618
1.25697
1.25698
1.25635
1.25522
1.25371
1.25194
1.25003
1.24807
1.24616
1.24435
1.24267
1.24112
1.23964
1.23817
1.2366
1.23486
1.23286
1.23057
1.22802
1.22528
1.22249
1.21984
1.21755
1.21581
1.2148
1.21457
1.21509
1.21625
1.21787
1.21976
1.22175
1.22368
1.22546
1.22702
1.22832
1.22936
1.23014
1.23067
1.23097
1.23107
1.23097
1.2307
1.23025
1.22963
1.22883
1.22785
1.22666
1.22527
1.22364
1.22179
1.2197
1.21738
1.21485
1.21213
1.20924
1.2062
1.20301
1.19966
1.19614
1.19245
1.18862
1.18474
1.18099
1.17759
1.17476
1.1727
1.17151
1.17118
1.17159
1.17259
1.17402
1.17575
1.17772
1.17989
1.18223
1.18473
1.18736
1.19006
1.19277
1.1954
1.19789
1.20017
1.20219
1.20392
1.20536
1.20649
1.20733
1.20789
1.20818
1.20821
1.20798
1.20752
1.20682
1.2059
1.20477
1.20347
1.20202
1.2005
1.19898
1.19753
1.19624
1.19518
1.1944
1.19391
1.19369
1.19369
1.19387
1.19415
1.19447
1.19479
1.19506
1.19526
1.19536
1.19535
1.19521
1.1949
1.19441
1.19371
1.19281
1.19171
1.19049
1.18922
1.18803
1.18707
1.18644
1.18623
1.18646
1.18708
1.188
1.18912
1.19034
1.19158
1.1928
1.19396
1.19507
1.1961
1.19705
1.19789
1.19858
1.19907
1.19928
1.19913
1.19854
1.1974
1.19564
1.1932
1.19012
1.18652
1.18267
1.17898
1.17593
1.17395
1.17328
1.17388
1.1755
1.17776
1.18029
1.18283
1.18525
1.18748
1.18951
1.19137
1.19304
1.19454
1.19584
1.1969
1.19771
1.19822
1.19842
1.1983
1.19783
1.19698
1.19568
1.1938
1.19125
1.18798
1.18418
1.18034
1.17719
1.17551
1.17564
1.17734
1.17991
1.18255
1.18473
1.18624
1.1871
1.18746
1.18747
1.18728
1.18708
1.18706
1.18737
1.18808
1.18912
1.19033
1.19149
1.19242
1.19297
1.19311
1.19286
1.19232
1.19164
1.19098
1.19051
1.19037
1.19062
1.19126
1.19223
1.19344
1.19484
1.19638
1.19805
1.20169
1.20353
1.20536
1.20707
1.20854
1.20965
1.21027
1.21033
1.20971
1.20836
1.20623
1.20332
1.19972
1.19563
1.19138
1.18742
1.18424
1.18227
1.18176
1.18273
1.185
1.18825
1.19209
1.19614
1.20013
1.20385
1.20723
1.21022
1.21282
1.21501
1.21674
1.21792
1.21848
1.21834
1.21747
1.21588
1.21365
1.21092
1.2079
1.20485
1.20202
1.19967
1.19801
1.19718
1.19729
1.19832
1.20019
1.20268
1.20555
1.2085
1.21125
1.21359
1.21535
1.21642
1.21676
1.21637
1.21533
1.21376
1.21183
1.20979
1.20796
1.20672
1.20645
1.20744
1.20977
1.2132
1.21725
1.22133
1.22492
1.22766
1.2294
1.23013
1.22999
1.22918
1.22798
1.22667
1.2255
1.22468
1.22431
1.22439
1.22485
1.22557
1.22645
1.22742
1.22844
1.22953
1.2307
1.23198
1.23334
1.23474
1.23611
1.23734
1.23832
1.23889
1.23888
1.23804
1.23606
1.23258
1.22726
1.22
1.21131
1.20267
1.19641
1.1947
1.19807
1.20504
1.21319
1.22056
1.22618
1.22992
1.23205
1.23295
1.233
1.2325
1.2317
1.2308
1.22995
1.22929
1.22889
1.2288
1.22902
1.22953
1.23028
1.23118
1.23216
1.23314
1.23403
1.23473
1.23511
1.23503
1.23435
1.23293
1.23071
1.22779
1.22449
1.22137
1.21912
1.21827
1.21894
1.22074
1.22297
1.22495
1.22629
1.227
1.22739
1.22799
1.22928
1.23156
1.23483
1.23886
1.24323
1.24753
1.25141
1.25462
1.25702
1.25857
1.25929
1.25926
1.25861
1.25752
1.25619
1.25485
1.25371
1.25295
1.25263
1.25275
1.25319
1.2538
1.2544
1.2548
1.25486
1.25445
1.25352
1.25206
1.25014
1.24791
1.2456
1.24352
1.24199
1.24133
1.24179
1.24345
1.24627
1.25005
1.2545
1.25931
1.26416
1.26881
1.27302
1.27663
1.27951
1.28152
1.28256
1.28248
1.28115
1.27845
1.27425
1.26848
1.26115
1.25239
1.24253
1.23213
1.2221
1.21367
1.2083
1.20727
1.21104
1.21892
1.22926
1.24014
1.25006
1.2582
1.26431
1.26853
1.27115
1.27255
1.27306
1.27298
1.27253
1.27189
1.27115
1.27037
1.26958
1.26878
1.26795
1.26706
1.26609
1.26505
1.26393
1.26276
1.26157
1.26041
1.25932
1.25833
1.25745
1.25669
1.25604
1.2555
1.25506
1.25475
1.25459
1.25462
1.25484
1.25525
1.2558
1.25643
1.25705
1.2576
1.25801
1.25825
1.25832
1.25821
1.25795
1.25756
1.25707
1.25651
1.2559
1.25525
1.25456
1.25382
1.25302
1.25214
1.25112
1.24996
1.24863
1.24714
1.24552
1.24387
1.24233
1.24105
1.24021
1.23994
1.24031
1.24129
1.24278
1.24463
1.24668
1.24879
1.25087
1.25288
1.25479
1.2566
1.25828
1.25977
1.261
1.26187
1.26229
1.2622
1.26165
1.26077
1.25983
1.25921
1.25928
1.26031
1.26234
1.26517
1.26845
1.27176
1.27478
1.27728
1.27915
1.2804
1.28105
1.28119
1.28086
1.28013
1.27901
1.27749
1.27555
1.27314
1.27021
1.26674
1.26274
1.25835
1.25379
1.24939
1.24561
1.24288
1.24162
1.24208
1.24433
1.24821
1.25335
1.25925
1.26533
1.27106
1.276
1.27988
1.28254
1.28395
1.28415
1.28324
1.28133
1.27861
1.27527
1.27156
1.26781
1.26438
1.26163
1.25987
1.25925
1.25976
1.26119
1.2632
1.26547
1.26766
1.26957
1.27104
1.27202
1.27247
1.27243
1.27192
1.27099
1.26967
1.268
1.26603
1.26383
1.26146
1.25903
1.25666
1.25447
1.25261
1.25121
1.25036
1.2501
1.25038
1.25111
1.25214
1.25329
1.25439
1.2553
1.25587
1.25601
1.25564
1.25472
1.25323
1.25123
1.24885
1.2463
1.24388
1.24191
1.24068
1.24034
1.24085
1.24202
1.24356
1.24516
1.24659
1.24768
1.24834
1.24854
1.24827
1.24754
1.24639
1.24482
1.24286
1.24054
1.23789
1.23499
1.2319
1.22877
1.22574
1.22297
1.22063
1.21885
1.21771
1.21722
1.21729
1.21782
1.21865
1.21965
1.22073
1.22182
1.2229
1.22397
1.22502
1.22604
1.22699
1.2278
1.22839
1.22868
1.22857
1.22799
1.22688
1.22523
1.2231
1.22062
1.21801
1.2156
1.21368
1.21247
1.21199
1.21206
1.21234
1.21244
1.21212
1.21134
1.21036
1.2096
1.20955
1.21051
1.21247
1.21516
1.21812
1.22095
1.22334
1.22516
1.22636
1.22698
1.22703
1.22652
1.22535
1.22337
1.22036
1.21607
1.21034
1.20339
1.19601
1.18974
1.18641
1.1872
1.19183
1.19876
1.20616
1.21271
1.21785
1.22153
1.22398
1.22548
1.2263
1.22663
1.22663
1.22638
1.22594
1.22535
1.22459
1.22367
1.22258
1.22132
1.21996
1.21862
1.21752
1.21691
1.21701
1.21793
1.21961
1.22179
1.2241
1.22616
1.22767
1.2285
1.22862
1.22815
1.2273
1.22629
1.22535
1.22462
1.22415
1.22389
1.22372
1.22351
1.22309
1.22238
1.22133
1.21997
1.21838
1.2167
1.21509
1.21368
1.21263
1.21202
1.21192
1.21235
1.21331
1.21479
1.21678
1.21926
1.22219
1.22554
1.2292
1.23307
1.23699
1.24081
1.24439
1.24758
1.25028
1.25242
1.25393
1.25475
1.25485
1.25418
1.25271
1.25047
1.24755
1.24414
1.24058
1.23735
1.2349
1.23357
1.23346
1.23437
1.2359
1.23765
1.2393
1.24068
1.24174
1.24255
1.24318
1.24372
1.24417
1.24454
1.24472
1.24461
1.24402
1.24277
1.24068
1.23758
1.23335
1.228
1.2217
1.21486
1.20813
1.20233
1.19828
1.1965
1.19708
1.19968
1.20371
1.20851
1.21353
1.21838
1.22282
1.22677
1.23016
1.233
1.23527
1.23694
1.23799
1.23838
1.23814
1.23729
1.2359
1.23407
1.23194
1.22967
1.2274
1.22531
1.22351
1.2221
1.22113
1.22063
1.22058
1.22093
1.22161
1.22254
1.22365
1.22486
1.22609
1.2273
1.22846
1.22951
1.23046
1.23127
1.23192
1.23236
1.23252
1.23229
1.23149
1.22987
1.22711
1.22285
1.21684
1.20915
1.20056
1.19273
1.18782
1.18734
1.19111
1.19738
1.20403
1.20956
1.21336
1.21544
1.21614
1.21585
1.21495
1.21379
1.21266
1.21179
1.21131
1.21126
1.21157
1.2121
1.21271
1.21326
1.21364
1.21379
1.21362
1.21308
1.21215
1.2109
1.20955
1.20849
1.20824
1.20922
1.21161
1.21525
1.21968
1.22435
1.22875
1.23255
1.23559
1.23782
1.23924
1.23992
1.2399
1.23924
1.23798
1.23621
1.23401
1.23153
1.22897
1.22654
1.22446
1.2229
1.22195
1.22161
1.22181
1.22244
1.2234
1.22463
1.22609
1.22775
1.2296
1.23159
1.23364
1.23564
1.23746
1.23892
1.23988
1.2402
1.23979
1.23865
1.23686
1.23464
1.23235
1.23042
1.22926
1.22911
1.22999
1.23164
1.23368
1.23568
1.23734
1.23852
1.23924
1.2396
1.23981
1.24004
1.24041
1.24096
1.24163
1.24231
1.24288
1.24324
1.24333
1.24316
1.24282
1.24243
1.24215
1.24217
1.24262
1.24361
1.24515
1.24714
1.24946
1.25192
1.25434
1.25657
1.25849
1.25999
1.26102
1.26154
1.26153
1.261
1.25999
1.25859
1.25693
1.25515
1.25342
1.25191
1.25074
1.24997
1.24963
1.24968
1.25002
1.25055
1.25115
1.25169
1.25205
1.25213
1.25184
1.25111
1.24988
1.24806
1.24559
1.24245
1.2387
1.2346
1.2307
1.22775
1.22657
1.22766
1.23095
1.23577
1.24116
1.24624
1.25045
1.25363
1.25589
1.25753
1.25888
1.26026
1.26184
1.26371
1.26579
1.26792
1.26991
1.27154
1.27264
1.27307
1.27273
1.27158
1.26963
1.26701
1.26391
1.26062
1.25746
1.25465
1.25227
1.25016
1.24803
1.24558
1.24267
1.23941
1.23611
1.23325
1.23133
1.23069
1.23143
1.23342
1.23633
1.23979
1.24339
1.24682
1.24987
1.25238
1.25431
1.25565
1.25644
1.25672
1.25655
1.256
1.2551
1.25391
1.25249
1.25087
1.24913
1.24735
1.24562
1.24408
1.24286
1.24211
1.24194
1.24242
1.24353
1.24519
1.24723
1.2494
1.25143
1.25302
1.25385
1.25363
1.25207
1.24899
1.24436
1.2384
1.23168
1.22507
1.21954
1.2159
1.21441
1.21473
1.21603
1.21739
1.21811
1.21786
1.21662
1.2147
1.21264
1.21117
1.21094
1.21234
1.21531
1.21947
1.22429
1.2293
1.23416
1.23863
1.24254
1.2458
1.24834
1.25015
1.25127
1.25175
1.25164
1.25101
1.24991
1.24838
1.24646
1.24419
1.2416
1.23875
1.23573
1.23264
1.22964
1.22689
1.22457
1.22281
1.22167
1.22113
1.22109
1.22139
1.22189
1.22242
1.22288
1.2232
1.22336
1.22333
1.22315
1.22283
1.2224
1.22189
1.22133
1.22074
1.22013
1.21953
1.21895
1.2184
1.21788
1.2174
1.21697
1.21659
1.21626
1.21597
1.21573
1.21553
1.21537
1.21522
1.21509
1.21496
1.21481
1.21463
1.2144
1.2141
1.21372
1.21325
1.21269
1.21203
1.21128
1.21047
1.2096
1.20871
1.20781
1.20696
1.20617
1.20548
1.20494
1.20459
1.20446
1.20462
1.20508
1.20588
1.20698
1.20835
1.20987
1.21142
1.21285
1.21399
1.21468
1.21479
1.21418
1.21281
1.21065
1.20779
1.20445
1.20094
1.1977
1.19513
1.19352
1.19295
1.19327
1.19417
1.19533
1.19645
1.19735
1.19794
1.19825
1.19835
1.1984
1.19854
1.19893
1.19963
1.20065
1.20191
1.20329
1.20466
1.20591
1.20698
1.20786
1.20855
1.20911
1.20958
1.21003
1.2105
1.21103
1.21164
1.21235
1.21315
1.21401
1.2149
1.21576
1.21653
1.21714
1.21751
1.21761
1.2174
1.21691
1.2162
1.2154
1.21466
1.21412
1.21385
1.21387
1.21405
1.21421
1.21415
1.21368
1.21267
1.2111
1.20903
1.20661
1.204
1.20141
1.19901
1.19692
1.19525
1.1941
1.1936
1.1939
1.20134
1.20374
1.20712
1.21125
1.21584
1.22051
1.22495
1.22891
1.23221
1.23477
1.23654
1.2375
1.23767
1.23702
1.23552
1.23314
1.22985
1.22566
1.22068
1.21524
1.2099
1.20546
1.20277
1.20239
1.20431
1.20799
1.2126
1.21732
1.2216
1.22513
1.22783
1.22974
1.23093
1.23151
1.23158
1.23124
1.2306
1.22978
1.22894
1.22826
1.2279
1.22797
1.22848
1.22935
1.23041
1.23146
1.23235
1.23297
1.23329
1.2334
1.23339
1.2334
1.23358
1.23403
1.23482
1.23597
1.23746
1.23922
1.24117
1.2432
1.24521
1.2471
1.24876
1.25011
1.25107
1.25158
1.25159
1.25109
1.25011
1.24871
1.24703
1.24525
1.24357
1.24217
1.24115
1.24045
1.2399
1.23925
1.23826
1.23691
1.23552
1.23479
1.23555
1.23833
1.24304
1.2489
1.25486
1.25992
1.26342
1.26503
1.26465
1.26238
1.25852
1.25365
1.24859
1.2443
1.24159
1.24081
1.24174
1.2438
1.24638
1.24906
1.25161
1.25397
1.25608
1.25786
1.2592
1.26004
1.26032
1.26006
1.25938
1.25843
1.25741
1.25653
1.25596
1.2558
1.25609
1.25676
1.2577
1.25877
1.25982
1.26075
1.26149
1.26202
1.26236
1.26254
1.26257
1.26249
1.26231
1.26202
1.26163
1.26114
1.26056
1.25989
1.25913
1.2583
1.25741
1.25649
1.25557
1.25472
1.25398
1.25342
1.25307
1.25297
1.25311
1.25348
1.25402
1.25468
1.25539
1.2561
1.25676
1.25733
1.25779
1.25817
1.25845
1.25865
1.25877
1.2588
1.25869
1.25842
1.25796
1.25732
1.25659
1.2559
1.25545
1.25543
1.25603
1.25732
1.25926
1.2617
1.26442
1.26719
1.26981
1.27212
1.274
1.27536
1.27611
1.2762
1.27555
1.27412
1.27189
1.26892
1.26534
1.26137
1.25725
1.25317
1.24922
1.24543
1.24192
1.23901
1.2372
1.23699
1.23856
1.24165
1.2457
1.25005
1.25414
1.25753
1.25992
1.26109
1.26094
1.25947
1.25683
1.25329
1.24935
1.24567
1.243
1.24194
1.2427
1.24503
1.24831
1.25192
1.25538
1.2585
1.26125
1.26369
1.26587
1.2678
1.26942
1.27072
1.27165
1.27224
1.27254
1.27263
1.2726
1.27255
1.2726
1.2728
1.27321
1.27383
1.27461
1.27545
1.27625
1.27686
1.27713
1.27696
1.27625
1.27497
1.27316
1.27091
1.26842
1.26596
1.26389
1.2626
1.26246
1.26369
1.26631
1.27007
1.27456
1.27933
1.28399
1.28825
1.29196
1.29507
1.29759
1.29958
1.30109
1.3022
1.30294
1.30335
1.30347
1.3033
1.30286
1.30213
1.3011
1.29975
1.29805
1.29602
1.29368
1.29117
1.28864
1.28636
1.28459
1.28355
1.28334
1.28395
1.28518
1.28679
1.28848
1.28999
1.2911
1.29166
1.29152
1.29061
1.28887
1.28628
1.28292
1.27893
1.27456
1.27013
1.26599
1.26246
1.25979
1.2582
1.2578
1.25868
1.26087
1.26429
1.26873
1.27388
1.27933
1.28468
1.28956
1.29371
1.297
1.29942
1.30104
1.30202
1.30252
1.30272
1.30274
1.3027
1.30263
1.30257
1.30251
1.30246
1.30241
1.30238
1.30239
1.30247
1.30264
1.30286
1.30309
1.30323
1.30318
1.3028
1.30203
1.30083
1.29926
1.29754
1.29595
1.29487
1.29464
1.29542
1.29717
1.2996
1.30231
1.30483
1.30675
1.30774
1.30751
1.30589
1.30281
1.29844
1.29323
1.28798
1.28358
1.28061
1.27905
1.27817
1.27702
1.27479
1.27118
1.26633
1.26074
1.25507
1.24995
1.24589
1.24321
1.24204
1.24241
1.24435
1.24771
1.25205
1.25658
1.26038
1.26272
1.26341
1.26292
1.26226
1.26254
1.26441
1.26787
1.27238
1.27732
1.28228
1.28711
1.29182
1.29646
1.30102
1.30541
1.30952
1.31322
1.31638
1.31894
1.32087
1.3222
1.32297
1.32326
1.32312
1.32259
1.32168
1.32038
1.31866
1.31648
1.31376
1.31045
1.30646
1.3017
1.29611
1.28968
1.28252
1.27497
1.26762
1.26131
1.25691
1.25512
1.25619
1.25981
1.26522
1.2715
1.27783
1.28358
1.28838
1.29206
1.29453
1.29577
1.29579
1.29466
1.29253
1.28968
1.28654
1.28363
1.28154
1.28076
1.28157
1.28386
1.28725
1.29117
1.29507
1.29855
1.30139
1.3035
1.30494
1.30577
1.30611
1.30602
1.30559
1.30487
1.30388
1.30263
1.30112
1.29935
1.2973
1.29496
1.29236
1.28951
1.2865
1.2834
1.28034
1.27747
1.27495
1.27293
1.27155
1.27089
1.27097
1.27177
1.27321
1.27514
1.2774
1.27982
1.28224
1.28451
1.28652
1.28817
1.28937
1.29005
1.29018
1.28975
1.28877
1.28729
1.28538
1.28308
1.28049
1.27772
1.27488
1.27215
1.2697
1.26769
1.26625
1.26544
1.26518
1.26523
1.26515
1.26438
1.26243
1.25918
1.25524
1.25213
1.25178
1.25542
1.26263
1.27161
1.28029
1.28729
1.29215
1.29504
1.29642
1.29683
1.29673
1.29644
1.29616
1.29597
1.29586
1.29576
1.29562
1.29539
1.29506
1.29463
1.29413
1.29356
1.29295
1.2923
1.2916
1.29084
1.29001
1.28912
1.2882
1.2873
1.28648
1.28579
1.28525
1.28484
1.28451
1.28417
1.28371
1.28301
1.28194
1.28038
1.27826
1.27557
1.27241
1.26899
1.26567
1.26285
1.26092
1.26012
1.26053
1.26201
1.26426
1.26693
1.26965
1.27213
1.27417
1.27569
1.27669
1.27725
1.27746
1.27747
1.27736
1.27724
1.27714
1.27708
1.27705
1.27704
1.27703
1.27702
1.27702
1.27706
1.27716
1.27734
1.27758
1.27786
1.27813
1.27832
1.27835
1.27814
1.27763
1.27676
1.27552
1.2739
1.27189
1.2695
1.26672
1.26352
1.25986
1.25573
1.25113
1.24614
1.24093
1.2357
1.23075
1.22639
1.22296
1.22082
1.22033
1.22171
1.22496
1.22978
1.23561
1.24175
1.24757
1.25262
1.25667
1.25966
1.26163
1.26271
1.26304
1.26273
1.26193
1.26071
1.25919
1.25743
1.25552
1.25354
1.25159
1.24976
1.24814
1.2468
1.2458
1.24515
1.24483
1.2448
1.24497
1.24525
1.24554
1.24572
1.24571
1.24544
1.24485
1.24393
1.24268
1.24114
1.23938
1.23749
1.23559
1.23383
1.23238
1.23141
1.2311
1.23154
1.23278
1.23474
1.23731
1.24029
1.2435
1.24672
1.24969
1.25213
1.25376
1.2543
1.25357
1.25151
1.24826
1.2441
1.2395
1.23501
1.23117
1.22848
1.22729
1.22778
1.22992
1.2335
1.23814
1.24338
1.24877
1.25396
1.25865
1.26269
1.26598
1.26847
1.27017
1.2711
1.2713
1.2708
1.26964
1.26786
1.26551
1.26265
1.25935
1.25576
1.25201
1.24833
1.24493
1.24203
1.23976
1.23813
1.23693
1.23575
1.2339
1.2305
1.2247
1.21618
1.20602
1.19721
1.1935
1.19653
1.20417
1.21236
1.21803
1.22036
1.22024
1.21931
1.21906
1.22025
1.22278
1.22599
1.22911
1.2316
1.23322
1.23401
1.23421
1.23414
1.23418
1.23468
1.23588
1.23788
1.24059
1.24381
1.24727
1.2507
1.25392
1.25679
1.25926
1.26132
1.26298
1.26428
1.26525
1.26592
1.26632
1.26647
1.26641
1.26614
1.26569
1.26509
1.26438
1.26359
1.26279
1.26202
1.26134
1.2608
1.26042
1.26023
1.26022
1.26036
1.26064
1.26101
1.26144
1.26189
1.26231
1.26268
1.26298
1.26317
1.26328
1.26332
1.26333
1.26333
1.26333
1.26332
1.26322
1.26293
1.26232
1.26125
1.25958
1.25717
1.25386
1.24953
1.2442
1.23814
1.23198
1.2267
1.22333
1.22263
1.22474
1.22916
1.23495
1.24115
1.24701
1.25209
1.25625
1.25954
1.26211
1.26412
1.26571
1.26698
1.26799
1.26874
1.26923
1.26946
1.26947
1.2693
1.26904
1.26877
1.26857
1.2685
1.26858
1.2688
1.26912
1.26949
1.26988
1.27022
1.2705
1.27068
1.27075
1.27069
1.27052
1.27022
1.2698
1.26924
1.26854
1.2677
1.2667
1.26553
1.2642
1.26271
1.26108
1.25936
1.25762
1.25595
1.25445
1.25322
1.25235
1.25188
1.25181
1.2521
1.25266
1.25336
1.25408
1.25469
1.25507
1.2551
1.2547
1.25379
1.25229
1.25017
1.24742
1.24408
1.24027
1.23619
1.23216
1.22855
1.22571
1.22394
1.22336
1.22392
1.22537
1.22733
1.22939
1.23115
1.23236
1.23302
1.23338
1.23393
1.23523
1.23767
1.24131
1.2458
1.25059
1.25507
1.25885
1.2617
1.2636
1.26463
1.26492
1.26461
1.2638
1.26261
1.26113
1.25944
1.2576
1.25569
1.25377
1.25189
1.25011
1.24851
1.24711
1.24595
1.245
1.24418
1.24342
1.24261
1.24168
1.24062
1.23946
1.23826
1.23712
1.23614
1.23539
1.23493
1.23476
1.23488
1.23522
1.23576
1.23641
1.23716
1.23796
1.2388
1.2397
1.24066
1.24169
1.24281
1.24401
1.24527
1.24657
1.24788
1.24916
1.25038
1.25151
1.25254
1.25345
1.25424
1.25491
1.25546
1.25589
1.2562
1.25641
1.25649
1.25645
1.25626
1.25593
1.25543
1.25476
1.25391
1.25288
1.25167
1.25027
1.24866
1.24681
1.24465
1.24215
1.23931
1.23625
1.23321
1.23055
1.22861
1.22764
1.22763
1.2284
1.22965
1.23109
1.23256
1.234
1.2354
1.23681
1.23823
1.23964
1.241
1.24226
1.24342
1.24447
1.24542
1.24631
1.24715
1.24796
1.24875
1.24951
1.25024
1.25095
1.25162
1.25227
1.25287
1.25345
1.254
1.25451
1.25501
1.25548
1.25594
1.25638
1.2568
1.2572
1.25757
1.25788
1.25812
1.25824
1.25819
1.25787
1.25719
1.25598
1.25406
1.25113
1.24685
1.24083
1.23275
1.22258
1.21093
1.19946
1.19071
1.18736
1.19075
1.2
1.21254
1.2255
1.2368
1.24547
1.25135
1.25465
1.25576
1.25503
1.25279
1.24938
1.24517
1.24061
1.23619
1.23237
1.22942
1.22741
1.22624
1.22579
1.22606
1.22716
1.20203
1.20497
1.20843
1.212
1.21533
1.21825
1.22073
1.22289
1.22485
1.22668
1.22841
1.22999
1.23134
1.23237
1.23301
1.23324
1.23305
1.23246
1.23152
1.2303
1.22886
1.22728
1.22565
1.22405
1.22258
1.22133
1.22038
1.2198
1.21964
1.21992
1.22062
1.22169
1.22305
1.2246
1.22622
1.2278
1.22923
1.23043
1.23132
1.23184
1.23199
1.23174
1.23114
1.23023
1.22909
1.22784
1.2266
1.2255
1.22465
1.22414
1.22398
1.22415
1.22454
1.22503
1.22541
1.22551
1.22513
1.22419
1.22274
1.22102
1.21952
1.2188
1.21934
1.2213
1.22441
1.22809
1.23174
1.23486
1.23722
1.23872
1.23942
1.2394
1.23879
1.23772
1.23636
1.23493
1.23366
1.2328
1.23254
1.233
1.23414
1.23582
1.2378
1.23983
1.24166
1.24313
1.24419
1.24487
1.24527
1.24555
1.24586
1.24636
1.24714
1.24825
1.2497
1.25143
1.25336
1.25538
1.25738
1.25924
1.26086
1.26212
1.26294
1.2632
1.26285
1.26183
1.26014
1.25788
1.25522
1.25241
1.24975
1.24747
1.24569
1.24431
1.24313
1.2419
1.24042
1.23864
1.23669
1.23483
1.23342
1.23279
1.23315
1.23453
1.23671
1.23935
1.24204
1.24444
1.24633
1.24765
1.24844
1.24885
1.24903
1.24912
1.24923
1.24941
1.24967
1.24995
1.2502
1.25035
1.25036
1.25018
1.24982
1.2493
1.24868
1.24805
1.24747
1.24702
1.24677
1.24674
1.24693
1.24733
1.24789
1.24857
1.24931
1.25005
1.25077
1.25141
1.25196
1.25239
1.25269
1.25284
1.25284
1.25266
1.25226
1.2516
1.2506
1.24919
1.24731
1.24494
1.24213
1.23903
1.2359
1.23311
1.231
1.22983
1.22966
1.23024
1.23109
1.23155
1.23085
1.22819
1.22284
1.21425
1.20244
1.1884
1.17462
1.1649
1.16288
1.16959
1.18254
1.19751
1.21104
1.22148
1.22862
1.23299
1.23526
1.23609
1.23598
1.23527
1.23419
1.23286
1.23129
1.22945
1.22728
1.22474
1.2218
1.21846
1.21477
1.21087
1.20693
1.20325
1.20016
1.19806
1.19724
1.19784
1.19978
1.2028
1.20653
1.21059
1.21469
1.2186
1.22214
1.22519
1.22764
1.22944
1.23059
1.23116
1.23129
1.23116
1.23099
1.23095
1.23118
1.2317
1.23245
1.2333
1.23409
1.23465
1.23487
1.2347
1.23414
1.23325
1.23216
1.23101
1.22996
1.22908
1.22842
1.22786
1.22722
1.22626
1.22476
1.2226
1.21987
1.21695
1.21444
1.21306
1.21331
1.21527
1.21856
1.22249
1.2264
1.22977
1.23237
1.23414
1.23514
1.23553
1.23548
1.23518
1.23484
1.23463
1.23471
1.23522
1.2362
1.23764
1.23945
1.24148
1.24356
1.24552
1.24722
1.24854
1.2494
1.24975
1.24955
1.24876
1.24736
1.24535
1.24277
1.23972
1.23637
1.23295
1.2297
1.22684
1.22455
1.22288
1.22187
1.2215
1.22181
1.22283
1.22456
1.22696
1.22985
1.23301
1.23615
1.23901
1.2414
1.24322
1.24443
1.24508
1.24526
1.24513
1.24485
1.24461
1.24458
1.24493
1.24575
1.24708
1.24886
1.25098
1.25329
1.2556
1.25769
1.25938
1.26051
1.26096
1.26068
1.25969
1.25812
1.25618
1.25414
1.25228
1.25078
1.24967
1.24884
1.24808
1.24725
1.2463
1.24534
1.24452
1.24401
1.2438
1.24373
1.24349
1.24267
1.24089
1.2379
1.23363
1.2283
1.22244
1.21675
1.21198
1.20866
1.20692
1.20653
1.20705
1.208
1.209
1.20979
1.21016
1.21001
1.20933
1.20835
1.20757
1.20762
1.20907
1.21205
1.21622
1.22089
1.22534
1.22905
1.23176
1.23342
1.23413
1.23402
1.23325
1.23193
1.23017
1.22807
1.22568
1.22305
1.22025
1.21732
1.21433
1.21133
1.2084
1.20556
1.20284
1.2002
1.19755
1.19472
1.19152
1.18769
1.18305
1.17755
1.17148
1.16557
1.16098
1.15895
1.16016
1.16433
1.17038
1.17696
1.18302
1.18797
1.19161
1.19396
1.19516
1.19535
1.19468
1.19326
1.19121
1.18866
1.18573
1.18259
1.17941
1.17637
1.17364
1.17133
1.16949
1.16808
1.16704
1.16625
1.16563
1.16507
1.16456
1.16405
1.16356
1.1631
1.16268
1.16231
1.16198
1.16166
1.16132
1.16094
1.16046
1.15988
1.15919
1.15839
1.15752
1.1566
1.15571
1.1549
1.15424
1.15377
1.15353
1.15355
1.1538
1.15428
1.15492
1.15569
1.15652
1.15737
1.1582
1.15898
1.15969
1.16033
1.16088
1.16135
1.16175
1.16208
1.16235
1.16255
1.16269
1.16277
1.16278
1.1627
1.16252
1.16222
1.16178
1.16117
1.16037
1.15937
1.15818
1.15681
1.15531
1.15377
1.15228
1.15098
1.14997
1.14932
1.14903
1.14901
1.14908
1.14907
1.14877
1.14814
1.14725
1.1464
1.14597
1.14635
1.14774
1.15005
1.15297
1.15609
1.15905
1.16162
1.16376
1.16553
1.16706
1.16849
1.16992
1.17141
1.17297
1.17453
1.17603
1.17734
1.17837
1.17899
1.17908
1.17853
1.17723
1.17506
1.17199
1.16806
1.16348
1.15868
1.15429
1.15103
1.14951
1.14998
1.15222
1.15567
1.15961
1.16341
1.16665
1.16912
1.1708
1.17178
1.1722
1.17226
1.17214
1.17205
1.17218
1.17269
1.17369
1.17525
1.17734
1.17982
1.1825
1.18513
1.18747
1.18924
1.19021
1.19019
1.189
1.18654
1.18279
1.17792
1.17233
1.16679
1.16234
1.1601
1.16082
1.16455
1.17059
1.17788
1.18536
1.19228
1.19823
1.20304
1.20671
1.20928
1.21084
1.21146
1.21119
1.2101
1.20827
1.20581
1.2029
1.19981
1.19688
1.19448
1.19292
1.19234
1.19268
1.19369
1.19503
1.19635
1.19746
1.19827
1.19882
1.19923
1.1996
1.19999
1.20037
1.20066
1.20076
1.20061
1.2002
1.19958
1.19889
1.19825
1.19775
1.19743
1.19721
1.19695
1.19645
1.19548
1.19388
1.19155
1.18856
1.18515
1.18173
1.17884
1.17699
1.17641
1.177
1.17835
1.17989
1.18118
1.18197
1.18232
1.18244
1.18267
1.1833
1.18453
1.18639
1.18879
1.19151
1.19433
1.19701
1.19936
1.20123
1.20251
1.20314
1.20308
1.20237
1.20108
1.19938
1.19749
1.19568
1.19422
1.19332
1.19305
1.19332
1.19393
1.19462
1.19509
1.19508
1.19439
1.19285
1.19032
1.18672
1.18208
1.1766
1.17071
1.16513
1.16067
1.15798
1.15724
1.15809
1.15984
1.16176
1.16338
1.1645
1.1651
1.1653
1.16518
1.16482
1.16421
1.16333
1.16217
1.16074
1.15916
1.15759
1.15626
1.15538
1.15511
1.15553
1.15658
1.15814
1.16003
1.16204
1.16404
1.16589
1.16753
1.16893
1.17007
1.17097
1.17164
1.17211
1.17237
1.17245
1.17234
1.17201
1.17145
1.1706
1.16942
1.16782
1.16573
1.16309
1.15985
1.15603
1.15174
1.14718
1.14268
1.13861
1.13533
1.13308
1.13196
1.1319
1.13276
1.13442
1.13679
1.1398
1.14332
1.14719
1.15116
1.15493
1.15822
1.16076
1.16232
1.16271
1.16183
1.15964
1.15628
1.15206
1.14761
1.14375
1.14135
1.141
1.14276
1.14616
1.1504
1.15471
1.15853
1.16157
1.16375
1.16515
1.16591
1.16619
1.16618
1.16604
1.1659
1.16588
1.16606
1.16648
1.16714
1.16801
1.16906
1.17022
1.17142
1.17259
1.17367
1.17459
1.1753
1.17574
1.17582
1.17549
1.17467
1.17329
1.1713
1.16866
1.16536
1.16146
1.15709
1.15249
1.14796
1.14394
1.14089
1.13925
1.13928
1.14103
1.14422
1.14836
1.15285
1.15715
1.16085
1.1637
1.16562
1.16664
1.16689
1.16655
1.16589
1.16522
1.16484
1.16501
1.1658
1.16708
1.16858
1.16992
1.17076
1.17085
1.17008
1.16849
1.16622
1.16353
1.16071
1.15807
1.15588
1.1543
1.1534
1.15313
1.15341
1.15408
1.15503
1.1561
1.15719
1.1582
1.15902
1.15958
1.15982
1.1597
1.15921
1.1584
1.15732
1.15607
1.15476
1.15353
1.15247
1.15166
1.15114
1.15088
1.15086
1.15101
1.1513
1.15169
1.15217
1.15275
1.15343
1.15424
1.15515
1.15615
1.15721
1.15829
1.15933
1.16029
1.16112
1.16177
1.16219
1.16234
1.16215
1.16156
1.1605
1.15891
1.15675
1.15401
1.15079
1.1473
1.14386
1.14092
1.13891
1.13815
1.13872
1.14043
1.14294
1.14585
1.14883
1.15164
1.15415
1.15632
1.15813
1.15961
1.16077
1.16164
1.16225
1.16265
1.16294
1.16324
1.16369
1.16443
1.16555
1.16709
1.16898
1.1711
1.17331
1.17543
1.17732
1.17887
1.17998
1.18062
1.18076
1.1804
1.17958
1.17838
1.17692
1.17537
1.17391
1.17275
1.17204
1.17188
1.17224
1.17304
1.17412
1.17531
1.17642
1.17731
1.17784
1.17794
1.17758
1.17683
1.17588
1.17497
1.1744
1.17436
1.17493
1.17598
1.17728
1.17859
1.17975
1.18075
1.18167
1.18269
1.18396
1.18555
1.18746
1.1896
1.19186
1.19413
1.19632
1.19838
1.20029
1.20207
1.20374
1.20531
1.2068
1.20822
1.20958
1.21087
1.21208
1.21321
1.21424
1.21518
1.21603
1.21677
1.21743
1.218
1.21847
1.21881
1.21901
1.21899
1.21869
1.21801
1.21685
1.21514
1.21288
1.21013
1.20713
1.20422
1.20185
1.20042
1.20016
1.20103
1.20278
1.20499
1.2073
1.20941
1.21114
1.21241
1.21317
1.21333
1.21276
1.21126
1.20863
1.20474
1.1997
1.194
1.1886
1.18468
1.18327
1.1848
1.18894
1.19486
1.20158
1.20825
1.21426
1.21924
1.22302
1.22556
1.22694
1.22729
1.22678
1.22565
1.22415
1.22258
1.22127
1.22047
1.22036
1.22098
1.2222
1.22378
1.22543
1.22681
1.2276
1.22748
1.22613
1.22324
1.21857
1.21205
1.20398
1.19515
1.18684
1.18049
1.17711
1.1769
1.17928
1.18322
1.18762
1.19159
1.19454
1.19635
1.20082
1.2014
1.20222
1.2036
1.20556
1.2078
1.20989
1.21144
1.21218
1.21199
1.21089
1.20897
1.20636
1.20323
1.19975
1.19613
1.19258
1.18934
1.18669
1.18487
1.18404
1.18418
1.18512
1.18653
1.18806
1.18943
1.19051
1.19133
1.19198
1.19261
1.19331
1.19406
1.19478
1.1953
1.19547
1.19514
1.19422
1.19272
1.19074
1.18847
1.18618
1.1842
1.18286
1.1824
1.18291
1.18431
1.18636
1.18875
1.19114
1.19327
1.19495
1.1961
1.1967
1.19678
1.1964
1.19563
1.19455
1.19324
1.19176
1.1902
1.18864
1.1872
1.18599
1.18511
1.18462
1.18449
1.18462
1.18481
1.18487
1.18463
1.18399
1.18297
1.18169
1.18035
1.17912
1.1781
1.17729
1.17653
1.17561
1.17435
1.17263
1.17053
1.16827
1.16616
1.16461
1.16397
1.16446
1.16613
1.16887
1.17238
1.1763
1.18026
1.18394
1.18711
1.18963
1.19147
1.19263
1.1932
1.19328
1.19299
1.19247
1.19184
1.19123
1.19075
1.1905
1.19055
1.19094
1.19168
1.19276
1.19411
1.19563
1.19721
1.19873
1.20006
1.20109
1.2017
1.20182
1.20135
1.2002
1.19828
1.19548
1.19174
1.18702
1.1814
1.17511
1.1686
1.16251
1.1576
1.15455
1.15376
1.1552
1.15841
1.16267
1.16724
1.17154
1.17517
1.17801
1.18007
1.18149
1.18246
1.18319
1.18389
1.18473
1.18583
1.18723
1.1889
1.19075
1.19265
1.19445
1.19606
1.19739
1.1984
1.19908
1.19944
1.19949
1.19927
1.19878
1.19802
1.19698
1.19563
1.19392
1.1918
1.18921
1.18614
1.18266
1.17892
1.17519
1.1718
1.16907
1.16716
1.166
1.16531
1.16471
1.16388
1.16276
1.16153
1.16061
1.16047
1.16146
1.16366
1.16684
1.17061
1.17455
1.17835
1.18183
1.18492
1.18765
1.19007
1.19225
1.19423
1.19608
1.19782
1.19946
1.20102
1.20247
1.2038
1.20495
1.20589
1.20652
1.20676
1.20652
1.20567
1.20413
1.20179
1.19858
1.1945
1.1896
1.18404
1.17807
1.17207
1.16649
1.16181
1.15846
1.15682
1.15716
1.15959
1.16391
1.16962
1.17604
1.18245
1.18833
1.19341
1.19762
1.20105
1.20387
1.20622
1.20825
1.21005
1.21165
1.21303
1.21411
1.21478
1.21495
1.21453
1.21347
1.21179
1.20956
1.20693
1.20409
1.20131
1.19884
1.19693
1.19575
1.19536
1.1957
1.19661
1.19783
1.19911
1.20021
1.20097
1.20133
1.2013
1.20097
1.20048
1.19995
1.19951
1.19926
1.19925
1.19949
1.2
1.20075
1.20172
1.2029
1.20427
1.2058
1.20747
1.20926
1.21112
1.213
1.21485
1.21658
1.21811
1.21933
1.22014
1.22041
1.22002
1.21883
1.21675
1.21375
1.20991
1.20548
1.20093
1.19691
1.19407
1.19287
1.19343
1.19551
1.19865
1.20233
1.20606
1.20947
1.2123
1.2144
1.21574
1.21638
1.21649
1.21631
1.21609
1.21609
1.21652
1.2175
1.21907
1.22114
1.22359
1.22624
1.22892
1.23147
1.23378
1.23574
1.23733
1.23851
1.2393
1.23972
1.23981
1.2396
1.23913
1.23841
1.23745
1.23624
1.23477
1.23303
1.23102
1.22876
1.22626
1.2235
1.22046
1.21713
1.21355
1.20984
1.20619
1.20284
1.20001
1.19781
1.19627
1.19534
1.19505
1.19556
1.19707
1.19966
1.20316
1.20711
1.21095
1.21418
1.2165
1.21782
1.21826
1.21802
1.21734
1.21646
1.2156
1.21492
1.21451
1.21442
1.21463
1.2151
1.21576
1.21652
1.2173
1.21803
1.21866
1.21915
1.21946
1.21961
1.21957
1.21936
1.219
1.2185
1.21787
1.21714
1.21632
1.21542
1.21444
1.21339
1.21224
1.21099
1.20961
1.20808
1.20641
1.20462
1.20279
1.20103
1.19947
1.19828
1.19754
1.19728
1.19743
1.19784
1.19833
1.19874
1.19898
1.19901
1.19887
1.19862
1.19834
1.19809
1.19789
1.19777
1.19773
1.19781
1.19806
1.19851
1.19911
1.19974
1.20018
1.20019
1.19953
1.1981
1.19597
1.19342
1.19092
1.18904
1.18832
1.18907
1.19125
1.19455
1.19843
1.20233
1.20583
1.20866
1.21071
1.21201
1.21265
1.21276
1.21249
1.21199
1.21139
1.21082
1.21037
1.21012
1.21011
1.21033
1.21073
1.21121
1.21162
1.21182
1.21163
1.21089
1.20949
1.20736
1.2045
1.20102
1.19714
1.19313
1.18936
1.18614
1.18373
1.18222
1.1816
1.18172
1.18242
1.18349
1.18479
1.18618
1.1876
1.18896
1.19021
1.1913
1.19217
1.19277
1.19305
1.19301
1.19266
1.19205
1.19126
1.19043
1.18965
1.189
1.18853
1.18818
1.18787
1.18749
1.18696
1.18621
1.18528
1.18424
1.18321
1.18234
1.18175
1.18151
1.18166
1.18215
1.18294
1.18392
1.18502
1.18614
1.18721
1.18817
1.18899
1.18965
1.19017
1.19055
1.19082
1.19101
1.19114
1.19124
1.19131
1.19138
1.19144
1.19149
1.19152
1.19153
1.19148
1.19138
1.1912
1.19091
1.19051
1.18996
1.18924
1.18834
1.18723
1.18589
1.18434
1.18257
1.18063
1.17861
1.17662
1.17481
1.17339
1.17256
1.17247
1.17325
1.1749
1.17735
1.18044
1.18399
1.18777
1.19162
1.1954
1.19898
1.20226
1.20511
1.20738
1.20888
1.2094
1.2087
1.20656
1.20279
1.19734
1.19035
1.18225
1.17377
1.16595
1.15994
1.15672
1.15684
1.16024
1.16635
1.17423
1.18288
1.19144
1.19928
1.20609
1.21173
1.21627
1.21983
1.2226
1.22473
1.22639
1.22768
1.22871
1.22954
1.2302
1.23074
1.23118
1.23151
1.23178
1.23197
1.23212
1.23223
1.23231
1.23237
1.2324
1.23239
1.2323
1.2321
1.23175
1.23119
1.23038
1.22929
1.2279
1.22623
1.22435
1.22241
1.22058
1.2191
1.21817
1.21788
1.21815
1.21876
1.21948
1.22019
1.22107
1.22252
1.225
1.22862
1.23306
1.23761
1.24146
1.244
1.24485
1.24386
1.24105
1.23657
1.23083
1.22464
1.21934
1.21656
1.21752
1.22225
1.22957
1.23777
1.2454
1.25168
1.25635
1.25947
1.26117
1.2616
1.26083
1.25889
1.25579
1.25158
1.24642
1.24061
1.23461
1.22899
1.22432
1.22098
1.21908
1.2185
1.21897
1.22028
1.22227
1.22487
1.228
1.23151
1.23518
1.23876
1.24201
1.24476
1.24689
1.24833
1.24907
1.24911
1.24846
1.24711
1.24506
1.24229
1.2388
1.23463
1.22985
1.22461
1.21919
1.21397
1.20943
1.20609
1.2043
1.20417
1.2054
1.20744
1.20961
1.2113
1.21212
1.21193
1.21083
1.20916
1.2074
1.20611
1.20569
1.2063
1.2078
1.20982
1.21195
1.21386
1.21534
1.21634
1.21693
1.21718
1.21722
1.21715
1.21704
1.21696
1.21696
1.21706
1.21727
1.21758
1.21797
1.21838
1.21877
1.2191
1.21935
1.21949
1.21954
1.21952
1.21943
1.2193
1.2191
1.21879
1.2183
1.21752
1.21637
1.2148
1.21286
1.21069
1.20855
1.20675
1.20553
1.20497
1.20498
1.20528
1.2055
1.20524
1.20412
1.20191
1.19855
1.19422
1.18942
1.18484
1.1812
1.17893
1.17806
1.17823
1.17891
1.17976
1.18083
1.18258
1.18553
1.18987
1.19524
1.20086
1.20594
1.20993
1.21262
1.21404
1.21438
1.21392
1.21289
1.21151
1.20997
1.20839
1.20684
1.20537
1.20399
1.20271
1.20152
1.20042
1.19942
1.19852
1.19775
1.19713
1.19668
1.19643
1.19639
1.19658
1.19698
1.19758
1.19834
1.19921
1.20015
1.20112
1.20208
1.20301
1.20387
1.20467
1.20538
1.20601
1.20656
1.207
1.20736
1.20761
1.20776
1.20777
1.20765
1.20735
1.20685
1.20611
1.20509
1.20374
1.20203
1.19995
1.19755
1.19489
1.19214
1.18951
1.18722
1.18548
1.18442
1.18404
1.18423
1.18481
1.18557
1.18637
1.18709
1.18767
1.18805
1.18819
1.18798
1.18728
1.18589
1.18358
1.18013
1.1754
1.16948
1.16275
1.15599
1.15023
1.14647
1.14529
1.14663
1.14988
1.15416
1.15869
1.16296
1.16679
1.17022
1.17338
1.1764
1.17929
1.18202
1.18445
1.18649
1.18807
1.18918
1.1899
1.19033
1.19061
1.19086
1.1912
1.19167
1.19231
1.19307
1.19388
1.19467
1.19533
1.19575
1.19579
1.19528
1.19402
1.19173
1.18811
1.18292
1.17619
1.1685
1.16123
1.15637
1.15563
1.15939
1.16638
1.17462
1.18246
1.18901
1.19409
1.19785
1.20057
1.20252
1.20391
1.20488
1.20554
1.20596
1.20621
1.20632
1.20634
1.20632
1.20628
1.20628
1.20635
1.20652
1.20682
1.20726
1.20787
1.20863
1.20955
1.21062
1.21181
1.21312
1.21452
1.21598
1.21747
1.21894
1.22037
1.22169
1.22286
1.22385
1.2246
1.22508
1.22531
1.22528
1.22507
1.22477
1.2245
1.22441
1.22466
1.22537
1.2266
1.22837
1.23061
1.23323
1.23608
1.23902
1.24189
1.24456
1.24688
1.24873
1.24997
1.25049
1.25018
1.24896
1.24681
1.24381
1.24016
1.23626
1.23264
1.22992
1.22869
1.22928
1.23169
1.23557
1.24032
1.24534
1.2501
1.25428
1.25774
1.26047
1.26254
1.26406
1.26511
1.26577
1.26609
1.26608
1.26576
1.26513
1.26419
1.26293
1.26138
1.25957
1.25755
1.25537
1.25312
1.25082
1.24846
1.24595
1.24318
1.23997
1.23626
1.23207
1.22769
1.22362
1.22053
1.21901
1.21934
1.22136
1.2246
1.22842
1.23228
1.23582
1.23885
1.24132
1.24324
1.24468
1.2457
1.24636
1.24673
1.24683
1.24671
1.24635
1.24577
1.24495
1.24388
1.24254
1.24094
1.23907
1.23696
1.23463
1.2321
1.22941
1.22663
1.22385
1.22125
1.21905
1.2175
1.2168
1.21705
1.21815
1.21987
1.2219
1.22393
1.22572
1.2271
1.228
1.2284
1.22832
1.22778
1.22684
1.22553
1.22392
1.22207
1.22007
1.218
1.21597
1.21407
1.21239
1.19873
1.19768
1.19692
1.19644
1.19623
1.19629
1.19661
1.1972
1.19804
1.19908
1.20025
1.20143
1.2025
1.20333
1.20379
1.2038
1.20328
1.2022
1.20061
1.19863
1.19649
1.19449
1.19296
1.19217
1.19227
1.19318
1.19467
1.19644
1.19818
1.19969
1.20084
1.20161
1.20206
1.20227
1.20235
1.2024
1.20249
1.20264
1.20286
1.20312
1.20338
1.20361
1.20378
1.20391
1.20404
1.2042
1.20446
1.20485
1.20539
1.20606
1.20681
1.20757
1.20825
1.20876
1.20905
1.20907
1.20881
1.20831
1.20764
1.20689
1.20621
1.20572
1.20556
1.20579
1.20645
1.20749
1.20882
1.21032
1.21188
1.21339
1.21478
1.21599
1.21701
1.21782
1.21843
1.21886
1.21914
1.2193
1.21937
1.2194
1.21942
1.21948
1.21959
1.21979
1.22006
1.22042
1.22083
1.22129
1.22176
1.22223
1.22269
1.22313
1.22354
1.22395
1.22435
1.22475
1.22516
1.22558
1.22599
1.22636
1.22663
1.22675
1.22666
1.22631
1.22565
1.22467
1.22337
1.22176
1.21988
1.2178
1.21563
1.21354
1.21178
1.21063
1.21034
1.21089
1.21183
1.21213
1.21034
1.20507
1.19576
1.18347
1.1712
1.16296
1.16148
1.1664
1.17472
1.18281
1.18847
1.19155
1.19339
1.19567
1.19923
1.20379
1.20836
1.2119
1.21379
1.2139
1.21246
1.20996
1.20698
1.20415
1.20197
1.20078
1.20071
1.20167
1.20347
1.20581
1.20841
1.21102
1.21345
1.21556
1.2173
1.21863
1.21958
1.22016
1.22041
1.22036
1.22003
1.21945
1.21864
1.21759
1.21634
1.21489
1.21328
1.21158
1.20984
1.20817
1.20667
1.20544
1.20458
1.20413
1.20412
1.20451
1.20522
1.20609
1.20699
1.20773
1.20815
1.20813
1.20758
1.20647
1.20483
1.20274
1.20034
1.19781
1.19534
1.19311
1.19128
1.19
1.18933
1.18931
1.1899
1.19099
1.19246
1.19412
1.1958
1.19734
1.19859
1.19947
1.19994
1.20001
1.19972
1.19911
1.19827
1.19726
1.19618
1.1951
1.19416
1.19348
1.19315
1.19324
1.19373
1.19451
1.19542
1.19625
1.19684
1.19709
1.19695
1.19649
1.19583
1.19513
1.19457
1.19427
1.1943
1.19467
1.19533
1.19621
1.19724
1.19834
1.19948
1.20065
1.20182
1.203
1.20419
1.20538
1.20656
1.20772
1.20884
1.20991
1.21092
1.21188
1.21278
1.21364
1.21446
1.21525
1.21601
1.21676
1.21749
1.21821
1.2189
1.21958
1.22022
1.22083
1.22139
1.22192
1.2224
1.22283
1.22321
1.22353
1.22378
1.22395
1.22402
1.22398
1.22382
1.22352
1.22307
1.22243
1.22157
1.22045
1.21905
1.21741
1.21563
1.21392
1.21259
1.21198
1.21241
1.21405
1.2169
1.22074
1.22519
1.22983
1.23422
1.23804
1.24103
1.24306
1.24407
1.24408
1.24319
1.24159
1.2395
1.2372
1.23489
1.23267
1.23047
1.22804
1.22517
1.22181
1.21836
1.2157
1.21487
1.21664
1.22094
1.22693
1.23341
1.23935
1.24417
1.24769
1.24998
1.25129
1.25186
1.25197
1.25182
1.2516
1.2514
1.2513
1.25129
1.25138
1.25151
1.25164
1.25173
1.25174
1.25164
1.25139
1.25095
1.25029
1.24938
1.24823
1.24689
1.24544
1.24401
1.24277
1.24186
1.24141
1.24147
1.24207
1.24316
1.24466
1.24649
1.24854
1.25072
1.25291
1.25501
1.25696
1.2587
1.26019
1.26144
1.26246
1.26329
1.26397
1.26454
1.26505
1.26555
1.26609
1.26668
1.26734
1.26807
1.26885
1.26963
1.27036
1.27096
1.27133
1.27135
1.27093
1.26994
1.2683
1.26597
1.26295
1.25939
1.2555
1.25166
1.24828
1.24577
1.24438
1.24409
1.24468
1.24571
1.24673
1.24736
1.2474
1.2468
1.24569
1.24432
1.24302
1.24211
1.24186
1.24242
1.24382
1.24598
1.24875
1.25198
1.25551
1.25923
1.26301
1.26677
1.27041
1.27381
1.27688
1.27955
1.28173
1.28337
1.28442
1.28481
1.28447
1.2833
1.28116
1.27788
1.27328
1.26724
1.25981
1.25135
1.24264
1.2347
1.22842
1.22402
1.22093
1.21819
1.21522
1.21226
1.21029
1.21042
1.21309
1.21781
1.22344
1.22887
1.23336
1.23658
1.23853
1.23932
1.23912
1.2381
1.23641
1.23417
1.2315
1.22849
1.22523
1.22186
1.21851
1.21538
1.21265
1.21052
1.20914
1.20859
1.20887
1.2099
1.21153
1.21359
1.2159
1.21829
1.2206
1.22271
1.22451
1.22596
1.227
1.22764
1.22787
1.22773
1.22727
1.22653
1.2256
1.22452
1.22334
1.22209
1.22078
1.21937
1.21781
1.21606
1.21404
1.2117
1.20903
1.20604
1.20284
1.1996
1.19655
1.19398
1.19211
1.19109
1.1909
1.1914
1.19234
1.19346
1.19449
1.19527
1.19567
1.19562
1.19509
1.19408
1.19263
1.19079
1.18869
1.18649
1.1844
1.18263
1.18139
1.18078
1.18081
1.18138
1.1823
1.18336
1.18437
1.18516
1.18565
1.18575
1.18541
1.18456
1.18309
1.18086
1.17768
1.17339
1.16792
1.16155
1.15502
1.14965
1.14687
1.14757
1.15147
1.15734
1.1637
1.16944
1.17403
1.17743
1.17981
1.18144
1.18256
1.18334
1.18393
1.1844
1.18479
1.18511
1.18537
1.18555
1.18561
1.18551
1.18518
1.18452
1.18342
1.18173
1.17934
1.17615
1.17217
1.16759
1.16281
1.15846
1.15524
1.15375
1.15425
1.15664
1.16053
1.16539
1.17069
1.17597
1.18086
1.18509
1.18849
1.19096
1.19247
1.19305
1.19274
1.19165
1.18992
1.18768
1.18502
1.1819
1.17815
1.17359
1.16823
1.1627
1.15839
1.15699
1.15948
1.16538
1.173
1.18047
1.18656
1.19083
1.19339
1.1946
1.19493
1.1948
1.19457
1.19454
1.19489
1.19571
1.19698
1.19857
1.2003
1.20198
1.20341
1.20443
1.20501
1.20516
1.20501
1.20474
1.20457
1.20467
1.20514
1.20596
1.20705
1.20825
1.20941
1.21042
1.21117
1.21159
1.21163
1.21123
1.21035
1.20896
1.20703
1.20464
1.20192
1.19919
1.19686
1.19543
1.19529
1.19658
1.19912
1.20249
1.2062
1.20981
1.21304
1.21575
1.21792
1.21958
1.22079
1.22157
1.22196
1.22196
1.22156
1.22073
1.2195
1.2179
1.216
1.21396
1.21194
1.21016
1.2088
1.20803
1.2079
1.20839
1.20938
1.21073
1.21228
1.21391
1.21551
1.21703
1.21846
1.21979
1.22101
1.22214
1.22315
1.22404
1.22479
1.22536
1.22574
1.22587
1.22573
1.22527
1.22448
1.22334
1.22186
1.2201
1.21813
1.21612
1.21422
1.21265
1.2116
1.21119
1.2115
1.21248
1.21402
1.21596
1.21811
1.22025
1.2222
1.22378
1.22483
1.22523
1.22494
1.22398
1.22255
1.22097
1.21968
1.21912
1.21961
1.2212
1.22369
1.22667
1.22965
1.23223
1.23411
1.23514
1.23527
1.23455
1.23315
1.23128
1.2292
1.22717
1.22537
1.2239
1.22274
1.22177
1.22089
1.21995
1.21887
1.21757
1.21603
1.21425
1.21232
1.21043
1.20888
1.20801
1.20814
1.20944
1.21186
1.21517
1.21902
1.22306
1.22697
1.23053
1.23358
1.23604
1.23787
1.23906
1.23965
1.23968
1.23922
1.23835
1.23716
1.23572
1.23413
1.23246
1.2308
1.22922
1.22776
1.22651
1.22551
1.22482
1.22447
1.22451
1.22493
1.22571
1.2268
1.22811
1.2295
1.23084
1.232
1.23284
1.23325
1.23312
1.23234
1.23083
1.2285
1.22532
1.22126
1.21639
1.21087
1.205
1.19925
1.19421
1.19051
1.18867
1.18885
1.1907
1.19352
1.19648
1.1989
1.20049
1.20126
1.20153
1.20171
1.20219
1.2032
1.20479
1.20683
1.20911
1.21139
1.21348
1.21528
1.21672
1.2178
1.21853
1.21894
1.21908
1.21899
1.2187
1.21828
1.21778
1.21726
1.21677
1.21638
1.21614
1.21607
1.21617
1.21639
1.21669
1.21695
1.21708
1.21696
1.21645
1.21546
1.21387
1.21164
1.20881
1.20557
1.20228
1.19944
1.19763
1.19725
1.19843
1.20091
1.20419
1.20772
1.21106
1.21394
1.21625
1.21802
1.21932
1.22025
1.22092
1.22141
1.22176
1.22197
1.222
1.22177
1.22116
1.22006
1.21841
1.21627
1.21388
1.21166
1.2102
1.21001
1.21136
1.21413
1.21784
1.22189
1.22573
1.22899
1.23151
1.23324
1.23425
1.23463
1.23448
1.23391
1.23302
1.2319
1.23063
1.22931
1.22802
1.22683
1.22583
1.22505
1.22455
1.22432
1.22436
1.22463
1.22508
1.22566
1.22628
1.22686
1.22731
1.22753
1.22738
1.22675
1.22552
1.22362
1.2211
1.21817
1.2152
1.21267
1.2111
1.21092
1.21245
1.21585
1.221
1.2275
1.23466
1.24166
1.24785
1.25276
1.25621
1.25815
1.25865
1.25783
1.2558
1.25272
1.24877
1.24418
1.23927
1.23443
1.23006
1.22648
1.22385
1.22206
1.22075
1.21943
1.21758
1.21478
1.21081
1.20568
1.19961
1.19304
1.18671
1.18161
1.17886
1.17935
1.18329
1.19002
1.19823
1.20658
1.21412
1.22035
1.22516
1.22866
1.23101
1.23238
1.23291
1.23272
1.23187
1.23045
1.22854
1.22628
1.22381
1.22135
1.21909
1.21722
1.21586
1.21504
1.2147
1.21471
1.21488
1.21505
1.21507
1.21486
1.21439
1.2137
1.21287
1.21199
1.21114
1.21037
1.20968
1.20904
1.20835
1.20752
1.20645
1.20506
1.20332
1.20123
1.19882
1.19615
1.19335
1.19052
1.18781
1.18534
1.18321
1.18152
1.18031
1.1796
1.17939
1.17966
1.18036
1.18144
1.18284
1.18448
1.18629
1.18817
1.19006
1.19188
1.19358
1.19511
1.19645
1.19761
1.19856
1.19934
1.19994
1.20039
1.2007
1.20089
1.20097
1.20095
1.20083
1.20064
1.20037
1.20003
1.19962
1.19917
1.19866
1.19812
1.19756
1.19699
1.19641
1.19586
1.19533
1.19485
1.19441
1.19403
1.19369
1.1934
1.19313
1.19288
