-3.51475
-3.51475
-3.51475
-3.51369
-3.51037
-3.50524
-3.50176
-3.4986
-3.49633
-3.49573
-3.49543
-3.49421
-3.49481
-3.49586
-3.49691
-3.49736
-3.49827
-3.49948
-3.50054
-3.5007
-3.50251
-3.50191
-3.50177
-3.50222
-3.50237
-3.50252
-3.50237
-3.50146
-3.50176
-3.50207
-3.50101
-3.50056
-3.50056
-3.50026
-3.50041
-3.50056
-3.50056
-3.50101
-3.50086
-3.50116
-3.50207
-3.50116
-3.50131
-3.50222
-3.50282
-3.50282
-3.50252
-3.50192
-3.50131
-3.50086
-3.50071
-3.50026
-3.49981
-3.49996
-3.50056
-3.49966
-3.49996
-3.49935
-3.4995
-3.49935
-3.49965
-3.49995
-3.5001
-3.49965
-3.49905
-3.4986
-3.49769
-3.49678
-3.49739
-3.49769
-3.49739
-3.49663
-3.49557
-3.49466
-3.49482
-3.49558
-3.49588
-3.49527
-3.49558
-3.49663
-3.49648
-3.49437
-3.49542
-3.49497
-3.49467
-3.49512
-3.49527
-3.49512
-3.49648
-3.49618
-3.49633
-3.49587
-3.49542
-3.49557
-3.49603
-3.49527
-3.49527
-3.49452
-3.49512
-3.49497
-3.49482
-3.49452
-3.49406
-3.49452
-3.49467
-3.49482
-3.49482
-3.49436
-3.49451
-3.49527
-3.49557
-3.49557
-3.49648
-3.49679
-3.49588
-3.49588
-3.49618
-3.49724
-3.49694
-3.49678
-3.49739
-3.49633
-3.49723
-3.49754
-3.49799
-3.49859
-3.49889
-3.49889
-3.49814
-3.49708
-3.49768
-3.49799
-3.49723
-3.49708
-3.49753
-3.49889
-3.49784
-3.49784
-3.49784
-3.49874
-3.49935
-3.4998
-3.5001
-3.49965
-3.4992
-3.4986
-3.49829
-3.49799
-3.49874
-3.49814
-3.49829
-3.49708
-3.49769
-3.49874
-3.49875
-3.50026
-3.50041
-3.50041
-3.49965
-3.4995
-3.5004
-3.49979
-3.4998
-3.50056
-3.50056
-3.50011
-3.4998
-3.49965
-3.49935
-3.49904
-3.49889
-3.49829
-3.49754
-3.49814
-3.49814
-3.49874
-3.49874
-3.4998
-3.4992
-3.49951
-3.498
-3.49784
-3.49859
-3.49874
-3.49798
-3.49798
-3.49783
-3.49859
-3.49875
-3.50041
-3.50041
-3.50041
-3.50071
-3.50026
-3.49935
-3.4998
-3.50041
-3.50071
-3.50025
-3.50025
-3.49995
-3.4995
-3.49995
-3.50146
-3.50161
-3.50191
-3.50221
-3.50161
-3.50131
-3.50101
-3.50176
-3.50146
-3.50101
-3.50041
-3.4992
-3.49935
-3.49935
-3.4989
-3.4998
-3.49965
-3.5001
-3.4992
-3.49874
-3.5001
-3.49919
-3.49889
-3.49829
-3.49814
-3.49798
-3.49753
-3.49798
-3.49662
-3.49677
-3.49693
-3.49647
-3.49617
-3.49663
-3.49618
-3.49618
-3.49618
-3.49618
-3.49678
-3.49632
-3.49587
-3.49526
-3.49662
-3.49738
-3.49753
-3.49904
-3.49874
-3.5004
-3.4998
-3.49814
-3.49859
-3.49905
-3.49829
-3.49693
-3.49738
-3.49798
-3.49798
-3.49874
-3.49919
-3.49935
-3.49919
-3.49874
-3.49859
-3.49889
-3.49874
-3.49904
-3.49874
-3.49844
-3.49769
-3.49663
-3.49618
-3.49588
-3.49542
-3.49603
-3.49572
-3.49632
-3.49572
-3.49496
-3.49466
-3.49466
-3.49391
-3.49436
-3.49421
-3.49543
-3.49482
-3.49316
-3.49286
-3.49376
-3.49587
-3.49632
-3.49753
-3.49738
-3.49783
-3.49935
-3.49889
-3.49905
-3.4992
-3.4989
-3.49905
-3.4986
-3.4986
-3.4989
-3.4992
-3.4992
-3.49995
-3.50011
-3.50101
-3.50116
-3.50161
-3.50161
-3.50222
-3.50161
-3.50177
-3.50132
-3.50087
-3.50117
-3.50087
-3.50116
-3.50146
-3.50206
-3.50191
-3.50161
-3.50055
-3.4998
-3.49935
-3.49935
-3.50011
-3.50131
-3.50086
-3.50101
-3.50101
-3.49995
-3.49919
-3.49889
-3.49919
-3.49919
-3.50025
-3.49949
-3.49949
-3.49904
-3.49935
-3.49814
-3.49905
-3.49814
-3.49829
-3.49799
-3.49738
-3.49662
-3.49587
-3.49557
-3.49587
-3.49633
-3.49542
-3.49572
-3.49648
-3.49632
-3.49617
-3.49632
-3.49662
-3.49738
-3.49768
-3.49708
-3.49844
-3.49799
-3.49859
-3.49859
-3.49829
-3.49784
-3.49768
-3.49738
-3.49768
-3.49738
-3.49738
-3.49693
-3.49633
-3.49632
-3.49648
-3.49587
-3.49602
-3.49587
-3.49768
-3.49844
-3.49874
-3.49768
-3.49678
-3.49708
-3.49617
-3.49496
-3.49617
-3.49723
-3.49677
-3.49723
-3.49814
-3.49814
-3.49829
-3.49904
-3.49768
-3.49783
-3.49828
-3.49768
-3.49844
-3.49859
-3.49904
-3.49904
-3.5004
-3.5013
-3.5007
-3.50055
-3.5007
-3.5004
-3.49979
-3.49874
-3.49828
-3.49874
-3.49874
-3.49889
-3.49889
-3.49799
-3.49844
-3.49783
-3.49813
-3.49738
-3.49783
-3.49858
-3.49889
-3.49858
-3.49783
-3.49783
-3.49874
-3.49844
-3.49874
-3.49798
-3.49753
-3.49768
-3.49753
-3.49813
-3.49874
-3.49844
-3.49753
-3.49754
-3.49723
-3.49663
-3.49663
-3.49602
-3.49662
-3.49616
-3.49662
-3.49723
-3.49753
-3.49723
-3.49723
-3.49693
-3.49647
-3.49663
-3.49753
-3.49784
-3.49844
-3.49754
-3.49663
-3.49633
-3.49588
-3.49573
-3.49588
-3.49527
-3.49557
-3.49618
-3.49587
-3.49572
-3.49557
-3.49617
-3.49587
-3.49633
-3.49723
-3.49753
-3.49723
-3.49889
-3.49829
-3.49845
-3.49845
-3.49815
-3.49966
-3.49935
-3.5001
-3.49965
-3.49995
-3.49965
-3.4998
-3.50026
-3.50102
-3.50102
-3.50056
-3.50101
-3.50222
-3.50327
-3.50357
-3.50267
-3.50282
-3.50236
-3.50267
-3.50237
-3.50313
-3.50328
-3.50313
-3.50313
-3.50283
-3.50207
-3.50117
-3.50132
-3.50041
-3.4998
-3.49949
-3.49904
-3.49995
-3.50025
-3.49874
-3.49905
-3.49784
-3.49814
-3.4983
-3.49829
-3.49799
-3.49814
-3.49799
-3.49814
-3.49875
-3.49829
-3.49693
-3.49618
-3.49618
-3.49693
-3.49814
-3.49814
-3.49798
-3.49874
-3.49874
-3.49904
-3.49874
-3.49859
-3.49949
-3.49919
-3.49934
-3.49859
-3.49768
-3.49753
-3.49753
-3.49844
-3.49693
-3.49618
-3.49587
-3.49587
-3.49603
-3.49602
-3.49678
-3.49527
-3.49557
-3.49557
-3.49496
-3.49481
-3.49436
-3.49345
-3.49375
-3.49405
-3.49496
-3.49557
-3.4939
-3.49481
-3.49527
-3.49602
-3.49588
-3.49663
-3.49708
-3.49738
-3.49753
-3.49723
-3.49662
-3.49632
-3.49708
-3.49723
-3.49678
-3.49738
-3.49753
-3.49784
-3.49799
-3.49829
-3.49874
-3.49829
-3.49874
-3.49843
-3.49752
-3.49798
-3.49859
-3.49844
-3.49768
-3.49678
-3.49693
-3.49602
-3.49481
-3.49405
-3.4942
-3.49421
-3.49451
-3.49511
-3.49466
-3.49375
-3.49405
-3.49451
-3.4942
-3.4939
-3.49345
-3.49511
-3.49481
-3.49496
-3.49511
-3.49496
-3.4948
-3.4945
-3.4942
-3.49435
-3.49556
-3.49511
-3.49436
-3.49482
-3.49527
-3.49406
-3.49421
-3.49376
-3.49345
-3.49345
-3.49405
-3.49375
-3.4936
-3.49451
-3.49466
-3.49496
-3.49557
-3.49541
-3.49511
-3.49511
-3.49587
-3.49617
-3.49708
-3.49799
-3.49784
-3.49739
-3.49754
-3.49754
-3.49799
-3.49738
-3.49753
-3.49752
-3.49813
-3.49858
-3.49843
-3.49844
-3.49768
-3.49799
-3.49678
-3.49618
-3.49588
-3.49648
-3.49708
-3.49663
-3.49587
-3.49587
-3.49707
-3.49722
-3.49768
-3.49783
-3.49738
-3.49874
-3.4995
-3.4998
-3.50025
-3.5004
-3.50025
-3.4992
-3.4992
-3.5001
-3.49965
-3.4995
-3.49844
-3.49919
-3.49873
-3.49888
-3.49919
-3.49874
-3.4998
-3.5004
-3.5004
-3.50101
-3.50056
-3.50071
-3.50116
-3.50131
-3.50085
-3.50085
-3.5007
-3.50115
-3.49979
-3.49919
-3.49994
-3.49919
-3.49874
-3.49768
-3.49799
-3.49769
-3.49814
-3.49844
-3.49784
-3.49799
-3.49738
-3.49768
-3.49768
-3.49829
-3.49768
-3.49783
-3.49768
-3.49829
-3.49753
-3.49784
-3.49829
-3.49965
-3.5001
-3.5001
-3.49904
-3.50025
-3.4989
-3.4995
-3.4995
-3.49844
-3.49919
-3.49919
-3.49859
-3.4995
-3.4998
-3.50011
-3.49981
-3.49981
-3.49981
-3.4995
-3.49935
-3.49904
-3.49843
-3.49904
-3.50025
-3.50055
-3.49995
-3.49905
-3.50011
-3.49965
-3.49905
-3.4992
-3.49874
-3.49799
-3.49738
-3.49829
-3.49829
-3.49844
-3.49784
-3.49724
-3.49739
-3.49799
-3.49829
-3.49798
-3.49753
-3.49858
-3.49753
-3.49768
-3.49783
-3.49708
-3.49617
-3.49633
-3.49617
-3.49602
-3.49602
-3.49541
-3.49466
-3.49406
-3.493
-3.49376
-3.49452
-3.49542
-3.49678
-3.49724
-3.49663
-3.49739
-3.49784
-3.49693
-3.49678
-3.49618
-3.49693
-3.49678
-3.49814
-3.49814
-3.49829
-3.49829
-3.49769
-3.49965
-3.49935
-3.49919
-3.49874
-3.49859
-3.49859
-3.49739
-3.49739
-3.49708
-3.49693
-3.49678
-3.49829
-3.49949
-3.50025
-3.49995
-3.5001
-3.50101
-3.50101
-3.50071
-3.50086
-3.49995
-3.49965
-3.49874
-3.49814
-3.49874
-3.49919
-3.49919
-3.49995
-3.5001
-3.5004
-3.5001
-3.50025
-3.5001
-3.50025
-3.50116
-3.50086
-3.50101
-3.501
-3.50131
-3.5007
-3.50025
-3.5001
-3.49995
-3.5004
-3.50025
-3.4995
-3.49844
-3.49768
-3.49738
-3.49783
-3.49783
-3.49859
-3.49935
-3.49874
-3.49828
-3.49798
-3.49919
-3.49949
-3.5001
-3.49935
-3.49965
-3.49874
-3.49889
-3.49934
-3.49995
-3.4995
-3.5001
-3.50101
-3.50055
-3.50086
-3.50131
-3.50116
-3.50146
-3.50191
-3.50281
-3.50327
-3.50281
-3.50252
-3.50176
-3.50177
-3.50056
-3.4998
-3.4998
-3.49934
-3.49934
-3.49979
-3.5001
-3.5001
-3.49964
-3.50009
-3.5007
-3.50145
-3.50085
-3.4998
-3.49935
-3.49905
-3.4998
-3.50041
-3.49965
-3.50071
-3.50146
-3.49995
-3.5001
-3.50025
-3.5004
-3.49965
-3.4998
-3.49934
-3.5007
-3.50085
-3.5004
-3.4998
-3.5007
-3.49995
-3.50101
-3.50055
-3.50146
-3.5007
-3.50071
-3.50055
-3.50055
-3.50055
-3.5007
-3.50086
-3.4998
-3.50026
-3.49935
-3.4992
-3.49889
-3.49919
-3.4998
-3.5004
-3.49934
-3.49889
-3.4998
-3.50026
-3.50056
-3.50056
-3.50101
-3.50237
-3.50312
-3.50312
-3.50297
-3.50357
-3.50418
-3.50418
-3.50357
-3.50509
-3.50615
-3.50494
-3.50464
-3.50509
-3.50494
-3.50373
-3.50343
-3.50312
-3.50221
-3.50282
-3.50327
-3.50266
-3.50296
-3.50372
-3.50357
-3.50297
-3.50372
-3.50372
-3.50523
-3.50553
-3.50599
-3.50539
-3.50569
-3.50463
-3.50508
-3.50493
-3.50569
-3.50554
-3.50614
-3.50554
-3.50569
-3.50508
-3.50478
-3.50479
-3.50509
-3.50463
-3.50418
-3.50312
-3.50357
-3.50402
-3.50357
-3.50297
-3.50297
-3.50222
-3.50237
-3.50191
-3.50312
-3.50312
-3.50342
-3.50267
-3.50282
-3.50252
-2.27268
-2.27162
-2.27313
-2.27267
-2.27282
-2.27251
-2.2716
-2.2722
-2.2707
-2.27222
-2.27161
-2.27132
-2.27011
-2.27101
-2.27146
-2.27115
-2.2713
-2.27191
-2.27237
-2.27192
-2.27177
-2.27222
-2.27116
-2.27055
-2.2707
-2.271
-2.271
-2.27086
-2.2701
-2.26995
-2.26935
-2.26889
-2.26889
-2.26889
-2.26828
-2.26964
-2.26979
-2.27025
-2.26995
-2.26904
-2.26904
-2.26994
-2.26859
-2.26828
-2.2698
-2.2698
-2.26829
-2.26723
-2.26663
-2.26648
-2.26693
-2.26678
-2.26662
-2.26662
-2.26647
-2.26693
-2.26663
-2.26603
-2.26648
-2.26678
-2.26663
-2.26617
-2.26707
-2.26738
-2.26813
-2.26844
-2.2692
-2.26966
-2.26875
-2.26905
-2.26784
-2.26723
-2.26904
-2.26813
-2.26798
-2.26647
-2.26572
-2.26709
-2.26739
-2.268
-2.268
-2.2689
-2.26935
-2.2704
-2.26995
-2.2701
-2.26965
-2.26965
-2.27041
-2.27027
-2.26981
-2.26951
-2.27011
-2.27116
-2.27086
-2.2707
-2.27009
-2.26964
-2.26933
-2.26888
-2.26843
-2.26813
-2.26768
-2.26874
-2.2695
-2.26935
-2.2686
-2.26844
-2.26709
-2.26739
-2.26859
-2.2695
-2.2704
-2.27086
-2.2707
-2.2698
-2.26934
-2.26888
-2.26888
-2.26828
-2.26828
-2.26663
-2.26723
-2.26739
-2.26678
-2.26603
-2.26633
-2.26708
-2.26678
-2.26723
-2.26768
-2.26753
-2.26828
-2.26889
-2.26843
-2.26783
-2.26798
-2.26783
-2.26783
-2.26692
-2.26662
-2.26723
-2.26783
-2.26904
-2.2701
-2.26874
-2.26784
-2.26753
-2.26829
-2.26813
-2.26768
-2.26858
-2.26858
-2.26889
-2.26844
-2.26874
-2.26904
-2.26798
-2.26677
-2.26676
-2.26782
-2.26706
-2.26737
-2.26676
-2.26662
-2.26707
-2.26647
-2.26647
-2.26753
-2.26737
-2.26752
-2.26631
-2.26706
-2.26677
-2.26737
-2.26632
-2.26632
-2.26541
-2.26465
-2.26479
-2.26418
-2.26434
-2.26419
-2.26344
-2.2639
-2.2639
-2.26496
-2.26526
-2.26541
-2.26436
-2.26541
-2.26616
-2.26555
-2.26525
-2.26495
-2.2651
-2.2657
-2.2663
-2.2666
-2.26706
-2.26766
-2.26797
-2.26813
-2.26783
-2.26828
-2.26783
-2.26782
-2.26827
-2.26797
-2.26797
-2.26797
-2.26812
-2.26828
-2.26692
-2.26646
-2.26676
-2.26661
-2.26706
-2.26509
-2.2651
-2.2651
-2.26541
-2.26526
-2.26587
-2.26556
-2.26541
-2.26555
-2.26691
-2.26766
-2.26797
-2.26782
-2.26888
-2.27039
-2.27145
-2.2713
-2.2716
-2.27069
-2.27084
-2.27099
-2.27099
-2.27054
-2.27009
-2.27039
-2.27115
-2.27145
-2.27114
-2.27098
-2.27053
-2.27068
-2.27038
-2.27039
-2.27009
-2.26979
-2.27025
-2.26964
-2.26919
-2.26844
-2.26843
-2.26904
-2.26918
-2.26978
-2.26796
-2.26842
-2.26842
-2.26887
-2.26842
-2.26782
-2.26721
-2.26706
-2.2666
-2.26615
-2.26465
-2.26389
-2.26525
-2.26586
-2.2657
-2.2657
-2.2663
-2.26736
-2.26796
-2.26796
-2.26766
-2.26812
-2.26827
-2.26827
-2.26872
-2.26902
-2.27008
-2.27054
-2.27054
-2.27039
-2.27039
-2.27039
-2.2713
-2.2707
-2.26934
-2.26994
-2.27054
-2.27068
-2.27098
-2.27158
-2.27264
-2.27205
-2.27236
-2.27312
-2.27267
-2.27222
-2.2707
-2.26994
-2.26963
-2.26979
-2.26994
-2.26963
-2.26979
-2.26858
-2.26903
-2.26842
-2.26902
-2.26811
-2.26811
-2.26902
-2.27008
-2.26857
-2.26918
-2.26842
-2.26781
-2.26781
-2.26811
-2.26902
-2.26887
-2.26963
-2.26932
-2.27008
-2.26963
-2.26902
-2.26826
-2.26796
-2.26796
-2.2675
-2.26796
-2.26826
-2.26781
-2.26826
-2.26705
-2.2666
-2.2669
-2.26675
-2.26599
-2.26585
-2.26555
-2.2657
-2.26555
-2.26555
-2.26539
-2.26509
-2.26524
-2.26555
-2.26615
-2.26539
-2.26524
-2.26539
-2.26479
-2.26449
-2.2645
-2.26389
-2.26314
-2.26449
-2.26555
-2.26554
-2.26539
-2.26569
-2.26554
-2.26539
-2.26494
-2.26509
-2.26524
-2.26539
-2.26691
-2.26706
-2.26645
-2.2663
-2.2663
-2.2663
-2.2663
-2.26736
-2.26721
-2.26721
-2.2666
-2.26676
-2.26782
-2.26661
-2.26767
-2.26797
-2.26797
-2.26797
-2.26782
-2.26812
-2.26872
-2.26856
-2.26917
-2.26902
-2.27068
-2.27008
-2.26993
-2.27084
-2.27129
-2.27099
-2.27098
-2.27098
-2.27068
-2.26887
-2.26977
-2.27053
-2.27008
-2.26977
-2.26902
-2.26887
-2.26796
-2.2666
-2.26615
-2.2663
-2.26585
-2.2663
-2.26509
-2.26464
-2.26569
-2.2663
-2.2654
-2.26706
-2.26781
-2.26841
-2.26796
-2.26706
-2.26646
-2.26601
-2.26601
-2.26706
-2.2669
-2.2672
-2.26675
-2.26585
-2.26615
-2.26555
-2.26524
-2.26524
-2.26343
-2.26464
-2.26525
-2.26615
-2.26585
-2.26524
-2.2654
-2.26449
-2.26464
-2.26509
-2.26403
-2.26448
-2.26433
-2.26539
-2.26554
-2.266
-2.26494
-2.26585
-2.26676
-2.26706
-2.266
-2.26464
-2.26554
-2.26509
-2.26584
-2.26554
-2.266
-2.26509
-2.26539
-2.26691
-2.266
-2.26675
-2.26675
-2.2666
-2.2672
-2.2678
-2.26765
-2.26887
-2.26963
-2.26797
-2.26766
-2.26736
-2.26736
-2.26765
-2.26674
-2.26673
-2.2678
-2.26858
-2.26858
-2.26842
-2.26872
-2.26855
-2.26976
-2.26977
-2.26812
-2.26737
-2.26676
-2.26721
-2.26721
-2.26781
-2.2669
-2.26736
-2.26781
-2.26841
-2.26886
-2.26871
-2.26811
-2.26751
-2.26676
-2.26722
-2.26676
-2.2651
-2.26555
-2.26615
-2.26659
-2.26765
-2.26795
-2.2687
-2.26856
-2.26902
-2.26842
-2.26767
-2.2663
-2.26721
-2.2669
-2.26659
-2.26735
-2.26781
-2.26842
-2.26887
-2.26842
-2.26872
-2.26977
-2.26932
-2.26901
-2.26811
-2.26811
-2.26857
-2.26872
-2.27008
-2.26917
-2.26842
-2.26781
-2.26826
-2.26885
-2.26916
-2.26916
-2.26872
-2.26888
-2.26963
-2.26872
-2.26811
-2.26856
-2.2681
-2.26856
-2.26932
-2.26947
-2.27023
-2.27008
-2.27054
-2.26978
-2.26977
-2.26992
-2.27007
-2.26901
-2.27008
-2.27144
-2.2725
-2.27084
-2.26962
-2.27022
-2.26841
-2.26826
-2.2675
-2.26811
-2.26841
-2.26886
-2.26871
-2.26811
-2.26811
-2.26841
-2.26796
-2.26826
-2.26751
-2.26736
-2.26706
-2.2657
-2.26494
-2.26418
-2.26388
-2.26463
-2.26493
-2.26387
-2.26538
-2.26554
-2.26539
-2.26555
-2.2648
-2.26434
-2.26434
-2.26479
-2.26509
-2.2669
-2.26812
-2.26933
-2.26857
-2.26872
-2.26751
-2.2666
-2.26705
-2.26675
-2.26645
-2.26736
-2.26721
-2.26826
-2.26721
-2.26826
-2.26857
-2.26827
-2.26796
-2.26751
-2.2672
-2.2669
-2.26584
-2.26615
-2.26539
-2.26555
-2.26555
-2.26539
-2.26629
-2.26674
-2.26644
-2.26735
-2.26735
-2.26781
-2.26857
-2.26781
-2.26842
-2.26887
-2.26902
-2.26947
-2.27037
-2.27067
-2.27098
-2.27128
-2.27023
-2.27008
-2.26902
-2.26872
-2.26932
-2.27007
-2.26917
-2.26872
-2.26932
-2.26826
-2.26827
-2.26812
-2.26842
-2.26917
-2.26841
-2.26735
-2.26795
-2.26825
-2.26871
-2.26811
-2.26797
-2.26706
-2.26797
-2.26887
-2.27008
-2.27114
-2.27038
-2.27023
-2.26947
-2.26977
-2.27083
-2.27023
-2.26947
-2.26947
-2.27098
-2.27083
-2.27068
-2.27174
-2.27128
-2.27083
-2.27144
-2.27098
-2.27113
-2.27113
-2.27174
-2.27114
-2.27114
-2.27145
-2.27039
-2.27084
-2.27039
-2.26948
-2.26948
-2.26797
-2.26797
-2.26812
-2.2675
-2.26796
-2.26947
-2.26842
-2.26888
-2.26888
-2.26994
-2.26888
-2.26888
-2.26994
-2.27009
-2.26827
-2.26737
-2.26707
-2.26737
-2.26798
-2.26888
-2.26949
-2.26918
-2.27038
-2.27068
-2.27128
-2.27174
-2.27099
-2.271
-2.2707
-2.27115
-2.27039
-2.27099
-2.2716
-2.27069
-2.27023
-2.27129
-2.2722
-2.2725
-2.2722
-2.27191
-2.27206
-2.27236
-2.2725
-2.27294
-2.27249
-2.2722
-2.27084
-2.2716
-2.2713
-2.27145
-2.27099
-2.27008
-2.26856
-2.26902
-2.26978
-2.26933
-2.26948
-2.27009
-2.27039
-2.26977
-2.26872
-2.26889
-2.26935
-2.2698
-2.2698
-2.27025
-2.27024
-2.27174
-2.27295
-2.27325
-2.27386
-2.27431
-2.2725
-2.27189
-2.27235
-2.27204
-2.27174
-2.27098
-2.27114
-2.26993
-2.26994
-2.27054
-2.27039
-2.27009
-2.26979
-2.26948
-2.26978
-2.27008
-2.26902
-2.26856
-2.26856
-2.26842
-2.26857
-2.26752
-2.26828
-2.26813
-2.26918
-2.26949
-2.26949
-2.26918
-2.26782
-2.26797
-2.26827
-2.26782
-2.26737
-2.26858
-2.26888
-2.26963
-2.26933
-2.26857
-2.26781
-2.26781
-2.26751
-2.26706
-2.26737
-2.26737
-2.26782
-2.26828
-2.26813
-2.26798
-2.26798
-2.26707
-2.26661
-2.2657
-2.26539
-2.26629
-2.266
-2.26676
-2.26692
-2.26646
-2.26782
-2.26797
-2.26782
-2.26767
-2.26632
-2.26692
-2.26632
-2.26784
-2.26829
-2.26768
-2.26752
-2.26692
-2.26646
-2.26737
-2.26858
-2.26949
-2.2701
-2.27071
-2.27162
-2.27237
-2.27327
-2.27206
-2.27222
-2.27086
-2.271
-2.27039
-2.26993
-2.26888
-2.26918
-2.26828
-2.26843
-2.26889
-2.26949
-2.27024
-2.27039
-2.27115
-2.27206
-2.27266
-2.27312
-2.27282
-2.27191
-2.27161
-2.2704
-2.26949
-2.26813
-2.26647
-2.26601
-2.26691
-2.26554
-2.26661
-2.26752
-2.26723
-2.26693
-2.26617
-2.26647
-2.26692
-2.26662
-2.26677
-2.26752
-2.26722
-2.26662
-2.26752
-2.26888
-2.26948
-2.27039
-2.2704
-2.2704
-2.27009
-2.27069
-2.27008
-2.26963
-2.26994
-2.27039
-2.27025
-2.27025
-2.27055
-2.27161
-2.27161
-2.27085
-2.2716
-2.26978
-2.26827
-2.26827
-2.26737
-2.26662
-2.26647
-2.26663
-2.26663
-2.26601
-2.26676
-2.26707
-2.26617
-2.26692
-2.26586
-2.26585
-2.26691
-2.26661
-2.2657
-2.26571
-2.26722
-2.26677
-2.26647
-2.26677
-2.26707
-2.26722
-2.26828
-2.26797
-2.26661
-2.26706
-2.26706
-2.26782
-2.26842
-2.26933
-2.26933
-2.26843
-2.26737
-2.26813
-2.26737
-2.26797
-2.26888
-2.26933
-2.26918
-2.26857
-2.26827
-2.26661
-2.26646
-2.26737
-2.26677
-2.26722
-2.26737
-2.26737
-2.26661
-2.26616
-2.26602
-2.26557
-2.26617
-2.26692
-2.26858
-2.26963
-2.26963
-2.26994
-2.27024
-2.26949
-2.27054
-2.27069
-2.27099
-2.27053
-2.27098
-2.27083
-2.26963
-2.26979
-2.27085
-2.27161
-2.27176
-2.2713
-2.27115
-2.27114
-2.27084
-2.27038
-2.27038
-2.27114
-2.27144
-2.27084
-2.27054
-2.26872
-2.26857
-2.26993
-1.83833
-1.83818
-1.83819
-1.83638
-1.83592
-1.83516
-1.83515
-1.83576
-1.83621
-1.83591
-1.83575
-1.83574
-1.8362
-1.83681
-1.83758
-1.83909
-1.83879
-1.83773
-1.83788
-1.83636
-1.83696
-1.83681
-1.83621
-1.83546
-1.83531
-1.83532
-1.83486
-1.83425
-1.8344
-1.83424
-1.83439
-1.83423
-1.83454
-1.83454
-1.83395
-1.83365
-1.83411
-1.83502
-1.83441
-1.83486
-1.83516
-1.8353
-1.83575
-1.83484
-1.83394
-1.83394
-1.83454
-1.8347
-1.8344
-1.83516
-1.83441
-1.83456
-1.83471
-1.83515
-1.83394
-1.83409
-1.83409
-1.83575
-1.83605
-1.83576
-1.83606
-1.83546
-1.83592
-1.83516
-1.83561
-1.8353
-1.8356
-1.83636
-1.8353
-1.83471
-1.83577
-1.83682
-1.83652
-1.83652
-1.83712
-1.83607
-1.83622
-1.83562
-1.83516
-1.8353
-1.83454
-1.83484
-1.83409
-1.83425
-1.83441
-1.83336
-1.83442
-1.83487
-1.83486
-1.8344
-1.83395
-1.83485
-1.83546
-1.83516
-1.8341
-1.83364
-1.83378
-1.83333
-1.83364
-1.83304
-1.83319
-1.83425
-1.83395
-1.83455
-1.83576
-1.8353
-1.83636
-1.83651
-1.8362
-1.83711
-1.83711
-1.83908
-1.83998
-1.84059
-1.84119
-1.84058
-1.84119
-1.84074
-1.83968
-1.83908
-1.83878
-1.83894
-1.83938
-1.83953
-1.83817
-1.83863
-1.83863
-1.83863
-1.83984
-1.83938
-1.83908
-1.83954
-1.83969
-1.84105
-1.84149
-1.84073
-1.84119
-1.83968
-1.83772
-1.83848
-1.83893
-1.83924
-1.83879
-1.83894
-1.83834
-1.83864
-1.83878
-1.83772
-1.83833
-1.83788
-1.83848
-1.83803
-1.83834
-1.83834
-1.83818
-1.83667
-1.83682
-1.83743
-1.83561
-1.83425
-1.83501
-1.8341
-1.83394
-1.83545
-1.83484
-1.83394
-1.83335
-1.8332
-1.83471
-1.83411
-1.83456
-1.83425
-1.83305
-1.83275
-1.83335
-1.83275
-1.83229
-1.83304
-1.83259
-1.83379
-1.83319
-1.83289
-1.8341
-1.83396
-1.83381
-1.83457
-1.83426
-1.8338
-1.83365
-1.83289
-1.83335
-1.83305
-1.8329
-1.8326
-1.83275
-1.83275
-1.8326
-1.83184
-1.83274
-1.83259
-1.83425
-1.83304
-1.83229
-1.8326
-1.8329
-1.83199
-1.83123
-1.83093
-1.83078
-1.83078
-1.83123
-1.83289
-1.8341
-1.83441
-1.8332
-1.83305
-1.83396
-1.83441
-1.83289
-1.83304
-1.83274
-1.83334
-1.83304
-1.83365
-1.8344
-1.83469
-1.8347
-1.83305
-1.8332
-1.8332
-1.8329
-1.83275
-1.83336
-1.8326
-1.83321
-1.83426
-1.8341
-1.83378
-1.83393
-1.83364
-1.83411
-1.83291
-1.83216
-1.83246
-1.8329
-1.83305
-1.83424
-1.83545
-1.83621
-1.83667
-1.83577
-1.83592
-1.83577
-1.8341
-1.83379
-1.83304
-1.83395
-1.83335
-1.83335
-1.83411
-1.83411
-1.83396
-1.8338
-1.83425
-1.83364
-1.83455
-1.83409
-1.83379
-1.8338
-1.83411
-1.83457
-1.83427
-1.83457
-1.83426
-1.83516
-1.83365
-1.83274
-1.83228
-1.83213
-1.83334
-1.83259
-1.83289
-1.83274
-1.83244
-1.8323
-1.83351
-1.83442
-1.83502
-1.83501
-1.8356
-1.83665
-1.83651
-1.83636
-1.83653
-1.83653
-1.83623
-1.83577
-1.83486
-1.83425
-1.83395
-1.83335
-1.83335
-1.83395
-1.83335
-1.83169
-1.83153
-1.83033
-1.83274
-1.83168
-1.83244
-1.83335
-1.83351
-1.83306
-1.83366
-1.83441
-1.83501
-1.83576
-1.83501
-1.83335
-1.8332
-1.8323
-1.832
-1.8323
-1.8326
-1.8332
-1.83441
-1.83396
-1.83411
-1.83335
-1.8341
-1.83411
-1.83351
-1.83381
-1.83291
-1.83292
-1.83307
-1.83352
-1.83351
-1.8329
-1.83381
-1.83382
-1.83487
-1.83517
-1.83517
-1.83518
-1.83503
-1.83503
-1.83503
-1.83518
-1.8338
-1.83515
-1.8347
-1.83577
-1.83503
-1.83427
-1.83382
-1.83321
-1.83321
-1.8329
-1.8323
-1.83185
-1.83079
-1.83064
-1.82989
-1.83064
-1.83185
-1.832
-1.8317
-1.83064
-1.8326
-1.83351
-1.83366
-1.83335
-1.8332
-1.83365
-1.83486
-1.83487
-1.83683
-1.83668
-1.83668
-1.83547
-1.83608
-1.83592
-1.83652
-1.83652
-1.83622
-1.83608
-1.83533
-1.83624
-1.83684
-1.83684
-1.83669
-1.83638
-1.83563
-1.83426
-1.83396
-1.83366
-1.83351
-1.83305
-1.83366
-1.83336
-1.83351
-1.83427
-1.83351
-1.83366
-1.83441
-1.83441
-1.83351
-1.83381
-1.83336
-1.83456
-1.83471
-1.83546
-1.83592
-1.83637
-1.83713
-1.83698
-1.83819
-1.83834
-1.83879
-1.83939
-1.83909
-1.83818
-1.83817
-1.83787
-1.83818
-1.83683
-1.83683
-1.83623
-1.83759
-1.83714
-1.83729
-1.83774
-1.83789
-1.83729
-1.83789
-1.83728
-1.83773
-1.83743
-1.83743
-1.83728
-1.83773
-1.83758
-1.83652
-1.83697
-1.83607
-1.83668
-1.83623
-1.83654
-1.83624
-1.83534
-1.83594
-1.83533
-1.83456
-1.8338
-1.83349
-1.83319
-1.83425
-1.83426
-1.83486
-1.83592
-1.83593
-1.83532
-1.83411
-1.83396
-1.83366
-1.83366
-1.83306
-1.83457
-1.83532
-1.83455
-1.83485
-1.835
-1.83561
-1.8344
-1.8341
-1.83501
-1.83516
-1.83607
-1.83562
-1.83728
-1.83864
-1.83819
-1.83743
-1.83698
-1.83759
-1.8391
-1.83879
-1.8394
-1.8391
-1.83849
-1.83894
-1.83849
-1.8394
-1.83925
-1.84001
-1.84152
-1.84077
-1.84016
-1.8388
-1.84076
-1.84061
-1.83909
-1.83834
-1.83849
-1.83864
-1.83744
-1.83941
-1.83925
-1.8391
-1.83849
-1.83818
-1.83895
-1.83956
-1.83897
-1.83927
-1.83911
-1.8394
-1.84
-1.83924
-1.83728
-1.83699
-1.83715
-1.83745
-1.837
-1.837
-1.83654
-1.83623
-1.83608
-1.83502
-1.83517
-1.83547
-1.83637
-1.83608
-1.83623
-1.83654
-1.83684
-1.83744
-1.83714
-1.83533
-1.83578
-1.83471
-1.83441
-1.83305
-1.83411
-1.83366
-1.83381
-1.83441
-1.83562
-1.83578
-1.83638
-1.83577
-1.83547
-1.83592
-1.83532
-1.83577
-1.83577
-1.83592
-1.83652
-1.83607
-1.83562
-1.83623
-1.83623
-1.83698
-1.83743
-1.83698
-1.83682
-1.83743
-1.83789
-1.83714
-1.83699
-1.83744
-1.83713
-1.83773
-1.83758
-1.83803
-1.83864
-1.83759
-1.83668
-1.83608
-1.83593
-1.83592
-1.83457
-1.83533
-1.83518
-1.83472
-1.83593
-1.83697
-1.83697
-1.83817
-1.83773
-1.83834
-1.83819
-1.83775
-1.83775
-1.8379
-1.83774
-1.83819
-1.83788
-1.83787
-1.83758
-1.83743
-1.83638
-1.83547
-1.83516
-1.83531
-1.83501
-1.83563
-1.83684
-1.83699
-1.83668
-1.83638
-1.83471
-1.83516
-1.83501
-1.83516
-1.83456
-1.83501
-1.83426
-1.83441
-1.83471
-1.83607
-1.83456
-1.83411
-1.83456
-1.83471
-1.83411
-1.83411
-1.83547
-1.83622
-1.83637
-1.83653
-1.83698
-1.83788
-1.83848
-1.83727
-1.83667
-1.83682
-1.83728
-1.83759
-1.83729
-1.83608
-1.83592
-1.83592
-1.83606
-1.83651
-1.83787
-1.83666
-1.83651
-1.83606
-1.83531
-1.83562
-1.83608
-1.83533
-1.83473
-1.83457
-1.83577
-1.83471
-1.83455
-1.83425
-1.83531
-1.83546
-1.83471
-1.83456
-1.83486
-1.8335
-1.83275
-1.83229
-1.83214
-1.83274
-1.83381
-1.83275
-1.83184
-1.83274
-1.83335
-1.8335
-1.83441
-1.83501
-1.83441
-1.83456
-1.83592
-1.83471
-1.83698
-1.83698
-1.83803
-1.83818
-1.83878
-1.83848
-1.83758
-1.83849
-1.83804
-1.83729
-1.83864
-1.83894
-1.83939
-1.83909
-1.83818
-1.83894
-1.83804
-1.83608
-1.83577
-1.83562
-1.83562
-1.83637
-1.83667
-1.83667
-1.83592
-1.83668
-1.83699
-1.83804
-1.83803
-1.83742
-1.83712
-1.83608
-1.8376
-1.83745
-1.83775
-1.83895
-1.83864
-1.83819
-1.83849
-1.83804
-1.83683
-1.83713
-1.83818
-1.83924
-1.83864
-1.83849
-1.83759
-1.83805
-1.83744
-1.83638
-1.83683
-1.83728
-1.83653
-1.83561
-1.83531
-1.83531
-1.83562
-1.83743
-1.83714
-1.83699
-1.8373
-1.83624
-1.837
-1.83609
-1.83593
-1.83532
-1.83577
-1.83562
-1.83486
-1.83501
-1.83471
-1.83426
-1.83396
-1.8332
-1.83351
-1.83427
-1.83533
-1.83518
-1.83563
-1.83577
-1.83652
-1.83728
-1.83727
-1.83802
-1.83848
-1.83848
-1.83819
-1.8385
-1.83699
-1.83683
-1.83757
-1.83848
-1.83848
-1.83788
-1.83683
-1.83638
-1.83653
-1.83684
-1.83668
-1.83653
-1.83727
-1.83651
-1.83742
-1.83758
-1.83758
-1.8388
-1.8382
-1.83835
-1.83758
-1.83772
-1.83786
-1.83726
-1.83727
-1.83773
-1.83789
-1.8379
-1.83714
-1.8379
-1.8385
-1.83956
-1.84016
-1.84015
-1.83938
-1.83801
-1.83771
-1.83848
-1.83849
-1.8388
-1.8385
-1.83865
-1.83849
-1.83819
-1.83834
-1.83849
-1.83743
-1.83924
-1.83758
-1.83547
-1.83502
-1.83441
-1.83456
-1.83335
-1.8338
-1.83349
-1.83334
-1.8335
-1.8341
-1.83425
-1.83395
-1.83471
-1.8335
-1.83396
-1.83426
-1.8338
-1.8335
-1.83379
-1.83425
-1.83394
-1.83334
-1.8335
-1.83395
-1.83516
-1.83501
-1.83516
-1.8341
-1.83425
-1.83471
-1.83531
-1.83486
-1.83365
-1.83395
-1.83259
-1.83304
-1.83395
-1.8338
-1.83456
-1.83471
-1.83486
-1.83531
-1.83561
-1.83516
-1.83532
-1.83607
-1.83562
-1.83561
-1.83636
-1.83652
-1.83698
-1.83759
-1.83699
-1.83684
-1.83683
-1.83697
-1.8359
-1.83591
-1.83623
-1.83518
-1.83593
-1.83501
-1.8344
-1.8347
-1.83364
-1.83319
-1.83486
-1.83456
-1.83486
-1.83577
-1.83562
-1.83697
-1.83773
-1.83758
-1.83788
-1.83743
-1.83728
-1.83743
-1.83682
-1.83728
-1.83743
-1.83773
-1.83697
-1.83652
-1.83759
-1.83684
-1.83713
-1.83667
-1.83667
-1.83681
-1.83651
-1.83697
-1.83728
-1.83728
-1.83759
-1.83759
-1.83864
-1.83788
-1.83773
-1.83894
-1.83894
-1.83773
-1.83773
-1.83728
-1.83758
-1.83803
-1.83894
-1.83894
-1.83833
-1.83728
-1.83773
-1.83713
-1.83682
-1.83712
-1.83818
-1.83652
-1.83637
-1.83637
-1.83546
-1.83562
-1.83592
-1.83591
-1.83606
-1.83455
-1.8344
-1.83426
-1.83517
-1.83577
-1.83592
-1.83652
-1.83743
-1.83833
-1.83923
-1.83908
-1.83923
-1.83953
-1.83893
-1.83939
-1.84106
-1.84016
-1.84061
-1.84031
-1.83895
-1.8394
-1.83788
-1.83758
-1.83667
-1.83576
-1.83546
-1.83516
-1.83381
-1.83291
-1.83533
-1.83502
-1.83517
-1.83486
-1.83515
-1.83501
-1.83637
-1.83577
-1.83593
-1.83562
-1.83441
-1.83229
-1.83319
-1.83275
-1.83366
-1.83321
-1.83396
-1.83472
-1.83532
-1.83456
-1.83441
-1.83577
-1.83517
-1.83608
-1.83577
-1.83698
-1.83743
-1.83727
-1.83666
-1.46301
-1.46272
-1.46227
-1.46212
-1.46136
-1.46106
-1.46287
-1.46242
-1.46197
-1.46227
-1.46212
-1.46287
-1.46241
-1.46226
-1.46105
-1.46135
-1.46151
-1.4603
-1.46075
-1.45969
-1.4603
-1.45833
-1.45758
-1.45758
-1.45834
-1.45939
-1.45954
-1.4615
-1.4606
-1.45923
-1.46029
-1.45998
-1.46073
-1.46029
-1.4606
-1.46091
-1.46076
-1.46016
-1.46046
-1.46136
-1.46136
-1.4606
-1.4615
-1.46164
-1.46224
-1.4624
-1.4618
-1.46347
-1.46438
-1.46438
-1.46453
-1.46453
-1.46453
-1.46393
-1.46333
-1.46257
-1.46317
-1.46255
-1.46135
-1.46166
-1.46092
-1.46168
-1.46243
-1.46227
-1.46121
-1.46105
-1.4624
-1.46105
-1.46226
-1.46182
-1.46212
-1.46393
-1.46392
-1.46286
-1.46211
-1.4615
-1.46136
-1.46166
-1.46181
-1.46015
-1.45819
-1.45909
-1.45924
-1.45969
-1.45832
-1.45817
-1.45787
-1.45788
-1.45834
-1.45894
-1.45773
-1.45833
-1.45818
-1.45848
-1.45864
-1.45894
-1.45985
-1.46
-1.45984
-1.46105
-1.46166
-1.46272
-1.46273
-1.46228
-1.46137
-1.46181
-1.46211
-1.46196
-1.46165
-1.4618
-1.46105
-1.46197
-1.46182
-1.46047
-1.46001
-1.45955
-1.46061
-1.46091
-1.46046
-1.46031
-1.45775
-1.4567
-1.45761
-1.45821
-1.45743
-1.45727
-1.45878
-1.45728
-1.45758
-1.45774
-1.4576
-1.45714
-1.45865
-1.4588
-1.45834
-1.45789
-1.4588
-1.45896
-1.4582
-1.4582
-1.45834
-1.46015
-1.46059
-1.45983
-1.45969
-1.45865
-1.4582
-1.4579
-1.45715
-1.45684
-1.45775
-1.45774
-1.45789
-1.45894
-1.45879
-1.45879
-1.45758
-1.45788
-1.45713
-1.45683
-1.45607
-1.45637
-1.45668
-1.45683
-1.45668
-1.45668
-1.45638
-1.45668
-1.45835
-1.45911
-1.46001
-1.4603
-1.45984
-1.45998
-1.45968
-1.45924
-1.45758
-1.45774
-1.45925
-1.46031
-1.46122
-1.46272
-1.46317
-1.46453
-1.46362
-1.46362
-1.46377
-1.46392
-1.46483
-1.46393
-1.46393
-1.46242
-1.46302
-1.46347
-1.46271
-1.46287
-1.46212
-1.46182
-1.46242
-1.46302
-1.46392
-1.46346
-1.46286
-1.46242
-1.46272
-1.46227
-1.46152
-1.46259
-1.46334
-1.46288
-1.46257
-1.46361
-1.46406
-1.46271
-1.46196
-1.46198
-1.46047
-1.46092
-1.46106
-1.46271
-1.46302
-1.46378
-1.46393
-1.46363
-1.46408
-1.46483
-1.46468
-1.46378
-1.46378
-1.46318
-1.46121
-1.46182
-1.46151
-1.46121
-1.46014
-1.45953
-1.45968
-1.4609
-1.45939
-1.45879
-1.45774
-1.45819
-1.45759
-1.45789
-1.45835
-1.45684
-1.45669
-1.45698
-1.45789
-1.45744
-1.45713
-1.45758
-1.45712
-1.45711
-1.45665
-1.45742
-1.45879
-1.46001
-1.46017
-1.46153
-1.46258
-1.46122
-1.46046
-1.4606
-1.46029
-1.46044
-1.46074
-1.4615
-1.46166
-1.46242
-1.46318
-1.46363
-1.46408
-1.46438
-1.46499
-1.46378
-1.46318
-1.46363
-1.46408
-1.46317
-1.46392
-1.46377
-1.46392
-1.46347
-1.46242
-1.46227
-1.46332
-1.46347
-1.46272
-1.46302
-1.46241
-1.46166
-1.46197
-1.46121
-1.4606
-1.4603
-1.46135
-1.46257
-1.46257
-1.46242
-1.46181
-1.46302
-1.46362
-1.46332
-1.46393
-1.46348
-1.46242
-1.46242
-1.46121
-1.46105
-1.46059
-1.45968
-1.45984
-1.4591
-1.4588
-1.45955
-1.45924
-1.45954
-1.45879
-1.45727
-1.45713
-1.45652
-1.45743
-1.45788
-1.45788
-1.4588
-1.45865
-1.4579
-1.45835
-1.45774
-1.45895
-1.45909
-1.45969
-1.45923
-1.45817
-1.45803
-1.45879
-1.45744
-1.45819
-1.45895
-1.4591
-1.45835
-1.45895
-1.4582
-1.45804
-1.45743
-1.45652
-1.45651
-1.45622
-1.45684
-1.4579
-1.45806
-1.45806
-1.4573
-1.45699
-1.45774
-1.45864
-1.45805
-1.45896
-1.45926
-1.46062
-1.46077
-1.46077
-1.46152
-1.46167
-1.46287
-1.46211
-1.46287
-1.46241
-1.46272
-1.46378
-1.46318
-1.46348
-1.46288
-1.46379
-1.46393
-1.46454
-1.46348
-1.46242
-1.46348
-1.46363
-1.46273
-1.46242
-1.46196
-1.46166
-1.46076
-1.46061
-1.46106
-1.46046
-1.46091
-1.46106
-1.46076
-1.46122
-1.46243
-1.46243
-1.46243
-1.46364
-1.46318
-1.46273
-1.46257
-1.46196
-1.46059
-1.46014
-1.46105
-1.46076
-1.4597
-1.46046
-1.46076
-1.46166
-1.4603
-1.4597
-1.4591
-1.45865
-1.45775
-1.4582
-1.4585
-1.45713
-1.45682
-1.45727
-1.45682
-1.45683
-1.45668
-1.45714
-1.4579
-1.45895
-1.45911
-1.45956
-1.46107
-1.46107
-1.46046
-1.46091
-1.46
-1.46075
-1.46196
-1.46136
-1.46197
-1.46046
-1.46152
-1.46213
-1.46138
-1.46017
-1.45895
-1.45759
-1.45789
-1.45819
-1.45986
-1.46002
-1.46032
-1.45866
-1.45956
-1.46031
-1.4594
-1.4588
-1.4582
-1.4585
-1.45926
-1.45835
-1.45956
-1.45941
-1.4591
-1.4594
-1.46106
-1.46167
-1.46167
-1.46091
-1.46152
-1.46213
-1.46092
-1.45971
-1.46016
-1.45955
-1.4597
-1.45971
-1.45971
-1.46016
-1.46047
-1.46032
-1.46138
-1.46213
-1.46183
-1.46183
-1.46182
-1.46121
-1.46106
-1.46076
-1.46197
-1.46137
-1.46153
-1.46078
-1.46108
-1.46213
-1.46183
-1.46228
-1.46166
-1.46227
-1.46257
-1.46319
-1.4638
-1.46349
-1.46168
-1.46319
-1.46334
-1.46273
-1.46243
-1.46107
-1.46047
-1.46108
-1.46077
-1.46017
-1.45865
-1.46016
-1.45956
-1.45941
-1.46047
-1.46122
-1.46046
-1.46031
-1.46123
-1.46093
-1.46122
-1.46213
-1.46212
-1.46136
-1.46091
-1.46032
-1.45972
-1.45958
-1.45928
-1.45928
-1.46003
-1.45986
-1.46015
-1.46075
-1.46122
-1.46123
-1.46214
-1.46198
-1.46303
-1.46349
-1.46273
-1.46333
-1.46409
-1.46469
-1.465
-1.4647
-1.46531
-1.46575
-1.46484
-1.46499
-1.46455
-1.4638
-1.4629
-1.4641
-1.46334
-1.46394
-1.46485
-1.4647
-1.46379
-1.4647
-1.4653
-1.46455
-1.46395
-1.46395
-1.46319
-1.46274
-1.46365
-1.46441
-1.4638
-1.4647
-1.46469
-1.46348
-1.46365
-1.4629
-1.46275
-1.46259
-1.46274
-1.46259
-1.46108
-1.46048
-1.46063
-1.46032
-1.45942
-1.45987
-1.46183
-1.46137
-1.46122
-1.46092
-1.46048
-1.46018
-1.46003
-1.45987
-1.46077
-1.46092
-1.46214
-1.46215
-1.46291
-1.4629
-1.46381
-1.46381
-1.46351
-1.46441
-1.46425
-1.46499
-1.46514
-1.46469
-1.46394
-1.46274
-1.46244
-1.46275
-1.46275
-1.46335
-1.46411
-1.46291
-1.46442
-1.46547
-1.46591
-1.4659
-1.46574
-1.4647
-1.46335
-1.46245
-1.4623
-1.46155
-1.4614
-1.46048
-1.46032
-1.45971
-1.4588
-1.4591
-1.45956
-1.46123
-1.46003
-1.46034
-1.4614
-1.46109
-1.46063
-1.45957
-1.45941
-1.45941
-1.46001
-1.46107
-1.46122
-1.46228
-1.46198
-1.46122
-1.46168
-1.46214
-1.46305
-1.4626
-1.4632
-1.46214
-1.46154
-1.46199
-1.46319
-1.46304
-1.46303
-1.46242
-1.46348
-1.46379
-1.46304
-1.46395
-1.46425
-1.46425
-1.4638
-1.4638
-1.46365
-1.46395
-1.4635
-1.46365
-1.46319
-1.46319
-1.46289
-1.46304
-1.46258
-1.46123
-1.46168
-1.46305
-1.46304
-1.46425
-1.46424
-1.46319
-1.46273
-1.46243
-1.46304
-1.46395
-1.46305
-1.46275
-1.4623
-1.4632
-1.46182
-1.46046
-1.45896
-1.45912
-1.45973
-1.45821
-1.45896
-1.45956
-1.46001
-1.45941
-1.45896
-1.45941
-1.45805
-1.45941
-1.45866
-1.45821
-1.45912
-1.45836
-1.45881
-1.45866
-1.45821
-1.45837
-1.45776
-1.45731
-1.4576
-1.45775
-1.45774
-1.45759
-1.4585
-1.45896
-1.45897
-1.45943
-1.45852
-1.45776
-1.45761
-1.45715
-1.45654
-1.45594
-1.4564
-1.4561
-1.45685
-1.457
-1.4573
-1.45805
-1.4579
-1.45836
-1.45836
-1.45791
-1.45821
-1.45761
-1.4579
-1.4579
-1.45774
-1.45729
-1.45775
-1.45685
-1.4558
-1.4555
-1.45534
-1.45549
-1.45503
-1.45382
-1.45503
-1.45563
-1.45488
-1.45564
-1.45489
-1.45641
-1.45655
-1.45761
-1.45791
-1.45867
-1.45836
-1.45821
-1.45851
-1.45987
-1.45972
-1.45971
-1.45911
-1.46001
-1.46047
-1.46093
-1.46244
-1.46229
-1.46275
-1.46501
-1.46576
-1.46576
-1.46651
-1.46545
-1.4659
-1.46606
-1.46561
-1.46546
-1.46517
-1.46532
-1.46412
-1.46442
-1.46456
-1.46335
-1.46229
-1.46229
-1.46229
-1.46335
-1.4635
-1.46395
-1.46229
-1.46319
-1.46334
-1.46334
-1.46229
-1.46275
-1.4632
-1.46425
-1.46379
-1.46454
-1.46378
-1.46318
-1.46395
-1.46365
-1.4638
-1.46409
-1.46439
-1.46303
-1.46273
-1.46274
-1.46123
-1.46199
-1.46153
-1.46078
-1.46017
-1.46108
-1.46092
-1.46077
-1.46091
-1.46076
-1.46016
-1.45896
-1.45775
-1.45775
-1.45714
-1.45805
-1.45896
-1.46032
-1.46077
-1.46046
-1.46061
-1.46182
-1.46138
-1.46078
-1.45972
-1.46002
-1.46002
-1.46002
-1.46062
-1.46077
-1.46243
-1.46273
-1.46318
-1.46242
-1.46379
-1.4644
-1.46274
-1.46259
-1.46213
-1.46349
-1.46364
-1.46363
-1.46333
-1.46348
-1.46348
-1.46561
-1.46591
-1.46561
-1.46516
-1.4656
-1.4659
-1.46574
-1.46499
-1.46363
-1.46348
-1.46319
-1.46122
-1.46077
-1.46182
-1.46243
-1.46137
-1.46001
-1.45986
-1.46077
-1.46047
-1.46092
-1.46062
-1.46016
-1.46122
-1.46076
-1.46061
-1.46122
-1.46168
-1.46108
-1.46213
-1.46304
-1.46364
-1.46379
-1.4647
-1.46485
-1.465
-1.46424
-1.46424
-1.46424
-1.46484
-1.46454
-1.46454
-1.46575
-1.4653
-1.46379
-1.46244
-1.46228
-1.46258
-1.46121
-1.46211
-1.46302
-1.46332
-1.46288
-1.46183
-1.46168
-1.46214
-1.46198
-1.46182
-1.46227
-1.46242
-1.46319
-1.46425
-1.46455
-1.46439
-1.46454
-1.46409
-1.46425
-1.46425
-1.46365
-1.46486
-1.46425
-1.46348
-1.46287
-1.46362
-1.46288
-1.46334
-1.4653
-1.4641
-1.46455
-1.46304
-1.46199
-1.46199
-1.46168
-1.46137
-1.46197
-1.46242
-1.46136
-1.46031
-1.46001
-1.45942
-1.45897
-1.45942
-1.45927
-1.45972
-1.45835
-1.4585
-1.4585
-1.45942
-1.45866
-1.45911
-1.45971
-1.45925
-1.4591
-1.45835
-1.46077
-1.45986
-1.45971
-1.46046
-1.46062
-1.46092
-1.46228
-1.46182
-1.46303
-1.46318
-1.46272
-1.46393
-1.46317
-1.46438
-1.46424
-1.46454
-1.46485
-1.46651
-1.46606
-1.46681
-1.46605
-1.46559
-1.46513
-1.46437
-1.46392
-1.46378
-1.46394
-1.46409
-1.46485
-1.4644
-1.46485
-1.46303
-1.46182
-1.46287
-1.46272
-1.46181
-1.27448
-1.27388
-1.27237
-1.27237
-1.271
-1.26949
-1.26964
-1.26829
-1.2683
-1.2671
-1.26876
-1.26951
-1.27086
-1.2704
-1.27087
-1.27088
-1.27148
-1.27162
-1.27176
-1.2716
-1.27146
-1.27025
-1.27056
-1.26965
-1.26768
-1.26934
-1.26965
-1.27207
-1.27252
-1.27237
-1.27177
-1.27222
-1.27329
-1.27314
-1.27359
-1.27329
-1.27358
-1.27418
-1.27388
-1.27403
-1.27312
-1.27267
-1.27237
-1.27041
-1.27072
-1.27042
-1.27164
-1.27104
-1.27028
-1.26997
-1.26951
-1.26814
-1.26919
-1.26919
-1.2698
-1.26981
-1.27057
-1.27087
-1.27102
-1.26981
-1.27101
-1.27041
-1.27102
-1.27028
-1.26937
-1.26922
-1.26952
-1.27057
-1.27072
-1.27042
-1.27011
-1.26904
-1.26965
-1.27056
-1.27208
-1.27314
-1.27299
-1.27284
-1.27359
-1.27404
-1.27359
-1.27389
-1.27389
-1.27435
-1.27375
-1.27541
-1.27556
-1.2742
-1.27465
-1.27299
-1.27192
-1.27237
-1.27222
-1.27208
-1.27149
-1.27073
-1.27134
-1.27103
-1.27132
-1.27041
-1.27056
-1.27071
-1.27178
-1.27269
-1.27375
-1.27344
-1.27314
-1.27299
-1.27344
-1.27435
-1.27434
-1.27433
-1.27524
-1.27494
-1.27449
-1.27359
-1.27284
-1.27284
-1.27314
-1.27329
-1.27208
-1.27253
-1.27374
-1.27464
-1.27525
-1.27389
-1.27435
-1.27556
-1.27435
-1.27496
-1.27511
-1.27451
-1.2742
-1.27466
-1.2742
-1.27389
-1.27418
-1.27403
-1.27419
-1.2736
-1.2739
-1.27405
-1.2748
-1.2748
-1.2739
-1.27314
-1.2736
-1.27299
-1.27193
-1.27283
-1.27419
-1.27299
-1.27162
-1.27207
-1.27131
-1.27177
-1.27239
-1.27209
-1.27239
-1.27239
-1.27208
-1.27239
-1.27178
-1.27147
-1.27238
-1.27283
-1.27299
-1.27299
-1.27193
-1.27163
-1.27056
-1.27011
-1.27147
-1.26996
-1.27041
-1.27026
-1.27087
-1.27072
-1.26981
-1.27026
-1.26996
-1.26921
-1.26906
-1.26966
-1.26875
-1.26844
-1.26784
-1.26723
-1.26679
-1.26679
-1.26634
-1.26679
-1.26664
-1.26664
-1.26815
-1.26725
-1.26664
-1.26709
-1.26709
-1.26649
-1.26634
-1.26559
-1.26635
-1.2668
-1.26695
-1.2677
-1.26815
-1.26829
-1.2689
-1.27072
-1.27224
-1.27315
-1.27193
-1.27192
-1.27146
-1.27147
-1.27164
-1.27286
-1.27331
-1.27285
-1.27208
-1.27177
-1.27115
-1.27176
-1.27086
-1.27132
-1.27208
-1.27194
-1.27164
-1.27315
-1.27255
-1.2727
-1.2724
-1.27224
-1.27163
-1.27223
-1.27238
-1.27207
-1.27313
-1.27374
-1.27405
-1.27451
-1.27648
-1.27633
-1.27618
-1.27662
-1.27692
-1.27706
-1.27631
-1.27526
-1.27556
-1.27632
-1.27617
-1.27511
-1.27496
-1.27572
-1.27632
-1.27708
-1.27708
-1.27708
-1.27662
-1.27631
-1.27616
-1.27707
-1.27676
-1.27555
-1.2745
-1.27481
-1.27557
-1.27435
-1.27525
-1.27526
-1.27496
-1.27496
-1.27511
-1.27556
-1.27542
-1.27574
-1.27514
-1.27528
-1.27616
-1.27539
-1.27479
-1.2751
-1.27512
-1.27467
-1.27466
-1.27511
-1.27375
-1.27345
-1.27496
-1.27601
-1.27616
-1.27677
-1.2757
-1.2745
-1.27329
-1.2742
-1.27405
-1.2742
-1.27557
-1.27511
-1.27481
-1.27376
-1.27345
-1.27435
-1.27359
-1.2742
-1.27315
-1.2727
-1.27225
-1.27119
-1.27042
-1.27057
-1.27103
-1.27059
-1.2715
-1.27119
-1.27194
-1.27178
-1.27223
-1.27193
-1.27163
-1.27269
-1.27286
-1.27241
-1.2727
-1.27345
-1.27285
-1.27209
-1.27103
-1.27133
-1.27118
-1.27133
-1.26997
-1.27073
-1.27164
-1.27089
-1.27209
-1.27268
-1.27298
-1.27268
-1.273
-1.27331
-1.27286
-1.2733
-1.27405
-1.27344
-1.27299
-1.27389
-1.2736
-1.27315
-1.273
-1.27315
-1.27374
-1.27434
-1.27465
-1.27406
-1.273
-1.2724
-1.27285
-1.273
-1.27314
-1.27329
-1.27375
-1.2739
-1.2739
-1.27345
-1.27314
-1.27344
-1.2736
-1.27209
-1.2724
-1.27195
-1.27255
-1.27285
-1.27345
-1.27238
-1.27283
-1.27253
-1.27193
-1.27103
-1.27028
-1.26983
-1.27013
-1.27029
-1.27134
-1.27104
-1.27088
-1.27134
-1.27134
-1.27072
-1.2695
-1.27011
-1.27012
-1.2715
-1.27015
-1.27076
-1.27121
-1.27241
-1.27285
-1.27269
-1.27223
-1.27223
-1.27163
-1.27103
-1.2724
-1.27255
-1.27119
-1.27028
-1.27103
-1.27164
-1.27013
-1.27044
-1.27014
-1.26923
-1.27059
-1.27119
-1.27043
-1.27134
-1.27149
-1.2721
-1.27149
-1.27149
-1.27103
-1.27163
-1.27193
-1.27103
-1.27029
-1.27014
-1.2712
-1.27119
-1.27361
-1.27331
-1.27512
-1.27451
-1.27451
-1.27466
-1.27496
-1.27421
-1.27451
-1.27496
-1.27375
-1.27314
-1.2736
-1.2724
-1.27392
-1.27407
-1.27468
-1.27483
-1.27392
-1.27286
-1.2727
-1.27209
-1.27102
-1.27237
-1.27238
-1.27209
-1.27226
-1.27332
-1.27392
-1.27421
-1.27541
-1.27435
-1.27329
-1.27254
-1.27194
-1.27224
-1.27315
-1.2736
-1.2733
-1.27239
-1.27298
-1.27132
-1.27103
-1.27134
-1.2724
-1.27225
-1.27255
-1.27285
-1.27239
-1.27238
-1.27208
-1.27179
-1.2727
-1.27225
-1.27435
-1.27374
-1.27391
-1.27422
-1.27407
-1.27392
-1.27271
-1.273
-1.27268
-1.27328
-1.27345
-1.27239
-1.27255
-1.2733
-1.2733
-1.27467
-1.27512
-1.27618
-1.27648
-1.27617
-1.27586
-1.27526
-1.27451
-1.2736
-1.2751
-1.27495
-1.27586
-1.27481
-1.27527
-1.27497
-1.27466
-1.27405
-1.2745
-1.27435
-1.27405
-1.27345
-1.27195
-1.27135
-1.27104
-1.27059
-1.27103
-1.27147
-1.27282
-1.27283
-1.27344
-1.2739
-1.27436
-1.27557
-1.27541
-1.27571
-1.27631
-1.27631
-1.27571
-1.27617
-1.27737
-1.27707
-1.27723
-1.27723
-1.27829
-1.27904
-1.27858
-1.27751
-1.27706
-1.27827
-1.27949
-1.27965
-1.2786
-1.27724
-1.27725
-1.27739
-1.27722
-1.27766
-1.27782
-1.27798
-1.27829
-1.27799
-1.27935
-1.27859
-1.27859
-1.27904
-1.27965
-1.27889
-1.27859
-1.27935
-1.27783
-1.27798
-1.27722
-1.27617
-1.27603
-1.27663
-1.27693
-1.27618
-1.27587
-1.27511
-1.27571
-1.27481
-1.27345
-1.27346
-1.27361
-1.27376
-1.27406
-1.27405
-1.27344
-1.27435
-1.27541
-1.27572
-1.27542
-1.27526
-1.27571
-1.2757
-1.27691
-1.27616
-1.27571
-1.27511
-1.27557
-1.27527
-1.27542
-1.27541
-1.27616
-1.27842
-1.27857
-1.27797
-1.27797
-1.27813
-1.27889
-1.27964
-1.28024
-1.28024
-1.27964
-1.27889
-1.28025
-1.27995
-1.27919
-1.27873
-1.27842
-1.27812
-1.27918
-1.27813
-1.27723
-1.27511
-1.27466
-1.27541
-1.27496
-1.27436
-1.27542
-1.27436
-1.27331
-1.27331
-1.2739
-1.27404
-1.27404
-1.2748
-1.27435
-1.2742
-1.2733
-1.2745
-1.2742
-1.2742
-1.27421
-1.27316
-1.27346
-1.27316
-1.27285
-1.27134
-1.27133
-1.26966
-1.27087
-1.27177
-1.27299
-1.273
-1.27346
-1.27377
-1.27346
-1.27376
-1.27375
-1.27254
-1.27179
-1.2715
-1.27076
-1.27106
-1.27151
-1.27225
-1.27223
-1.27329
-1.2739
-1.27345
-1.27437
-1.27543
-1.27512
-1.27497
-1.27512
-1.27451
-1.27481
-1.27527
-1.27602
-1.27617
-1.27556
-1.27526
-1.27556
-1.27557
-1.27588
-1.27513
-1.27544
-1.27634
-1.27528
-1.27603
-1.27647
-1.27751
-1.27797
-1.27767
-1.27798
-1.27768
-1.27648
-1.27678
-1.27678
-1.27618
-1.27618
-1.27662
-1.27723
-1.27663
-1.27845
-1.28012
-1.27951
-1.27875
-1.27995
-1.28115
-1.27933
-1.27933
-1.2792
-1.27921
-1.27937
-1.27937
-1.27815
-1.27828
-1.27752
-1.27798
-1.27814
-1.27845
-1.27816
-1.27712
-1.27727
-1.27651
-1.27635
-1.27663
-1.27736
-1.27661
-1.2736
-1.27362
-1.27498
-1.27603
-1.27452
-1.27436
-1.27436
-1.2742
-1.27496
-1.27542
-1.27543
-1.27604
-1.27709
-1.27784
-1.27829
-1.27783
-1.27753
-1.27889
-1.27813
-1.27799
-1.27739
-1.27649
-1.27649
-1.2768
-1.27634
-1.27664
-1.27648
-1.27632
-1.27647
-1.27631
-1.27707
-1.27723
-1.27558
-1.27559
-1.27665
-1.27574
-1.27635
-1.27514
-1.27544
-1.27422
-1.27482
-1.27512
-1.27527
-1.27557
-1.27678
-1.27573
-1.27452
-1.27497
-1.27573
-1.27648
-1.27663
-1.27451
-1.27482
-1.27451
-1.27361
-1.27331
-1.27331
-1.27286
-1.27392
-1.27452
-1.27406
-1.27512
-1.27451
-1.27466
-1.27375
-1.27284
-1.27254
-1.273
-1.27285
-1.27104
-1.27013
-1.27044
-1.26983
-1.27165
-1.26999
-1.26954
-1.26939
-1.27014
-1.26998
-1.26936
-1.26861
-1.26983
-1.27014
-1.27165
-1.27105
-1.27059
-1.27164
-1.27164
-1.27194
-1.27087
-1.27072
-1.26997
-1.27058
-1.27134
-1.2712
-1.2709
-1.27015
-1.26939
-1.26923
-1.26922
-1.26922
-1.26967
-1.26801
-1.26832
-1.26907
-1.26801
-1.26725
-1.2671
-1.26725
-1.26847
-1.26923
-1.26969
-1.26848
-1.26818
-1.26878
-1.26922
-1.26816
-1.26907
-1.26908
-1.26953
-1.26863
-1.26802
-1.26907
-1.26847
-1.26892
-1.26998
-1.27043
-1.26952
-1.26922
-1.26862
-1.26983
-1.27073
-1.27133
-1.27118
-1.27255
-1.27225
-1.2715
-1.27104
-1.27119
-1.27104
-1.27119
-1.27165
-1.2724
-1.2718
-1.27225
-1.27119
-1.27074
-1.26998
-1.27059
-1.27165
-1.2715
-1.27165
-1.2715
-1.27044
-1.2712
-1.27105
-1.27135
-1.27196
-1.27226
-1.27179
-1.27253
-1.27313
-1.2739
-1.27392
-1.27499
-1.27438
-1.27468
-1.27317
-1.27301
-1.27301
-1.27241
-1.27317
-1.27212
-1.27107
-1.27092
-1.27166
-1.27028
-1.27103
-1.27239
-1.27226
-1.27241
-1.2712
-1.27089
-1.27059
-1.26999
-1.27059
-1.26984
-1.26847
-1.26968
-1.26923
-1.26999
-1.2709
-1.2709
-1.26984
-1.27105
-1.2715
-1.27225
-1.27271
-1.2721
-1.2721
-1.27285
-1.2739
-1.27345
-1.27226
-1.27243
-1.27183
-1.27182
-1.27196
-1.27089
-1.27043
-1.26877
-1.26968
-1.26908
-1.26908
-1.26939
-1.2703
-1.26984
-1.26999
-1.27105
-1.27135
-1.27136
-1.27347
-1.27286
-1.27331
-1.2727
-1.2721
-1.27256
-1.27392
-1.27378
-1.27332
-1.27362
-1.27348
-1.27364
-1.27379
-1.27409
-1.27408
-1.27588
-1.27481
-1.27496
-1.27466
-1.27482
-1.27482
-1.27361
-1.27452
-1.27301
-1.27362
-1.27287
-1.27151
-1.26924
-1.26879
-1.26879
-1.26894
-1.26757
-1.26772
-1.26847
-1.27044
-1.26999
-1.26878
-1.26999
-1.26877
-1.26907
-1.26876
-1.26953
-1.26924
-1.26864
-1.26789
-1.26834
-1.26804
-1.57499
-1.57529
-1.57649
-1.57619
-1.57649
-1.5771
-1.57862
-1.57953
-1.57954
-1.57923
-1.57863
-1.57741
-1.57787
-1.57772
-1.57893
-1.58014
-1.58119
-1.58072
-1.58193
-1.58148
-1.58149
-1.58135
-1.58104
-1.58134
-1.58119
-1.58195
-1.58225
-1.58225
-1.58316
-1.58421
-1.58392
-1.58452
-1.58437
-1.58467
-1.58421
-1.58405
-1.58315
-1.58345
-1.58239
-1.58027
-1.58072
-1.58073
-1.58224
-1.5827
-1.5827
-1.58271
-1.58135
-1.58044
-1.58119
-1.58118
-1.58148
-1.58239
-1.58148
-1.58088
-1.58089
-1.57999
-1.58104
-1.58059
-1.57953
-1.57892
-1.57877
-1.57878
-1.57802
-1.57923
-1.57983
-1.58043
-1.58043
-1.58103
-1.58028
-1.58043
-1.57907
-1.58029
-1.5812
-1.58074
-1.58149
-1.58239
-1.58254
-1.58194
-1.58225
-1.58135
-1.5809
-1.5818
-1.58255
-1.58255
-1.58239
-1.58315
-1.58239
-1.58345
-1.5827
-1.58391
-1.58391
-1.58331
-1.58285
-1.58285
-1.58195
-1.58119
-1.58119
-1.58058
-1.57967
-1.57982
-1.58013
-1.58059
-1.58089
-1.58105
-1.5806
-1.58105
-1.58045
-1.58044
-1.57922
-1.57756
-1.57771
-1.57756
-1.57802
-1.57953
-1.57999
-1.58014
-1.58029
-1.57923
-1.58074
-1.58104
-1.58043
-1.58058
-1.58149
-1.58134
-1.5824
-1.58285
-1.5821
-1.58225
-1.58256
-1.58285
-1.58315
-1.58209
-1.58255
-1.58164
-1.58194
-1.58209
-1.58089
-1.5818
-1.5824
-1.58135
-1.58059
-1.57999
-1.57908
-1.57952
-1.57997
-1.57906
-1.58012
-1.57968
-1.57983
-1.58013
-1.58074
-1.58028
-1.58059
-1.58059
-1.58135
-1.58029
-1.57923
-1.57998
-1.58074
-1.5809
-1.58105
-1.58211
-1.5815
-1.58315
-1.58315
-1.58239
-1.58134
-1.58104
-1.57983
-1.57937
-1.57861
-1.57786
-1.57786
-1.57651
-1.57651
-1.57485
-1.57515
-1.57636
-1.57651
-1.57636
-1.57636
-1.57742
-1.57712
-1.57682
-1.57682
-1.57681
-1.5768
-1.57785
-1.57816
-1.57862
-1.57968
-1.57954
-1.57999
-1.57908
-1.57954
-1.57939
-1.57969
-1.5806
-1.58075
-1.58014
-1.57998
-1.58011
-1.58041
-1.58027
-1.57862
-1.57863
-1.58015
-1.57969
-1.57999
-1.58013
-1.58089
-1.58044
-1.5818
-1.58195
-1.5824
-1.58315
-1.58285
-1.5827
-1.583
-1.58315
-1.583
-1.58315
-1.5836
-1.58269
-1.58254
-1.58315
-1.58482
-1.58527
-1.58467
-1.58437
-1.58422
-1.58376
-1.58209
-1.58104
-1.57998
-1.58044
-1.58075
-1.57954
-1.58013
-1.58073
-1.57922
-1.58073
-1.58074
-1.5818
-1.5818
-1.58272
-1.58197
-1.58181
-1.58059
-1.58179
-1.58164
-1.58285
-1.58225
-1.58361
-1.58316
-1.58346
-1.58331
-1.58452
-1.58634
-1.58543
-1.58482
-1.58542
-1.58542
-1.58482
-1.58497
-1.58406
-1.58391
-1.58376
-1.58315
-1.58345
-1.5836
-1.58405
-1.58375
-1.58345
-1.5836
-1.58405
-1.58345
-1.583
-1.58406
-1.5827
-1.58285
-1.58451
-1.58391
-1.58526
-1.58481
-1.58436
-1.58511
-1.58496
-1.58406
-1.58376
-1.58422
-1.58483
-1.58347
-1.58347
-1.5821
-1.58164
-1.57997
-1.57997
-1.58043
-1.57999
-1.58059
-1.57968
-1.58044
-1.58074
-1.57983
-1.57983
-1.57982
-1.58012
-1.58012
-1.58043
-1.58013
-1.57878
-1.57879
-1.57954
-1.57892
-1.57739
-1.57831
-1.57817
-1.57712
-1.57742
-1.57787
-1.57847
-1.57757
-1.57877
-1.57907
-1.57922
-1.57846
-1.57907
-1.58043
-1.58013
-1.57907
-1.57936
-1.57951
-1.57906
-1.57937
-1.57877
-1.57907
-1.57877
-1.57952
-1.58043
-1.58073
-1.58028
-1.58042
-1.58058
-1.58043
-1.57998
-1.58044
-1.58014
-1.58074
-1.58134
-1.58133
-1.58057
-1.58042
-1.57982
-1.57967
-1.57786
-1.57787
-1.57847
-1.57772
-1.57681
-1.57665
-1.57665
-1.57846
-1.57861
-1.57877
-1.57937
-1.57907
-1.57937
-1.57906
-1.57982
-1.58042
-1.58042
-1.57982
-1.57937
-1.57907
-1.57877
-1.57847
-1.57818
-1.57713
-1.57728
-1.57713
-1.57833
-1.57937
-1.57951
-1.5789
-1.57889
-1.57875
-1.57892
-1.57772
-1.57742
-1.57773
-1.57833
-1.57818
-1.57757
-1.57681
-1.57726
-1.57726
-1.57636
-1.57681
-1.57741
-1.57816
-1.57906
-1.57876
-1.5777
-1.57786
-1.57847
-1.57788
-1.57712
-1.57712
-1.57696
-1.5771
-1.57665
-1.57575
-1.57591
-1.57577
-1.57546
-1.57575
-1.57605
-1.57771
-1.57876
-1.57937
-1.57908
-1.57863
-1.57832
-1.57878
-1.58028
-1.58013
-1.58103
-1.58088
-1.58088
-1.57982
-1.58103
-1.58028
-1.57998
-1.58014
-1.58105
-1.5815
-1.58272
-1.58408
-1.58378
-1.58377
-1.58377
-1.58346
-1.5833
-1.58435
-1.58495
-1.5845
-1.58405
-1.58436
-1.58558
-1.58513
-1.58498
-1.58452
-1.58376
-1.58527
-1.58557
-1.58617
-1.58557
-1.58647
-1.58542
-1.58361
-1.58255
-1.58256
-1.58301
-1.58195
-1.58119
-1.58013
-1.57983
-1.57877
-1.57651
-1.57787
-1.57877
-1.57815
-1.57814
-1.57875
-1.57906
-1.57968
-1.57984
-1.57909
-1.57954
-1.57953
-1.57937
-1.58072
-1.58042
-1.58103
-1.58058
-1.58119
-1.58012
-1.58073
-1.58103
-1.58028
-1.57877
-1.57922
-1.57922
-1.57801
-1.57846
-1.57847
-1.57862
-1.57878
-1.57847
-1.57922
-1.57922
-1.57817
-1.57833
-1.57999
-1.57968
-1.57968
-1.57907
-1.58043
-1.58058
-1.58225
-1.58255
-1.58149
-1.58042
-1.58163
-1.58253
-1.58223
-1.58254
-1.58285
-1.58209
-1.58179
-1.58149
-1.58058
-1.57952
-1.57861
-1.57831
-1.57816
-1.57802
-1.57726
-1.57666
-1.57469
-1.57423
-1.57514
-1.57636
-1.57758
-1.57848
-1.57788
-1.57772
-1.57832
-1.57831
-1.57816
-1.5774
-1.5765
-1.57741
-1.57802
-1.57862
-1.57817
-1.57801
-1.57907
-1.57952
-1.57998
-1.57998
-1.57968
-1.58014
-1.58059
-1.58104
-1.5824
-1.5827
-1.58316
-1.58331
-1.58331
-1.58437
-1.58407
-1.58513
-1.58436
-1.58405
-1.58451
-1.58452
-1.58422
-1.58362
-1.58393
-1.58302
-1.58211
-1.58135
-1.58135
-1.58029
-1.58044
-1.58044
-1.58075
-1.58091
-1.58031
-1.58045
-1.58044
-1.58028
-1.58058
-1.58089
-1.58105
-1.58121
-1.58
-1.58014
-1.58074
-1.58014
-1.58044
-1.57984
-1.5797
-1.57956
-1.5794
-1.57983
-1.58042
-1.58103
-1.58088
-1.58195
-1.58181
-1.58121
-1.58106
-1.58045
-1.5812
-1.58135
-1.58059
-1.58134
-1.58195
-1.5821
-1.5809
-1.5803
-1.58045
-1.5806
-1.58135
-1.58029
-1.58028
-1.58027
-1.57952
-1.57968
-1.58059
-1.58029
-1.57954
-1.57909
-1.57954
-1.5806
-1.58104
-1.58104
-1.58164
-1.5821
-1.58165
-1.58225
-1.58225
-1.58074
-1.58134
-1.5824
-1.58241
-1.58332
-1.58166
-1.58076
-1.58105
-1.58044
-1.57937
-1.57937
-1.57908
-1.58044
-1.58
-1.57956
-1.57971
-1.58062
-1.58106
-1.58135
-1.5812
-1.58015
-1.57879
-1.57895
-1.57834
-1.57772
-1.57817
-1.57743
-1.57774
-1.57819
-1.5785
-1.57834
-1.57682
-1.57772
-1.57893
-1.57939
-1.57819
-1.57804
-1.57743
-1.57622
-1.57592
-1.57562
-1.57592
-1.57728
-1.57894
-1.57924
-1.57863
-1.57893
-1.57847
-1.57938
-1.57878
-1.57878
-1.58029
-1.57878
-1.57955
-1.57971
-1.58062
-1.57987
-1.57956
-1.58016
-1.57954
-1.57863
-1.57847
-1.57726
-1.57832
-1.57817
-1.57954
-1.57984
-1.58166
-1.58106
-1.58016
-1.58076
-1.58136
-1.5806
-1.57938
-1.57938
-1.57954
-1.57894
-1.58015
-1.5797
-1.58136
-1.58165
-1.58135
-1.58059
-1.58105
-1.58226
-1.58257
-1.58257
-1.58076
-1.58106
-1.5803
-1.57968
-1.57923
-1.57969
-1.5794
-1.58061
-1.58031
-1.57985
-1.57939
-1.57849
-1.57789
-1.57956
-1.58015
-1.58089
-1.58088
-1.58044
-1.5803
-1.58046
-1.58061
-1.57971
-1.57971
-1.58047
-1.58001
-1.57955
-1.57984
-1.57984
-1.57939
-1.57909
-1.57909
-1.5797
-1.5788
-1.57774
-1.57789
-1.57774
-1.57864
-1.57744
-1.57789
-1.57819
-1.57879
-1.57925
-1.57925
-1.57834
-1.57849
-1.57834
-1.57955
-1.58076
-1.58151
-1.58136
-1.58045
-1.58136
-1.58166
-1.58167
-1.58152
-1.58092
-1.58061
-1.58091
-1.58151
-1.5812
-1.58165
-1.5815
-1.58045
-1.58076
-1.58031
-1.58016
-1.58031
-1.58031
-1.58047
-1.58108
-1.58107
-1.58046
-1.58059
-1.58105
-1.58137
-1.58243
-1.58288
-1.58212
-1.58167
-1.58243
-1.58153
-1.58152
-1.58152
-1.58121
-1.58196
-1.58166
-1.58152
-1.58258
-1.58198
-1.58243
-1.58364
-1.58394
-1.58334
-1.58228
-1.58106
-1.58166
-1.5812
-1.58059
-1.58044
-1.58166
-1.58122
-1.57986
-1.57956
-1.57986
-1.57895
-1.5794
-1.57865
-1.57941
-1.57896
-1.57865
-1.57865
-1.57789
-1.5785
-1.5788
-1.5794
-1.58015
-1.58091
-1.58136
-1.58167
-1.58183
-1.58167
-1.58152
-1.58273
-1.58182
-1.58182
-1.58137
-1.58015
-1.57849
-1.58015
-1.58166
-1.58121
-1.58122
-1.58092
-1.57986
-1.58061
-1.58077
-1.58001
-1.57925
-1.57835
-1.57925
-1.5791
-1.57759
-1.57714
-1.57789
-1.57864
-1.57925
-1.57911
-1.57942
-1.57927
-1.57942
-1.57865
-1.57925
-1.5785
-1.57896
-1.58062
-1.58107
-1.58031
-1.58121
-1.58228
-1.58304
-1.58349
-1.58364
-1.58348
-1.58408
-1.58454
-1.58288
-1.58348
-1.58227
-1.58166
-1.58106
-1.58077
-1.58152
-1.58167
-1.58182
-1.58273
-1.58136
-1.58197
-1.58272
-1.58333
-1.58318
-1.58288
-1.58349
-1.58364
-1.58424
-1.58439
-1.58529
-1.5862
-1.58619
-1.58529
-1.58423
-1.58453
-1.58333
-1.58243
-1.58168
-1.58243
-1.58242
-1.58242
-1.58303
-1.58288
-1.58409
-1.58258
-1.58182
-1.58197
-1.58167
-1.58303
-1.58242
-1.58257
-1.58227
-1.58258
-1.58258
-1.58183
-1.58168
-1.57957
-1.57987
-1.57866
-1.5803
-1.58015
-1.58062
-1.58033
-1.58093
-1.58122
-1.58122
-1.58182
-1.58122
-1.58198
-1.58349
-1.58349
-1.58303
-1.58197
-1.58257
-1.58211
-1.58166
-1.58151
-1.58227
-1.58106
-1.58136
-1.58137
-1.58152
-1.58213
-1.58228
-1.58258
-1.58227
-1.58258
-1.57956
-1.58017
-1.58062
-1.58137
-1.58182
-1.58273
-1.58273
-1.58197
-1.58303
-1.58379
-1.58455
-1.58545
-1.58484
-1.58529
-1.58635
-1.5862
-1.58681
-1.58681
-1.58651
-1.58606
-1.58742
-1.58651
-1.58712
-1.58591
-1.5856
-1.5859
-1.58574
-1.58423
-1.58438
-1.58378
-1.58499
-1.58454
-1.58349
-1.58469
-1.58439
