-5.25748
-5.25815
-5.25913
-5.26173
-5.2653
-5.27048
-5.27437
-5.27437
-5.2789
-5.28213
-5.28569
-5.28471
-5.28601
-5.28633
-5.28601
-5.28212
-5.28244
-5.2805
-5.27726
-5.27693
-5.27434
-5.27337
-5.27045
-5.27046
-5.27078
-5.27046
-5.26884
-5.27046
-5.27111
-5.27046
-5.27176
-5.27144
-5.27144
-5.26982
-5.26852
-5.26755
-5.2669
-5.26819
-5.26528
-5.26592
-5.26495
-5.26495
-5.26333
-5.26204
-5.26366
-5.26302
-5.26496
-5.26561
-5.26593
-5.26593
-5.26625
-5.26561
-5.26723
-5.26885
-5.27079
-5.26917
-5.26884
-5.26949
-5.2682
-5.26884
-5.26755
-5.2682
-5.2682
-5.2682
-5.26755
-5.26529
-5.26626
-5.26561
-5.26367
-5.26431
-5.26593
-5.26528
-5.26593
-5.2669
-5.26626
-5.26496
-5.26464
-5.26334
-5.26269
-5.26302
-5.26431
-5.26302
-5.26334
-5.26561
-5.26626
-5.26723
-5.26787
-5.2682
-5.2669
-5.26852
-5.26787
-5.26852
-5.27111
-5.26982
-5.27014
-5.27111
-5.27014
-5.27241
-5.27241
-5.27014
-5.26982
-5.26917
-5.26982
-5.27047
-5.27014
-5.26982
-5.26885
-5.26884
-5.26787
-5.26657
-5.26657
-5.26689
-5.26495
-5.26107
-5.25945
-5.2588
-5.2588
-5.2601
-5.25815
-5.25751
-5.25686
-5.25977
-5.26172
-5.26301
-5.26301
-5.26301
-5.26236
-5.26463
-5.26495
-5.26528
-5.26625
-5.26819
-5.26722
-5.26884
-5.26884
-5.26722
-5.26722
-5.26852
-5.27175
-5.27175
-5.27078
-5.27013
-5.27078
-5.27046
-5.27013
-5.26981
-5.27013
-5.26949
-5.26949
-5.26625
-5.26495
-5.26463
-5.26463
-5.26366
-5.26301
-5.26366
-5.26495
-5.26625
-5.26916
-5.26981
-5.27046
-5.26819
-5.26819
-5.26819
-5.2669
-5.26625
-5.2669
-5.26657
-5.26852
-5.26916
-5.26787
-5.26625
-5.26431
-5.26269
-5.26204
-5.26204
-5.26301
-5.26333
-5.2643
-5.26463
-5.2643
-5.26527
-5.26689
-5.26722
-5.26851
-5.26851
-5.27013
-5.26883
-5.26851
-5.27078
-5.27337
-5.27207
-5.27272
-5.27045
-5.26689
-5.26851
-5.26722
-5.26948
-5.26916
-5.26787
-5.26787
-5.26722
-5.26722
-5.2656
-5.26527
-5.26398
-5.26203
-5.26268
-5.26268
-5.2643
-5.2643
-5.26495
-5.26527
-5.26657
-5.2669
-5.2656
-5.26528
-5.26884
-5.26981
-5.27046
-5.27046
-5.26916
-5.27013
-5.26981
-5.26851
-5.2669
-5.26787
-5.26851
-5.26689
-5.26657
-5.26916
-5.26981
-5.27046
-5.27078
-5.27046
-5.27046
-5.27143
-5.27111
-5.26916
-5.27111
-5.2737
-5.27175
-5.26949
-5.27078
-5.26981
-5.26884
-5.26787
-5.26658
-5.26852
-5.26949
-5.27046
-5.26949
-5.26884
-5.26755
-5.26787
-5.26787
-5.26722
-5.26884
-5.26916
-5.26949
-5.26949
-5.26722
-5.26787
-5.2669
-5.26625
-5.2656
-5.26755
-5.26593
-5.26722
-5.26884
-5.26819
-5.26755
-5.26528
-5.26722
-5.2669
-5.26722
-5.26787
-5.26981
-5.26884
-5.26981
-5.27143
-5.27175
-5.26949
-5.26982
-5.27241
-5.27176
-5.26949
-5.27046
-5.26917
-5.26981
-5.26917
-5.27046
-5.27014
-5.27014
-5.27046
-5.2669
-5.26657
-5.26625
-5.26851
-5.27013
-5.27013
-5.26916
-5.26981
-5.26916
-5.27078
-5.2711
-5.27078
-5.2711
-5.27175
-5.2724
-5.27143
-5.27111
-5.27175
-5.27111
-5.26819
-5.26851
-5.26884
-5.26981
-5.26884
-5.26883
-5.2698
-5.27013
-5.26916
-5.26818
-5.26786
-5.26786
-5.26786
-5.26883
-5.26786
-5.26851
-5.26981
-5.27013
-5.27046
-5.26851
-5.26883
-5.26883
-5.26948
-5.26754
-5.26754
-5.26527
-5.26527
-5.26559
-5.2643
-5.26365
-5.263
-5.26332
-5.26429
-5.26527
-5.26559
-5.26527
-5.26753
-5.26786
-5.26689
-5.26786
-5.26786
-5.26948
-5.26948
-5.27304
-5.27078
-5.2711
-5.27078
-5.26948
-5.26883
-5.26624
-5.26624
-5.26689
-5.26657
-5.26819
-5.26916
-5.26883
-5.26948
-5.26981
-5.26819
-5.26916
-5.26658
-5.26528
-5.26399
-5.26366
-5.26431
-5.26528
-5.26366
-5.26592
-5.26625
-5.26528
-5.26916
-5.26722
-5.26722
-5.2669
-5.26593
-5.26657
-5.26657
-5.26787
-5.26722
-5.2669
-5.26657
-5.26722
-5.26593
-5.2669
-5.2669
-5.2669
-5.26787
-5.26754
-5.26722
-5.26787
-5.2669
-5.26852
-5.26852
-5.26949
-5.27046
-5.27338
-5.27305
-5.27338
-5.27273
-5.27176
-5.26949
-5.26755
-5.26593
-5.2656
-5.2656
-5.26658
-5.26593
-5.26302
-5.26269
-5.26205
-5.26172
-5.26269
-5.26463
-5.26593
-5.26658
-5.2682
-5.26819
-5.26852
-5.26852
-5.26787
-5.27079
-5.26949
-5.26787
-5.26852
-5.26657
-5.26528
-5.26463
-5.26463
-5.26366
-5.26366
-5.26269
-5.26139
-5.26139
-5.26107
-5.26171
-5.26333
-5.2656
-5.26884
-5.26787
-5.26851
-5.26689
-5.26592
-5.26851
-5.26916
-5.26754
-5.26819
-5.26851
-5.26722
-5.26819
-5.26689
-5.26819
-5.26949
-5.26884
-5.26884
-5.27013
-5.26981
-5.27045
-5.27013
-5.27013
-5.26884
-5.26884
-5.2711
-5.27208
-5.27078
-5.26981
-5.26981
-5.2669
-5.26819
-5.26819
-5.27078
-5.27014
-5.27014
-5.27175
-5.27111
-5.27111
-5.27111
-5.27078
-5.27338
-5.2724
-5.27046
-5.26949
-5.27143
-5.27046
-5.26917
-5.26625
-5.2656
-5.2669
-5.2656
-5.26399
-5.26399
-5.26431
-5.2656
-5.26625
-5.26593
-5.26787
-5.26657
-5.26625
-5.26819
-5.26819
-5.2669
-5.26787
-5.26755
-5.26917
-5.27046
-5.26852
-5.27143
-5.26981
-5.26657
-5.26722
-5.2669
-5.26625
-5.26722
-5.26755
-5.26949
-5.26884
-5.26884
-5.26884
-5.26852
-5.27176
-5.27338
-5.27078
-5.27143
-5.27014
-5.27078
-5.27014
-5.27014
-5.27014
-5.27046
-5.26884
-5.26949
-5.27014
-5.27046
-5.26981
-5.26981
-5.26819
-5.26657
-5.26657
-5.26916
-5.27111
-5.27013
-5.27078
-5.27046
-5.27175
-5.27078
-5.26884
-5.26949
-5.26981
-5.27014
-5.27078
-5.27014
-5.26852
-5.26625
-5.26593
-5.26657
-5.26755
-5.26819
-5.26884
-5.26852
-5.26949
-5.26917
-5.27079
-5.27046
-5.26982
-5.26949
-5.26755
-5.26658
-5.26755
-5.26658
-5.26755
-5.26593
-5.26528
-5.26722
-5.26528
-5.26463
-5.26528
-5.26366
-5.2656
-5.26496
-5.26463
-5.26561
-5.26529
-5.26464
-5.26658
-5.26755
-5.2682
-5.26755
-5.26852
-5.26884
-5.26917
-5.26819
-5.26722
-5.26852
-5.26787
-5.26917
-5.26884
-5.26917
-5.27176
-5.26852
-5.26917
-5.26982
-5.27079
-5.26852
-5.27111
-5.27014
-5.27046
-5.27208
-5.2737
-5.27111
-5.27014
-5.26884
-5.26917
-5.26852
-5.26593
-5.26399
-5.26463
-5.26463
-5.26431
-5.26399
-5.26399
-5.26399
-5.26528
-5.26496
-5.26496
-5.26625
-5.26723
-5.26852
-5.26723
-5.26528
-5.26334
-5.26496
-5.26593
-5.2669
-5.26787
-5.2669
-5.2669
-5.26787
-5.26884
-5.26884
-5.2682
-5.2682
-5.2682
-5.26787
-5.26949
-5.27047
-5.26949
-5.26982
-5.26917
-5.26982
-5.27047
-5.26723
-5.26755
-5.26561
-5.26496
-5.26399
-5.26205
-5.2614
-5.26204
-5.26172
-5.26302
-5.2614
-5.26205
-5.26334
-5.26561
-5.26561
-5.26431
-5.26561
-5.26561
-5.26528
-5.26722
-5.26852
-5.26852
-5.26755
-5.26722
-5.2669
-5.26463
-5.26722
-5.26884
-5.2669
-5.26625
-5.26723
-5.26626
-5.26885
-5.27079
-5.27014
-5.2695
-5.27079
-5.27079
-5.26982
-5.26982
-5.26755
-5.26593
-5.26755
-5.26917
-5.2669
-5.26852
-5.26852
-5.26755
-5.2669
-5.26691
-5.26561
-5.26497
-5.26659
-5.26691
-5.2695
-5.26885
-5.26626
-5.26464
-5.26431
-5.26528
-5.26593
-5.26722
-5.26819
-5.2669
-5.26593
-5.26496
-5.26431
-5.26885
-5.2682
-5.26723
-5.26982
-5.27047
-5.26852
-5.26788
-5.26885
-5.26885
-5.26788
-5.26755
-5.26788
-5.26788
-5.26755
-5.26496
-5.26334
-5.26301
-5.26334
-5.26366
-5.26722
-5.27111
-5.26949
-5.26885
-5.2682
-5.26658
-5.26529
-5.26658
-5.26658
-5.26691
-5.26723
-5.26626
-5.26787
-5.26658
-5.26852
-5.26723
-5.2682
-5.26787
-5.26658
-5.26852
-5.27014
-5.26982
-5.26853
-5.26853
-5.26885
-5.2695
-5.26691
-5.26723
-5.26691
-5.26561
-5.26529
-5.26496
-5.26626
-5.26787
-5.26755
-5.2682
-5.2669
-5.26755
-5.26658
-5.2669
-5.26626
-5.26561
-5.26658
-5.26723
-5.26723
-5.26723
-5.26593
-5.26593
-5.26464
-5.26367
-5.26496
-5.26593
-5.26561
-5.26529
-5.26658
-5.26626
-5.26529
-5.26529
-5.26205
-5.26366
-5.26496
-5.26464
-5.26431
-5.26432
-5.26205
-5.26334
-5.26399
-5.26529
-5.26561
-5.26593
-5.2669
-5.26723
-5.26691
-5.2682
-5.26949
-5.27014
-5.26917
-5.26787
-5.26625
-5.26528
-5.26755
-5.26625
-5.26658
-5.26819
-5.2682
-5.2682
-5.26885
-5.26982
-5.27014
-5.26949
-5.26982
-5.26722
-5.26852
-5.26852
-5.26722
-5.26722
-5.26819
-5.26852
-5.27111
-5.27241
-5.27273
-5.27273
-5.2737
-5.27144
-5.2682
-5.26723
-5.26496
-5.26529
-5.26464
-5.26529
-5.26464
-5.26755
-5.26658
-5.26723
-5.26496
-5.26496
-5.26399
-5.26237
-5.26237
-5.26496
-5.26755
-5.26949
-5.26852
-5.26982
-5.26982
-5.26852
-5.26884
-5.26723
-5.2669
-5.26755
-5.26658
-5.26755
-5.26658
-5.2669
-5.2682
-5.2669
-5.26723
-5.26625
-5.26528
-5.26464
-5.26399
-5.26431
-5.26399
-5.26334
-5.26399
-5.26399
-5.26301
-5.26107
-5.26172
-5.26366
-5.26269
-5.26074
-5.26301
-5.26463
-5.26366
-5.26107
-5.26204
-5.26269
-5.26204
-5.26431
-5.26495
-5.26593
-5.26625
-5.26787
-5.26819
-5.26916
-5.26981
-5.26754
-5.2669
-5.26852
-5.26852
-5.26754
-5.26884
-5.27078
-5.26981
-5.27143
-5.27078
-5.27175
-5.26949
-5.26949
-5.27046
-5.26981
-5.26916
-5.26884
-5.26819
-5.26689
-5.26754
-5.26657
-5.26754
-5.26689
-5.26754
-5.26657
-5.26721
-5.26689
-5.26722
-5.26819
-5.26722
-5.26657
-5.26689
-5.26754
-5.26916
-5.26689
-5.26689
-5.26689
-5.26657
-5.26689
-5.26721
-5.26495
-5.26463
-5.26463
-5.26527
-5.26754
-5.26883
-5.26754
-5.26689
-5.26851
-5.27013
-5.27078
-5.27142
-5.27337
-5.27304
-5.2766
-5.27434
-5.27369
-5.27434
-5.27434
-5.27369
-5.27531
-5.27564
-5.27402
-5.2724
-5.27175
-5.2711
-5.27175
-5.26948
-5.26786
-5.26754
-5.26786
-5.27078
-5.26884
-5.26722
-5.26592
-5.26689
-5.26463
-5.26495
-5.26366
-5.26236
-5.26366
-5.26463
-5.26366
-5.26463
-5.87036
-5.87101
-5.86777
-5.86971
-5.86841
-5.86776
-5.86679
-5.86711
-5.86711
-5.86873
-5.86873
-5.86776
-5.86744
-5.86712
-5.86809
-5.86712
-5.86809
-5.86777
-5.86647
-5.86712
-5.86939
-5.86809
-5.86842
-5.86874
-5.86712
-5.86777
-5.86518
-5.86615
-5.86518
-5.86615
-5.8642
-5.86517
-5.86679
-5.86809
-5.86809
-5.86906
-5.87003
-5.86939
-5.86809
-5.86745
-5.86648
-5.86939
-5.86907
-5.86939
-5.87133
-5.87133
-5.87101
-5.87295
-5.87101
-5.87003
-5.86518
-5.86388
-5.86485
-5.86485
-5.8655
-5.86583
-5.86583
-5.86583
-5.86551
-5.86357
-5.86616
-5.86745
-5.86907
-5.86713
-5.8694
-5.86907
-5.86875
-5.86971
-5.86874
-5.86777
-5.86615
-5.86583
-5.86583
-5.86551
-5.86648
-5.86519
-5.86584
-5.86811
-5.86778
-5.86811
-5.86875
-5.86972
-5.86843
-5.86843
-5.86973
-5.87102
-5.87038
-5.86973
-5.87038
-5.87297
-5.87265
-5.87071
-5.87103
-5.872
-5.8707
-5.86972
-5.87069
-5.87069
-5.8694
-5.86843
-5.86973
-5.86908
-5.8694
-5.86941
-5.86779
-5.86714
-5.86779
-5.86941
-5.86908
-5.87038
-5.86811
-5.86908
-5.86843
-5.86941
-5.86585
-5.86584
-5.86455
-5.86358
-5.8626
-5.86293
-5.8626
-5.8639
-5.86584
-5.86778
-5.86778
-5.86843
-5.86746
-5.8694
-5.86908
-5.86973
-5.8694
-5.86875
-5.86907
-5.86972
-5.86972
-5.87004
-5.86874
-5.8681
-5.86875
-5.87036
-5.87069
-5.87004
-5.87166
-5.87134
-5.87167
-5.87102
-5.87102
-5.8694
-5.86778
-5.86681
-5.86583
-5.86745
-5.86681
-5.86745
-5.86648
-5.86486
-5.86648
-5.86584
-5.86778
-5.86843
-5.86454
-5.86487
-5.86519
-5.86745
-5.87037
-5.86907
-5.87037
-5.86972
-5.87134
-5.86972
-5.87102
-5.87037
-5.86843
-5.86876
-5.86681
-5.86778
-5.86843
-5.86973
-5.87102
-5.87102
-5.8707
-5.86908
-5.8694
-5.87004
-5.86972
-5.87134
-5.87069
-5.87134
-5.87134
-5.87102
-5.87037
-5.87037
-5.87102
-5.87005
-5.8694
-5.86843
-5.86714
-5.86714
-5.86811
-5.86649
-5.86552
-5.86455
-5.86552
-5.86746
-5.86875
-5.8694
-5.87231
-5.87102
-5.87264
-5.8707
-5.86876
-5.8694
-5.87037
-5.86746
-5.86778
-5.86778
-5.86778
-5.86875
-5.86843
-5.8707
-5.87037
-5.8707
-5.86778
-5.86714
-5.86649
-5.86584
-5.86649
-5.86746
-5.86843
-5.86908
-5.86746
-5.86811
-5.8694
-5.8694
-5.86811
-5.86876
-5.8694
-5.86973
-5.86778
-5.86584
-5.86552
-5.86519
-5.86454
-5.86487
-5.86519
-5.86519
-5.86487
-5.86552
-5.86649
-5.86714
-5.86811
-5.86714
-5.86778
-5.86616
-5.86487
-5.86552
-5.86584
-5.86778
-5.86811
-5.8694
-5.86876
-5.8707
-5.87394
-5.87394
-5.87329
-5.87264
-5.87037
-5.8694
-5.86941
-5.86908
-5.86876
-5.87135
-5.87135
-5.86843
-5.86779
-5.86649
-5.86584
-5.86617
-5.86487
-5.86358
-5.8626
-5.8652
-5.86455
-5.86357
-5.86487
-5.86487
-5.86487
-5.86422
-5.86616
-5.86746
-5.86908
-5.86875
-5.86908
-5.86875
-5.8694
-5.87037
-5.87167
-5.87231
-5.87167
-5.87069
-5.87069
-5.87004
-5.87134
-5.87166
-5.87102
-5.87037
-5.87296
-5.86972
-5.87102
-5.86907
-5.86746
-5.86778
-5.86681
-5.86907
-5.86843
-5.8694
-5.86842
-5.87004
-5.8681
-5.86843
-5.86681
-5.86487
-5.86454
-5.86584
-5.86681
-5.86746
-5.86584
-5.86584
-5.86681
-5.86584
-5.86616
-5.86454
-5.8626
-5.86422
-5.86163
-5.86357
-5.86195
-5.86325
-5.8639
-5.86649
-5.86746
-5.86714
-5.86843
-5.86973
-5.8707
-5.8694
-5.86908
-5.8694
-5.87102
-5.86941
-5.86779
-5.87038
-5.8694
-5.8694
-5.8694
-5.8694
-5.87005
-5.86908
-5.86746
-5.86908
-5.86811
-5.8707
-5.86876
-5.8707
-5.87038
-5.86876
-5.86682
-5.86714
-5.86617
-5.86422
-5.8626
-5.86228
-5.86325
-5.86552
-5.86617
-5.86682
-5.86714
-5.86779
-5.86811
-5.86779
-5.86876
-5.8694
-5.86811
-5.87005
-5.87426
-5.87394
-5.87459
-5.87491
-5.87427
-5.87232
-5.87038
-5.8707
-5.87135
-5.86617
-5.86779
-5.86843
-5.86778
-5.86746
-5.86584
-5.86455
-5.86584
-5.86552
-5.86228
-5.86099
-5.86034
-5.85937
-5.86066
-5.86034
-5.86228
-5.86163
-5.86261
-5.86261
-5.86325
-5.86358
-5.8652
-5.86585
-5.86617
-5.8652
-5.86488
-5.86649
-5.86746
-5.8694
-5.86973
-5.86908
-5.87005
-5.87232
-5.87037
-5.87199
-5.87102
-5.87005
-5.87135
-5.87199
-5.8707
-5.87102
-5.8707
-5.87103
-5.872
-5.87006
-5.87265
-5.87361
-5.8707
-5.87005
-5.86746
-5.86584
-5.8626
-5.86584
-5.86552
-5.86487
-5.86357
-5.86455
-5.86487
-5.8652
-5.86649
-5.86747
-5.86908
-5.86941
-5.87167
-5.87103
-5.872
-5.87264
-5.87265
-5.87167
-5.87167
-5.86843
-5.86973
-5.8707
-5.87102
-5.87135
-5.87264
-5.86973
-5.87038
-5.86682
-5.86843
-5.86843
-5.86811
-5.86617
-5.86552
-5.86455
-5.86423
-5.86488
-5.86488
-5.86617
-5.86779
-5.87102
-5.87102
-5.8694
-5.86811
-5.86778
-5.86714
-5.86746
-5.86617
-5.86584
-5.86584
-5.86519
-5.86293
-5.86293
-5.86131
-5.86164
-5.86423
-5.86391
-5.86553
-5.86715
-5.86682
-5.86747
-5.86812
-5.86876
-5.86973
-5.87006
-5.87265
-5.87233
-5.872
-5.87233
-5.87233
-5.87135
-5.87103
-5.872
-5.87168
-5.87136
-5.87265
-5.86909
-5.87103
-5.86877
-5.86877
-5.86779
-5.86779
-5.86618
-5.86488
-5.86682
-5.86553
-5.86585
-5.86618
-5.86715
-5.86747
-5.86715
-5.86844
-5.86844
-5.86876
-5.86876
-5.86844
-5.86811
-5.86876
-5.86812
-5.86683
-5.86683
-5.86618
-5.86747
-5.86715
-5.86456
-5.86391
-5.86358
-5.86326
-5.86391
-5.86391
-5.86358
-5.86358
-5.86358
-5.86423
-5.86261
-5.86293
-5.86423
-5.86391
-5.86488
-5.86553
-5.86747
-5.86747
-5.86941
-5.86941
-5.87038
-5.86909
-5.86779
-5.8665
-5.8665
-5.86618
-5.8665
-5.86909
-5.87168
-5.87071
-5.87006
-5.87136
-5.86974
-5.86941
-5.86909
-5.86812
-5.86618
-5.86812
-5.8678
-5.86844
-5.86747
-5.86585
-5.86552
-5.86455
-5.86293
-5.86293
-5.86617
-5.86585
-5.86747
-5.86715
-5.86877
-5.86747
-5.86683
-5.86715
-5.86812
-5.86779
-5.86715
-5.86941
-5.86812
-5.86779
-5.86682
-5.86715
-5.86812
-5.86683
-5.86618
-5.8665
-5.86359
-5.86456
-5.86391
-5.86521
-5.86747
-5.86715
-5.86845
-5.86618
-5.86554
-5.86586
-5.86715
-5.86683
-5.8678
-5.8678
-5.8678
-5.86942
-5.86974
-5.87136
-5.87072
-5.86975
-5.86975
-5.8678
-5.86942
-5.86877
-5.86748
-5.86942
-5.87201
-5.87201
-5.87137
-5.86975
-5.87072
-5.86942
-5.86781
-5.86651
-5.86748
-5.86846
-5.86684
-5.86911
-5.86587
-5.86684
-5.86716
-5.86749
-5.86878
-5.86652
-5.86587
-5.8649
-5.86457
-5.8636
-5.86198
-5.86457
-5.86587
-5.86619
-5.86652
-5.86716
-5.86749
-5.86846
-5.86781
-5.86846
-5.86975
-5.86781
-5.86943
-5.87072
-5.86943
-5.86942
-5.8691
-5.86813
-5.86651
-5.86489
-5.86522
-5.86458
-5.86458
-5.86555
-5.8662
-5.86814
-5.87106
-5.873
-5.87202
-5.87105
-5.87105
-5.87007
-5.87169
-5.87234
-5.86976
-5.86782
-5.86911
-5.86976
-5.86976
-5.87008
-5.8691
-5.86749
-5.86684
-5.86813
-5.86684
-5.86716
-5.86684
-5.86846
-5.86749
-5.86814
-5.86911
-5.87106
-5.87235
-5.87105
-5.87105
-5.87137
-5.86911
-5.87008
-5.87137
-5.87072
-5.8691
-5.8704
-5.86943
-5.86943
-5.8704
-5.8704
-5.86976
-5.86846
-5.86814
-5.86782
-5.86943
-5.86749
-5.86781
-5.86878
-5.86814
-5.86781
-5.86684
-5.86651
-5.86846
-5.87008
-5.86846
-5.87008
-5.86912
-5.87268
-5.87041
-5.87009
-5.87073
-5.86976
-5.87105
-5.87041
-5.86911
-5.86781
-5.86749
-5.86782
-5.87009
-5.87009
-5.87171
-5.87171
-5.87106
-5.87042
-5.86879
-5.87106
-5.87138
-5.86976
-5.87073
-5.87106
-5.873
-5.87009
-5.87041
-5.87074
-5.87268
-5.87106
-5.87106
-5.87171
-5.87203
-5.87203
-5.87203
-5.8743
-5.87397
-5.87041
-5.87009
-5.87073
-5.87073
-5.86976
-5.87041
-5.86944
-5.86911
-5.86815
-5.8688
-5.86815
-5.8688
-5.86977
-5.86977
-5.86977
-5.87009
-5.87139
-5.86847
-5.86879
-5.86879
-5.8675
-5.86847
-5.87009
-5.86944
-5.86912
-5.86718
-5.86588
-5.86459
-5.8662
-5.8688
-5.86718
-5.86524
-5.86394
-5.86459
-5.86556
-5.86556
-5.86459
-5.86426
-5.86329
-5.86426
-5.86361
-5.86555
-5.86458
-5.8649
-5.8662
-5.86491
-5.8675
-5.86653
-5.86362
-5.86459
-5.86588
-5.8675
-5.8675
-5.86945
-5.86783
-5.8688
-5.86815
-5.86815
-5.86782
-5.86879
-5.87203
-5.86879
-5.87235
-5.87106
-5.86912
-5.87074
-5.87041
-5.87041
-5.87042
-5.86977
-5.86944
-5.87009
-5.87106
-5.86977
-5.86977
-5.86879
-5.86717
-5.86588
-5.86459
-5.862
-5.862
-5.86362
-5.86394
-5.86232
-5.86491
-5.86426
-5.86459
-5.86297
-5.86491
-5.8662
-5.86815
-5.86944
-5.86977
-5.87009
-5.86847
-5.86685
-5.86459
-5.86491
-5.86588
-5.86555
-5.86393
-5.86588
-5.86361
-5.86361
-5.86134
-5.86394
-5.86523
-5.86718
-5.86718
-5.86815
-5.86621
-5.86653
-5.86491
-5.86783
-5.86782
-5.86847
-5.87106
-5.87139
-5.87106
-5.87042
-5.87204
-5.87204
-5.87268
-5.87171
-5.87236
-5.87171
-5.87041
-5.87171
-5.87138
-5.86912
-5.8688
-5.86815
-5.86718
-5.86654
-5.86557
-5.86719
-5.86783
-5.86686
-5.8675
-5.86588
-5.86653
-5.86588
-5.86425
-5.86652
-5.86782
-5.86491
-5.86362
-5.86394
-5.86492
-5.86589
-5.86719
-5.86621
-5.86718
-5.86815
-5.86912
-5.86751
-5.86945
-5.87171
-5.87139
-5.87042
-5.86815
-5.8675
-5.87009
-5.86977
-5.8688
-5.87074
-5.87107
-5.86977
-5.86654
-5.8688
-5.86783
-5.86459
-5.86524
-5.86557
-5.86524
-5.86459
-5.86427
-5.86492
-5.86459
-5.86556
-5.86459
-5.86297
-5.86492
-5.86622
-5.86492
-5.86557
-5.86654
-5.8659
-5.86686
-5.86621
-5.86686
-5.86589
-5.86459
-5.86524
-5.86621
-5.86622
-5.86621
-5.86622
-5.86492
-5.86395
-5.86427
-5.86524
-5.86524
-5.86297
-5.86589
-5.86654
-5.86524
-5.86718
-5.86783
-5.86783
-5.86718
-5.86751
-5.86816
-5.86783
-5.86816
-5.86816
-5.86718
-5.86816
-5.86945
-5.86719
-5.66106
-5.65977
-5.65815
-5.65685
-5.65588
-5.65491
-5.65459
-5.65491
-5.65459
-5.65555
-5.6562
-5.65782
-5.65588
-5.65394
-5.65232
-5.6507
-5.65071
-5.65103
-5.65135
-5.65103
-5.65297
-5.65265
-5.65394
-5.65394
-5.65361
-5.65523
-5.65458
-5.65588
-5.65653
-5.65718
-5.6575
-5.65685
-5.65686
-5.65912
-5.6588
-5.66074
-5.65912
-5.66074
-5.66042
-5.66139
-5.66074
-5.66074
-5.66107
-5.66204
-5.66042
-5.65945
-5.6601
-5.66042
-5.6588
-5.6575
-5.65782
-5.65653
-5.65588
-5.6562
-5.65749
-5.65652
-5.65814
-5.65814
-5.65847
-5.65847
-5.65847
-5.6575
-5.65848
-5.6588
-5.6588
-5.65944
-5.66041
-5.66074
-5.66074
-5.65879
-5.65976
-5.65912
-5.65976
-5.66073
-5.66009
-5.65782
-5.65847
-5.65814
-5.65944
-5.66009
-5.66138
-5.65944
-5.6575
-5.65685
-5.65588
-5.65782
-5.65814
-5.65879
-5.65911
-5.65976
-5.65846
-5.65717
-5.65782
-5.65879
-5.66008
-5.65749
-5.65749
-5.65814
-5.65814
-5.65749
-5.65717
-5.65781
-5.65911
-5.66008
-5.6604
-5.66105
-5.66072
-5.66137
-5.66137
-5.66072
-5.65878
-5.65943
-5.65976
-5.66073
-5.65879
-5.65911
-5.65976
-5.66202
-5.66105
-5.66234
-5.6604
-5.65943
-5.65813
-5.65716
-5.65393
-5.65361
-5.65296
-5.65231
-5.65328
-5.65036
-5.65134
-5.65134
-5.6536
-5.6562
-5.65652
-5.6549
-5.65522
-5.6549
-5.65425
-5.6536
-5.65652
-5.65684
-5.65717
-5.65652
-5.65717
-5.65716
-5.65813
-5.65684
-5.65684
-5.65684
-5.65781
-5.65845
-5.65878
-5.65651
-5.65555
-5.65522
-5.65587
-5.65555
-5.65555
-5.65749
-5.65717
-5.65555
-5.65716
-5.65619
-5.65813
-5.65554
-5.65781
-5.65975
-5.65943
-5.66008
-5.66008
-5.65943
-5.65911
-5.65814
-5.65684
-5.65814
-5.65684
-5.65587
-5.65684
-5.65522
-5.65425
-5.65295
-5.65619
-5.65651
-5.65716
-5.65619
-5.65587
-5.65619
-5.66267
-5.66169
-5.66072
-5.6604
-5.66104
-5.66137
-5.66202
-5.66202
-5.65975
-5.6604
-5.65975
-5.65846
-5.65846
-5.65749
-5.65555
-5.65393
-5.65295
-5.65263
-5.65295
-5.65424
-5.65489
-5.65489
-5.65424
-5.65554
-5.65683
-5.65489
-5.6549
-5.65619
-5.65555
-5.65522
-5.65619
-5.65522
-5.65781
-5.65781
-5.65845
-5.65716
-5.65748
-5.65619
-5.65619
-5.65716
-5.65586
-5.65521
-5.65424
-5.65424
-5.65489
-5.65392
-5.65489
-5.65587
-5.65489
-5.6536
-5.65424
-5.65456
-5.65586
-5.65554
-5.65489
-5.65684
-5.66008
-5.65943
-5.65716
-5.65716
-5.65684
-5.65684
-5.65749
-5.65911
-5.66073
-5.65911
-5.65781
-5.65781
-5.65651
-5.65878
-5.65878
-5.66104
-5.66072
-5.65942
-5.6578
-5.65716
-5.65878
-5.65781
-5.65555
-5.65716
-5.65814
-5.65749
-5.65684
-5.65813
-5.6578
-5.66007
-5.65942
-5.65715
-5.6578
-5.65845
-5.65651
-5.65586
-5.65587
-5.65684
-5.65748
-5.65748
-5.65716
-5.65845
-5.65877
-5.6578
-5.65715
-5.65877
-5.65716
-5.65489
-5.65489
-5.65521
-5.65651
-5.65845
-5.65715
-5.65715
-5.65586
-5.65521
-5.6565
-5.6565
-5.65683
-5.65683
-5.65845
-5.65845
-5.65683
-5.65878
-5.6604
-5.66105
-5.66298
-5.65942
-5.66007
-5.66007
-5.6578
-5.65683
-5.65651
-5.65716
-5.65683
-5.65683
-5.6578
-5.6591
-5.65878
-5.65716
-5.65587
-5.65684
-5.65716
-5.65716
-5.65877
-5.65812
-5.6578
-5.6578
-5.65877
-5.65877
-5.65812
-5.6591
-5.6604
-5.66105
-5.66332
-5.66137
-5.65878
-5.66137
-5.66072
-5.66201
-5.66007
-5.66007
-5.65812
-5.65554
-5.65554
-5.65845
-5.65716
-5.65586
-5.65586
-5.65554
-5.65554
-5.65683
-5.6578
-5.65878
-5.65716
-5.65845
-5.65943
-5.65846
-5.65457
-5.65716
-5.65652
-5.65813
-5.65878
-5.66105
-5.66072
-5.65975
-5.65878
-5.65878
-5.65845
-5.65683
-5.65748
-5.65878
-5.65845
-5.65716
-5.65586
-5.65781
-5.65716
-5.65587
-5.65587
-5.65522
-5.65587
-5.65749
-5.65814
-5.65684
-5.65554
-5.65587
-5.65684
-5.65781
-5.65781
-5.65781
-5.65813
-5.65813
-5.65911
-5.65878
-5.65943
-5.65878
-5.65813
-5.65684
-5.65652
-5.65749
-5.65684
-5.65847
-5.65782
-5.65847
-5.65782
-5.66009
-5.66074
-5.66171
-5.66235
-5.66268
-5.65976
-5.65976
-5.65685
-5.65555
-5.65523
-5.65393
-5.6549
-5.65426
-5.65653
-5.65717
-5.66041
-5.65782
-5.65879
-5.65814
-5.65782
-5.65588
-5.6562
-5.65749
-5.65782
-5.65782
-5.65976
-5.66106
-5.663
-5.66333
-5.66268
-5.66268
-5.66333
-5.66397
-5.66332
-5.66235
-5.6643
-5.66397
-5.663
-5.66267
-5.66235
-5.66106
-5.65944
-5.66041
-5.66138
-5.66041
-5.65912
-5.65879
-5.65879
-5.65782
-5.65814
-5.6575
-5.6575
-5.65782
-5.65749
-5.65782
-5.65749
-5.6562
-5.65846
-5.65879
-5.65879
-5.65749
-5.65814
-5.65846
-5.65814
-5.6575
-5.65685
-5.65717
-5.6562
-5.65491
-5.65458
-5.65782
-5.65749
-5.65587
-5.65684
-5.65619
-5.65522
-5.65555
-5.65523
-5.65782
-5.65879
-5.6588
-5.65815
-5.6588
-5.65912
-5.66074
-5.6588
-5.65912
-5.65944
-5.65815
-5.65653
-5.65944
-5.66074
-5.65814
-5.65944
-5.66106
-5.66008
-5.65911
-5.65847
-5.65912
-5.65977
-5.6588
-5.65977
-5.6601
-5.65977
-5.65912
-5.65977
-5.65944
-5.65912
-5.65653
-5.65686
-5.65686
-5.65783
-5.65621
-5.65589
-5.65492
-5.65492
-5.65459
-5.65394
-5.65038
-5.65362
-5.65589
-5.65621
-5.65783
-5.65815
-5.65848
-5.65686
-5.65783
-5.65945
-5.65881
-5.65978
-5.66043
-5.6614
-5.66075
-5.65978
-5.65946
-5.65978
-5.65978
-5.65783
-5.65686
-5.65524
-5.65621
-5.65654
-5.65751
-5.65557
-5.65459
-5.65654
-5.65654
-5.65881
-5.65848
-5.65751
-5.65752
-5.65752
-5.65946
-5.65978
-5.66043
-5.6601
-5.66075
-5.6601
-5.66042
-5.66237
-5.6601
-5.66107
-5.65945
-5.65946
-5.6614
-5.66108
-5.65946
-5.65978
-5.6601
-5.65881
-5.65978
-5.65913
-5.65945
-5.65977
-5.6588
-5.6601
-5.66399
-5.66367
-5.66334
-5.66237
-5.66172
-5.66205
-5.6614
-5.66108
-5.66075
-5.65946
-5.65784
-5.66043
-5.65719
-5.65816
-5.65848
-5.65654
-5.65848
-5.65751
-5.65752
-5.65946
-5.65881
-5.65945
-5.6588
-5.65945
-5.66075
-5.66139
-5.66204
-5.66237
-5.66107
-5.66107
-5.6614
-5.66108
-5.65784
-5.65654
-5.65525
-5.65719
-5.65589
-5.65816
-5.65686
-5.65751
-5.65816
-5.65751
-5.65783
-5.65913
-5.65622
-5.65816
-5.65751
-5.65881
-5.65719
-5.65816
-5.65589
-5.65557
-5.65557
-5.65395
-5.65493
-5.65493
-5.65298
-5.65428
-5.6533
-5.6533
-5.65362
-5.65297
-5.65459
-5.65524
-5.65686
-5.65654
-5.65459
-5.65589
-5.65719
-5.65524
-5.65524
-5.65783
-5.65881
-5.66075
-5.66269
-5.66269
-5.66172
-5.66107
-5.65945
-5.65783
-5.66075
-5.65848
-5.65686
-5.65815
-5.6601
-5.65945
-5.65912
-5.65815
-5.6588
-5.6601
-5.65978
-5.6588
-5.65816
-5.65848
-5.65751
-5.65718
-5.65686
-5.65686
-5.65783
-5.65686
-5.65686
-5.65654
-5.65751
-5.65589
-5.65686
-5.65621
-5.65686
-5.65589
-5.65427
-5.65394
-5.65491
-5.65556
-5.65524
-5.65783
-5.65718
-5.65654
-5.65686
-5.65621
-5.65621
-5.65686
-5.65589
-5.65492
-5.65427
-5.6546
-5.65557
-5.65783
-5.65654
-5.65589
-5.65589
-5.65589
-5.65589
-5.65524
-5.65492
-5.65427
-5.65297
-5.65621
-5.65557
-5.65622
-5.65654
-5.65816
-5.65913
-5.65751
-5.65719
-5.65687
-5.65719
-5.65751
-5.65719
-5.65492
-5.6533
-5.65557
-5.65686
-5.65816
-5.65654
-5.65719
-5.65978
-5.65881
-5.65719
-5.65978
-5.65946
-5.65687
-5.65654
-5.65752
-5.65687
-5.65914
-5.65914
-5.65816
-5.65654
-5.65719
-5.65849
-5.65946
-5.65849
-5.65978
-5.66237
-5.66172
-5.66043
-5.65978
-5.65913
-5.65783
-5.65718
-5.65718
-5.65913
-5.65945
-5.65977
-5.66107
-5.66075
-5.6614
-5.65979
-5.65979
-5.66173
-5.66141
-5.66205
-5.66205
-5.66367
-5.66431
-5.66237
-5.66204
-5.66075
-5.66075
-5.65848
-5.65848
-5.65719
-5.65848
-5.65946
-5.65751
-5.65719
-5.65654
-5.65687
-5.65752
-5.65525
-5.65363
-5.6546
-5.65492
-5.65557
-5.65621
-5.65719
-5.65589
-5.65492
-5.65427
-5.65622
-5.6546
-5.65427
-5.65654
-5.65913
-5.65913
-5.65977
-5.6588
-5.65719
-5.65816
-5.65816
-5.65687
-5.66043
-5.66238
-5.6614
-5.66076
-5.66108
-5.66075
-5.65751
-5.65815
-5.65686
-5.65653
-5.65653
-5.65621
-5.65653
-5.65621
-5.65718
-5.65783
-5.65686
-5.65816
-5.65848
-5.66172
-5.65977
-5.66236
-5.66139
-5.65977
-5.65847
-5.65815
-5.65653
-5.65847
-5.65653
-5.65588
-5.65685
-5.65588
-5.65621
-5.6575
-5.65912
-5.65815
-5.6588
-5.6575
-5.66074
-5.65848
-5.65686
-5.65848
-5.65848
-5.66074
-5.6588
-5.65783
-5.65621
-5.65653
-5.65685
-5.65718
-5.65653
-5.65491
-5.65329
-5.65394
-5.65588
-5.65588
-5.65459
-5.65232
-5.65135
-5.652
-5.65038
-5.64877
-5.65071
-5.65136
-5.65233
-5.65395
-5.65524
-5.65427
-5.65427
-5.65621
-5.65685
-5.65621
-5.65588
-5.6588
-5.65848
-5.65848
-5.65718
-5.65751
-5.65815
-5.65491
-5.65523
-5.65524
-5.65685
-5.65362
-5.65491
-5.65556
-5.65491
-5.65459
-5.65653
-5.65718
-5.65717
-5.65912
-5.65976
-5.65976
-5.66171
-5.65977
-5.66042
-5.6588
-5.66009
-5.65977
-5.65879
-5.65782
-5.65944
-5.65879
-5.66041
-5.65879
-5.65911
-5.65781
-5.65749
-5.65684
-5.65814
-5.65911
-5.65749
-5.66041
-5.65911
-5.65912
-5.65944
-5.65976
-5.65944
-5.65944
-5.66106
-5.66106
-5.66009
-5.65814
-5.65943
-5.65749
-5.65717
-5.65814
-5.65749
-5.65943
-5.66137
-5.66073
-5.66073
-5.66106
-5.66009
-5.65912
-5.66009
-5.65879
-5.65912
-5.65815
-5.66138
-5.66235
-5.66008
-5.6617
-5.6617
-5.66267
-5.66203
-5.65911
-5.65782
-5.65458
-5.65361
-5.65264
-5.6549
-5.65523
-5.65523
-5.65685
-5.65717
-5.65523
-5.65555
-5.6549
-5.65587
-5.6562
-5.65652
-5.65685
-5.65944
-5.65912
-5.65879
-5.65846
-5.65976
-5.66105
-5.6617
-5.66268
-5.66268
-5.66236
-5.66042
-5.65977
-5.66009
-5.66106
-5.66074
-5.65782
-5.65782
-5.65588
-5.65393
-5.65198
-5.65295
-5.43592
-5.43786
-5.43819
-5.4356
-5.43592
-5.43496
-5.43787
-5.44143
-5.44273
-5.43917
-5.43722
-5.43755
-5.43787
-5.43819
-5.43754
-5.4356
-5.4356
-5.43495
-5.43593
-5.4369
-5.43819
-5.43884
-5.43625
-5.43722
-5.43689
-5.4356
-5.43463
-5.43431
-5.43334
-5.43366
-5.43269
-5.4314
-5.43237
-5.43107
-5.43139
-5.43075
-5.43269
-5.43269
-5.43398
-5.43528
-5.43819
-5.43884
-5.44111
-5.44046
-5.44208
-5.44144
-5.44014
-5.44047
-5.44111
-5.43949
-5.4382
-5.4382
-5.43658
-5.43691
-5.43917
-5.43982
-5.43885
-5.43885
-5.43885
-5.43593
-5.43496
-5.43626
-5.43529
-5.43626
-5.43723
-5.43723
-5.43917
-5.43949
-5.43852
-5.43884
-5.43819
-5.43593
-5.4356
-5.43528
-5.43334
-5.43301
-5.4369
-5.44014
-5.44046
-5.43852
-5.43949
-5.43819
-5.43852
-5.43819
-5.43949
-5.44079
-5.44144
-5.44079
-5.44079
-5.44176
-5.44143
-5.43982
-5.43982
-5.44177
-5.44047
-5.43982
-5.43917
-5.43949
-5.44111
-5.43916
-5.43786
-5.43883
-5.43819
-5.43754
-5.43495
-5.43495
-5.4356
-5.43787
-5.43949
-5.43885
-5.43787
-5.4382
-5.43787
-5.43852
-5.43787
-5.43657
-5.43431
-5.4369
-5.4356
-5.43723
-5.43788
-5.4395
-5.4382
-5.43659
-5.43853
-5.43885
-5.43788
-5.43982
-5.44079
-5.44273
-5.44176
-5.44532
-5.445
-5.44468
-5.44403
-5.44468
-5.44468
-5.44436
-5.44403
-5.44403
-5.4437
-5.44176
-5.44079
-5.44079
-5.44176
-5.44047
-5.43982
-5.4395
-5.43885
-5.44079
-5.43982
-5.44144
-5.44079
-5.44112
-5.44241
-5.44371
-5.44371
-5.44176
-5.44273
-5.44371
-5.44597
-5.44467
-5.4437
-5.44273
-5.44338
-5.44241
-5.44176
-5.44046
-5.44111
-5.43982
-5.43853
-5.43982
-5.43853
-5.43723
-5.43917
-5.43885
-5.43949
-5.44014
-5.43917
-5.44079
-5.44014
-5.43755
-5.43723
-5.43723
-5.4382
-5.43885
-5.43982
-5.43949
-5.43852
-5.43917
-5.44046
-5.43981
-5.43917
-5.43917
-5.43787
-5.43755
-5.43852
-5.4395
-5.44112
-5.4395
-5.43983
-5.43982
-5.44079
-5.44079
-5.43917
-5.43786
-5.4343
-5.43592
-5.43656
-5.43689
-5.43625
-5.43528
-5.43561
-5.4382
-5.43982
-5.44015
-5.44144
-5.44015
-5.44015
-5.43918
-5.43982
-5.44047
-5.43885
-5.43949
-5.43981
-5.43852
-5.43754
-5.43625
-5.4369
-5.43658
-5.43852
-5.43885
-5.44047
-5.43982
-5.43884
-5.43949
-5.43981
-5.43949
-5.44078
-5.43884
-5.43754
-5.43657
-5.44013
-5.44013
-5.43916
-5.43787
-5.43722
-5.4369
-5.44013
-5.43884
-5.43916
-5.43819
-5.43657
-5.43527
-5.43657
-5.43624
-5.43851
-5.44013
-5.44143
-5.44079
-5.44306
-5.44079
-5.43982
-5.43787
-5.43819
-5.43657
-5.43722
-5.43689
-5.43592
-5.43592
-5.4343
-5.43463
-5.43463
-5.43528
-5.43592
-5.43431
-5.43301
-5.43333
-5.43431
-5.43463
-5.43398
-5.43301
-5.43399
-5.43625
-5.43463
-5.4356
-5.43657
-5.43754
-5.44045
-5.44078
-5.44143
-5.44272
-5.44175
-5.44175
-5.44272
-5.44305
-5.44337
-5.4437
-5.44175
-5.44046
-5.44176
-5.44014
-5.44111
-5.43852
-5.43722
-5.4369
-5.43625
-5.43495
-5.43495
-5.43592
-5.43527
-5.43592
-5.43689
-5.43527
-5.43624
-5.43624
-5.43722
-5.43852
-5.4369
-5.43852
-5.43851
-5.44046
-5.44369
-5.44498
-5.44531
-5.44466
-5.44433
-5.44304
-5.44272
-5.44207
-5.44337
-5.44208
-5.44273
-5.44143
-5.44143
-5.4424
-5.44175
-5.4411
-5.43916
-5.43884
-5.43884
-5.43851
-5.43981
-5.44013
-5.43948
-5.43916
-5.43657
-5.43786
-5.43948
-5.43883
-5.43883
-5.43722
-5.43689
-5.43657
-5.43593
-5.43722
-5.4369
-5.43722
-5.43755
-5.44046
-5.43949
-5.43884
-5.43885
-5.4382
-5.43723
-5.43884
-5.43787
-5.43949
-5.44014
-5.44014
-5.44014
-5.43949
-5.43949
-5.43885
-5.43658
-5.43885
-5.44111
-5.43852
-5.43788
-5.44209
-5.44274
-5.44306
-5.44176
-5.44176
-5.44014
-5.43852
-5.43755
-5.43625
-5.4382
-5.43884
-5.43949
-5.44014
-5.43852
-5.43852
-5.43755
-5.43658
-5.43626
-5.4395
-5.43788
-5.43723
-5.43561
-5.43366
-5.43366
-5.43463
-5.43593
-5.43723
-5.43658
-5.43626
-5.43691
-5.43593
-5.43917
-5.43981
-5.43884
-5.4382
-5.43949
-5.4382
-5.43723
-5.43917
-5.43885
-5.43755
-5.43787
-5.43787
-5.43982
-5.43982
-5.4382
-5.43885
-5.43917
-5.44047
-5.4395
-5.4395
-5.44014
-5.44047
-5.44209
-5.44274
-5.44306
-5.44209
-5.43917
-5.43981
-5.43819
-5.43916
-5.43916
-5.43916
-5.43787
-5.43917
-5.43982
-5.44079
-5.43982
-5.44047
-5.44015
-5.44112
-5.4395
-5.4395
-5.43884
-5.43917
-5.43819
-5.43981
-5.44111
-5.43981
-5.43981
-5.44111
-5.43852
-5.43917
-5.44046
-5.44306
-5.44403
-5.44338
-5.44241
-5.44241
-5.44467
-5.44435
-5.44273
-5.4437
-5.44305
-5.4437
-5.44273
-5.4424
-5.44305
-5.44273
-5.44467
-5.44273
-5.44079
-5.43949
-5.4369
-5.43658
-5.4369
-5.43593
-5.43431
-5.43593
-5.43529
-5.43464
-5.43755
-5.44014
-5.43852
-5.44078
-5.44305
-5.4424
-5.44176
-5.4424
-5.4437
-5.44435
-5.44532
-5.4437
-5.44467
-5.44532
-5.44435
-5.44143
-5.44046
-5.44046
-5.44078
-5.44078
-5.44111
-5.43819
-5.4382
-5.43787
-5.43949
-5.43982
-5.44046
-5.44079
-5.43981
-5.43884
-5.43851
-5.43787
-5.43754
-5.43625
-5.43722
-5.43722
-5.43755
-5.4369
-5.43496
-5.43399
-5.43334
-5.43496
-5.4369
-5.43657
-5.43852
-5.43819
-5.43852
-5.43723
-5.43885
-5.43885
-5.4369
-5.43658
-5.43722
-5.43722
-5.43851
-5.43819
-5.43786
-5.44013
-5.44013
-5.43981
-5.43852
-5.43884
-5.44111
-5.44111
-5.44112
-5.44111
-5.43885
-5.4395
-5.43885
-5.44047
-5.44079
-5.44273
-5.44402
-5.44402
-5.445
-5.44435
-5.44273
-5.44176
-5.44111
-5.44176
-5.44273
-5.44112
-5.43853
-5.43658
-5.43723
-5.43431
-5.43398
-5.43625
-5.43593
-5.43593
-5.43657
-5.43625
-5.4382
-5.43755
-5.43917
-5.43788
-5.43594
-5.43626
-5.43658
-5.43755
-5.43819
-5.43884
-5.43917
-5.44014
-5.43885
-5.4408
-5.43886
-5.43821
-5.43659
-5.4382
-5.43626
-5.43658
-5.43496
-5.43593
-5.43593
-5.43658
-5.43724
-5.4395
-5.43983
-5.43756
-5.4382
-5.43853
-5.43658
-5.43497
-5.43561
-5.43853
-5.44145
-5.44015
-5.43756
-5.43724
-5.4395
-5.44145
-5.44177
-5.4408
-5.4421
-5.44113
-5.43854
-5.43821
-5.43594
-5.43691
-5.43625
-5.43593
-5.43723
-5.43723
-5.43627
-5.43497
-5.43724
-5.4353
-5.4353
-5.43594
-5.43756
-5.43886
-5.43821
-5.44048
-5.43789
-5.43886
-5.43756
-5.43918
-5.44047
-5.43982
-5.43885
-5.43755
-5.4382
-5.43625
-5.43723
-5.43691
-5.43659
-5.43854
-5.43692
-5.43724
-5.43756
-5.43853
-5.43853
-5.4382
-5.43787
-5.43755
-5.43723
-5.43852
-5.44014
-5.4395
-5.43788
-5.43853
-5.43756
-5.43885
-5.43853
-5.43853
-5.43691
-5.43756
-5.43367
-5.43432
-5.43561
-5.43626
-5.43788
-5.43756
-5.43821
-5.43756
-5.43626
-5.43464
-5.43173
-5.43237
-5.43334
-5.43723
-5.44112
-5.44144
-5.44209
-5.44177
-5.44338
-5.44435
-5.4463
-5.44403
-5.44306
-5.44339
-5.44403
-5.44339
-5.44274
-5.43886
-5.44015
-5.43789
-5.43821
-5.43562
-5.43562
-5.434
-5.43529
-5.43367
-5.43367
-5.43367
-5.43367
-5.43464
-5.43529
-5.43691
-5.43983
-5.44048
-5.44145
-5.4408
-5.44145
-5.44113
-5.4421
-5.44372
-5.44274
-5.44307
-5.44144
-5.44047
-5.44177
-5.44015
-5.44015
-5.43982
-5.43821
-5.4395
-5.43756
-5.43497
-5.434
-5.43594
-5.43529
-5.43918
-5.43983
-5.44047
-5.44209
-5.44274
-5.44241
-5.44047
-5.44015
-5.44079
-5.44112
-5.44015
-5.44014
-5.4395
-5.4395
-5.43917
-5.43853
-5.44079
-5.44014
-5.43982
-5.44014
-5.44047
-5.44079
-5.4395
-5.43918
-5.44079
-5.44079
-5.44047
-5.44014
-5.43982
-5.44014
-5.44014
-5.43885
-5.44015
-5.44112
-5.44145
-5.44307
-5.44145
-5.44145
-5.44209
-5.44339
-5.44209
-5.44014
-5.43982
-5.4382
-5.43788
-5.43756
-5.43724
-5.43562
-5.43595
-5.43724
-5.43595
-5.43497
-5.43691
-5.4395
-5.43756
-5.43788
-5.43756
-5.43529
-5.434
-5.434
-5.43659
-5.43659
-5.43659
-5.43691
-5.43497
-5.43529
-5.43626
-5.43594
-5.43659
-5.43691
-5.44112
-5.44274
-5.44112
-5.44177
-5.44144
-5.44274
-5.44209
-5.44306
-5.44241
-5.44209
-5.44274
-5.44177
-5.44144
-5.44177
-5.44112
-5.44112
-5.44015
-5.43756
-5.43691
-5.43724
-5.43886
-5.43853
-5.44015
-5.43983
-5.43983
-5.43918
-5.43821
-5.43789
-5.43821
-5.4353
-5.43789
-5.43983
-5.44144
-5.44079
-5.44209
-5.44047
-5.44112
-5.44274
-5.44177
-5.44241
-5.44242
-5.44371
-5.44274
-5.44209
-5.44274
-5.44112
-5.44144
-5.44079
-5.44112
-5.4395
-5.4382
-5.44079
-5.44209
-5.44273
-5.44144
-5.4382
-5.43852
-5.43949
-5.43949
-5.43755
-5.43885
-5.44047
-5.43852
-5.4382
-5.43885
-5.43756
-5.43917
-5.43691
-5.43853
-5.43788
-5.4369
-5.4382
-5.44014
-5.44014
-5.44014
-5.43917
-5.43852
-5.4382
-5.43982
-5.44112
-5.44015
-5.43982
-5.44015
-5.4395
-5.43691
-5.43852
-5.43787
-5.43852
-5.43884
-5.43949
-5.44079
-5.43917
-5.43885
-5.43918
-5.43594
-5.43853
-5.43885
-5.43852
-5.43917
-5.43852
-5.43884
-5.44079
-5.44111
-5.44273
-5.44306
-5.44371
-5.44176
-5.44177
-5.44144
-5.44176
-5.44047
-5.43788
-5.43852
-5.43852
-5.43917
-5.44047
-5.4395
-5.4395
-5.43885
-5.4395
-5.43885
-5.4382
-5.43852
-5.43885
-5.43917
-5.44079
-5.44339
-5.44112
-5.44015
-5.44015
-5.44079
-5.44014
-5.43885
-5.44046
-5.44079
-5.43755
-5.43625
-5.43787
-5.43949
-5.44014
-5.43885
-5.44015
-5.43918
-5.43756
-5.43724
-5.43756
-5.43691
-5.43788
-5.43982
-5.4395
-5.43691
-5.43852
-5.43853
-5.44015
-5.44145
-5.43918
-5.43918
-5.44112
-5.44015
-5.44177
-5.44144
-5.44209
-5.43917
-5.4395
-5.44014
-5.4395
-5.43885
-5.4382
-5.4382
-5.4382
-5.43723
-5.43593
-5.43852
-5.43787
-5.43625
-5.43431
-5.43561
-5.43528
-5.43593
-5.4382
-5.43884
-5.4382
-5.43884
-5.43852
-5.43949
-5.43981
-5.43755
-5.44205
-5.44367
-5.44366
-5.44431
-5.44431
-5.4456
-5.44236
-5.44366
-5.44722
-5.44657
-5.44528
-5.4469
-5.44723
-5.44723
-5.4482
-5.44335
-5.44173
-5.44205
-5.4414
-5.44172
-5.44075
-5.43945
-5.43815
-5.43653
-5.43524
-5.43427
-5.43589
-5.43589
-5.43428
-5.4346
-5.43654
-5.43913
-5.43881
-5.44043
-5.44042
-5.43816
-5.43686
-5.43751
-5.43848
-5.43945
-5.43816
-5.43719
-5.43784
-5.43848
-5.43784
-5.43848
-5.43978
-5.43945
-5.44269
-5.44334
-5.44334
-5.44366
-5.44204
-5.44301
-5.44366
-5.44495
-5.44495
-5.44463
-5.44496
-5.44496
-5.44431
-5.44204
-5.44431
-5.44463
-5.44236
-5.44333
-5.44463
-5.4456
-5.44593
-5.44657
-5.44722
-5.4456
-5.44269
-5.44269
-5.44269
-5.43977
-5.4401
-5.44172
-5.44139
-5.44236
-5.44236
-5.44301
-5.44236
-5.44236
-5.44139
-5.4401
-5.44107
-5.44172
-5.44075
-5.44108
-5.4414
-5.44172
-5.44108
-5.4414
-5.43978
-5.43784
-5.43687
-5.43687
-5.43816
-5.44011
-5.43978
-5.44011
-5.43913
-5.43816
-5.43784
-5.43881
-5.4372
-5.4359
-5.4359
-5.43623
-5.43849
-5.43946
-5.43979
-5.43914
-5.43914
-5.43914
-5.44044
-5.44076
-5.43914
-5.44044
-5.44206
-5.444
-5.444
-5.44465
-5.44432
-5.44594
-5.44497
-5.44432
-5.44529
-5.44594
-5.44561
-5.44497
-5.44432
-5.44464
-5.444
-5.44173
-5.44335
-5.44464
-5.44496
-5.44529
-5.44561
-5.44432
-5.44497
-5.44464
-5.44465
-5.44335
-5.444
-5.44303
-5.44012
-5.44076
-5.44141
-5.44432
-5.44562
-5.44594
-5.44723
-5.44529
-5.44335
-5.44303
-5.44076
-5.44108
-5.44108
-5.44076
-5.43914
-5.44044
-5.44109
-5.444
-5.44465
-5.44335
-5.444
-5.44465
-5.444
-5.44173
-5.44076
-5.44076
-5.44206
-5.4427
-5.44335
-5.44562
-5.444
-5.44368
-5.44465
-5.44627
-5.44757
-5.45049
-5.45113
-5.4508
-5.45113
-5.44951
-5.44951
-5.44886
-5.44594
-5.44432
-5.44724
-5.44756
-5.4453
-5.44303
-5.44368
-5.44401
-5.44077
-5.44109
-5.44173
-5.4427
-5.44238
-5.44205
-5.44238
-5.4414
-5.44108
-5.43882
-5.43655
-5.43687
-5.43785
-5.43915
-5.44044
-5.43915
-5.44109
-5.44271
-5.44238
-5.44109
-5.44044
-5.43979
-5.43947
-5.44271
-5.44238
-5.44335
-5.4427
-5.44206
-5.44108
-5.44206
-5.44336
-5.444
-5.44336
-5.44239
-5.44109
-5.44109
-5.44401
-5.444
-5.44368
-5.44497
-5.44432
-5.44238
-5.4427
-5.44238
-5.44141
-5.44238
-5.44238
-5.44238
-5.44206
-5.44335
-5.444
-5.44336
-5.444
-5.44335
-5.44465
-5.44529
-5.44691
-5.44562
-5.44433
-5.44271
-5.44206
-5.444
-5.44335
-5.44432
-5.44659
-5.44594
-5.44497
-5.44335
-5.44108
-5.44011
-5.44043
-5.44075
-5.44075
-5.44205
-5.44302
-5.44367
-5.44205
-5.44303
-5.44206
-5.44335
-5.4427
-5.44335
-5.44497
-5.44497
-5.44594
-5.44562
-5.44756
-5.44594
-5.44401
-5.4453
-5.44595
-5.44368
-5.44401
-5.44433
-5.44659
-5.44626
-5.4427
-5.43946
-5.43784
-5.43816
-5.43849
-5.44303
-5.4427
-5.44303
-5.444
-5.44336
-5.44465
-5.44304
-5.44303
-5.44206
-5.44206
-5.44206
-5.44141
-5.44173
-5.44044
-5.43785
-5.43752
-5.4372
-5.43752
-5.43752
-5.43687
-5.43655
-5.43784
-5.43849
-5.43817
-5.43947
-5.44108
-5.44367
-5.44335
-5.44594
-5.44594
-5.44432
-5.44659
-5.44723
-5.44756
-5.44691
-5.44692
-5.44498
-5.44238
-5.444
-5.44303
-5.44109
-5.44335
-5.44367
-5.44302
-5.44399
-5.44431
-5.44464
-5.44367
-5.44464
-5.44432
-5.44433
-5.4453
-5.44465
-5.44238
-5.44335
-5.44594
-5.444
-5.44206
-5.44367
-5.44561
-5.44367
-5.44529
-5.44594
-5.44335
-5.44335
-5.44335
-5.4427
-5.44432
-5.4427
-5.44043
-5.44011
-5.44173
-5.44368
-5.44498
-5.44466
-5.44336
-5.44207
-5.44077
-5.44303
-5.4453
-5.444
-5.44238
-5.44141
-5.44271
-5.44271
-5.44044
-5.44077
-5.44433
-5.44498
-5.44466
-5.44369
-5.44595
-5.4453
-5.44401
-5.44368
-5.44498
-5.44465
-5.44433
-5.44401
-5.44175
-5.44208
-5.44272
-5.44467
-5.44434
-5.44467
-5.44208
-5.44175
-5.44206
-5.44498
-5.44433
-5.44498
-5.44271
-5.44304
-5.44142
-5.44207
-5.44272
-5.44499
-5.44531
-5.44369
-5.44337
-5.44531
-5.44628
-5.44466
-5.44272
-5.44077
-5.44206
-5.44142
-5.44174
-5.44206
-5.44271
-5.44466
-5.44466
-5.44433
-5.44595
-5.44433
-5.44369
-5.44434
-5.44401
-5.4424
-5.44078
-5.43948
-5.4411
-5.44078
-5.43915
-5.43915
-5.43948
-5.43947
-5.44045
-5.43818
-5.43883
-5.44013
-5.44013
-5.4411
-5.44143
-5.44305
-5.44499
-5.4479
-5.44758
-5.4466
-5.44596
-5.44563
-5.44563
-5.44401
-5.44369
-5.44595
-5.44466
-5.44337
-5.44564
-5.44564
-5.44305
-5.44305
-5.445
-5.44565
-5.445
-5.44662
-5.44402
-5.44532
-5.44207
-5.44175
-5.44142
-5.44434
-5.44466
-5.44628
-5.44434
-5.44466
-5.44466
-5.44499
-5.44402
-5.44402
-5.44208
-5.4437
-5.44402
-5.44402
-5.44402
-5.44272
-5.44272
-5.44272
-5.44434
-5.44628
-5.44693
-5.44402
-5.44207
-5.44369
-5.44175
-5.44466
-5.44466
-5.44337
-5.44563
-5.44499
-5.44629
-5.44694
-5.44532
-5.44564
-5.44402
-5.44467
-5.44467
-5.44564
-5.44401
-5.44239
-5.43818
-5.43785
-5.43947
-5.44077
-5.44077
-5.4411
-5.4411
-5.44013
-5.43916
-5.43981
-5.44046
-5.43916
-5.43916
-5.43949
-5.44078
-5.43819
-5.43884
-5.43819
-5.4411
-5.44046
-5.43981
-5.44078
-5.44046
-5.44208
-5.44273
-5.44337
-5.44305
-5.44338
-5.44273
-5.44143
-5.4424
-5.44467
-5.4424
-5.44337
-5.4437
-5.44337
-5.44338
-5.44467
-5.44435
-5.44532
-5.44565
-5.44435
-5.44435
-5.44726
-5.44596
-5.44305
-5.4424
-5.44143
-5.44143
-5.44013
-5.43819
-5.44014
-5.43981
-5.43852
-5.44111
-5.44143
-5.44241
-5.44306
-5.44338
-5.44339
-5.44047
-5.44306
-5.44176
-5.44143
-5.4437
-5.44305
-5.4424
-5.44111
-5.44112
-5.44015
-5.4408
-5.44274
-5.44307
-5.44274
-5.44241
-5.44209
-5.44079
-5.43949
-5.44046
-5.44046
-5.43852
-5.43917
-5.44209
-5.44241
-5.44468
-5.44468
-5.44209
-5.44079
-5.44143
-5.43981
-5.43949
-5.43852
-5.44079
-5.44047
-5.44209
-5.44306
-5.44436
-5.44176
-5.44079
-5.44111
-5.43949
-5.43917
-5.43949
-5.43982
-5.43982
-5.44014
-5.44079
-5.44241
-5.44144
-5.44209
-5.44144
-5.44079
-5.44176
-5.44208
-5.44144
-5.44144
-5.44338
-5.44435
-5.44403
-5.44241
-5.44273
-5.44273
-5.44435
-5.44435
-5.44241
-5.44241
-5.44305
-5.44111
-5.44014
-5.43949
-5.44111
-5.44047
-5.44241
-5.44209
-5.44338
-5.44209
-5.44079
-5.44338
-5.44047
-5.44111
-5.44176
-5.44338
-5.44662
-5.44694
-5.44662
-5.44468
-5.44403
-5.44597
-5.44629
-5.44532
-5.44435
-5.44241
-5.44241
-5.44209
-5.44144
-5.44015
-5.44047
-5.44015
-5.44274
-5.44274
-5.44176
-5.44112
-5.44111
-5.44338
-5.44209
-5.44338
-5.44209
-5.44339
-5.44242
-5.44242
-5.44339
-5.44339
-5.44565
-5.44791
-5.44824
-5.44727
-5.44662
-5.44565
-5.44338
-5.44338
-5.44241
-5.44241
-5.44014
-5.44144
-5.44079
-5.4395
-5.43918
-5.43691
-5.43691
-5.4395
-5.4395
-5.4395
-5.43917
-5.44014
-5.44208
-5.44305
-5.44435
-5.445
-5.445
-5.44306
-5.44306
-5.44209
-5.44339
-5.44436
-5.44371
-5.44339
-5.44144
-5.44014
-5.44015
-5.44176
-5.44144
-5.44144
-5.44047
-5.44014
-5.43982
-5.44079
-5.43982
-5.44176
-5.44305
-5.44241
-5.44338
-5.44305
-5.44208
-5.44208
-5.44176
-5.44176
-5.4424
-5.4424
-5.44402
-5.44305
-5.44435
-5.44532
-5.44791
-5.44662
-5.44823
-5.44791
-5.44629
-5.44435
-5.44564
-5.44467
-5.44467
-5.44273
-5.44144
-5.43982
-5.44014
-5.44046
-5.44207
-5.44078
-5.44175
-5.44239
-5.44175
-5.44207
-5.43949
-5.43755
-5.43787
-5.43885
-5.43788
-5.4395
-5.4395
-5.4395
-5.44079
-5.4395
-5.43949
-5.43981
-5.43949
-5.43981
-5.43916
-5.43819
-5.44013
-5.4411
-5.44207
-5.44208
-5.44435
-5.44403
-5.44273
-5.44111
-5.44014
-5.44111
-5.4437
-5.44208
-5.44305
-5.4424
-5.44046
-5.44208
-5.43981
-5.43948
-5.4411
-5.44046
-5.44143
-5.44111
-5.43917
-5.44111
-5.4437
-5.44435
-5.44338
-5.44241
-5.44402
-5.44273
-5.44176
-5.44176
-5.44402
-5.44467
-5.4424
-5.44369
-5.4424
-5.44402
-5.44531
-5.44596
-5.44823
-5.44661
-5.44694
-5.44499
-5.44532
-5.44629
-5.44597
-5.44564
-5.44661
-5.44661
-5.44531
-5.44531
-5.44337
-5.44402
-5.44402
-5.44143
-5.4424
-5.4424
-5.44272
-5.44208
-5.44272
-5.4424
-5.44207
-5.44175
-5.44304
-5.44402
-5.44369
-5.44272
-5.44272
-5.4424
-5.44272
-5.44175
-5.44208
-5.44176
-5.44305
-5.44272
-5.44337
-5.44175
-5.44207
-5.44207
-5.4424
-5.44078
-5.44207
-5.44304
-5.44693
-5.4479
-5.4479
-5.44596
-5.44467
-5.44532
-5.4437
-5.44596
-5.44725
-5.4466
-5.4466
-5.44563
-5.44401
-5.44466
-5.44693
-5.4479
-5.45114
-5.44952
-5.44822
-5.4466
-5.44466
-5.44207
-5.44304
-5.44271
-5.44045
-5.4398
-5.44012
-5.44174
-5.44077
-5.44434
-5.44305
-5.44273
-5.44272
-5.44207
-5.44337
-5.44401
-5.44434
-5.44466
-5.44661
-5.44823
-5.44661
-5.44563
-5.44434
-5.44628
-5.44724
-5.44692
-5.44497
-5.44239
-5.44239
-5.44466
-5.44434
-5.44207
-5.44045
-5.43851
-5.43948
-5.44109
-5.44012
-5.44174
-5.44174
-5.44142
-5.44174
-5.44466
-5.44433
-5.44433
-5.44433
-5.44401
-5.44595
-5.44757
-5.44595
-5.4466
-5.44433
-5.44401
-5.44401
-5.44498
-5.44562
-5.44368
-5.44109
-5.44012
-5.44141
-5.44335
-5.44238
-5.44141
-5.44207
-5.4424
-5.44305
-5.44175
-5.44305
-5.44499
-5.44369
-5.44466
-5.44627
-5.44562
-5.44465
-5.4453
-5.44628
-5.44563
-5.44498
-5.44369
-5.44498
-5.44369
-5.44499
-5.44499
-5.44434
-5.44402
-5.44434
-5.44531
-5.44596
-5.44499
-5.44175
-5.44272
-5.44045
-5.4411
-5.44078
-5.44078
-5.44272
-5.44174
-5.44174
-5.44174
-5.44369
-5.44207
-5.44337
-5.4424
-5.44207
-5.44337
-5.44725
-5.44887
-5.44855
-5.44887
-5.44758
-5.44563
-5.51284
-5.51122
-5.51186
-5.51251
-5.51057
-5.51057
-5.50895
-5.5083
-5.50992
-5.50765
-5.50992
-5.51089
-5.51218
-5.51283
-5.51218
-5.51477
-5.51283
-5.5138
-5.50992
-5.50959
-5.51056
-5.51056
-5.51056
-5.50959
-5.50926
-5.50862
-5.50926
-5.51056
-5.51186
-5.51185
-5.51153
-5.51088
-5.51153
-5.51089
-5.51024
-5.51315
-5.51607
-5.5151
-5.51477
-5.51445
-5.51575
-5.51348
-5.51316
-5.51316
-5.51348
-5.5151
-5.51606
-5.51833
-5.51833
-5.51833
-5.51833
-5.51736
-5.51574
-5.51671
-5.51606
-5.51606
-5.51477
-5.51542
-5.51639
-5.51607
-5.51542
-5.5138
-5.51542
-5.51574
-5.51606
-5.51606
-5.51573
-5.51638
-5.51735
-5.51768
-5.51768
-5.518
-5.51638
-5.51412
-5.51347
-5.51153
-5.51186
-5.51283
-5.5125
-5.51283
-5.5125
-5.51574
-5.51477
-5.51282
-5.5112
-5.51153
-5.51153
-5.51218
-5.51348
-5.51477
-5.51542
-5.51736
-5.51833
-5.51736
-5.51542
-5.51574
-5.51412
-5.51315
-5.51541
-5.51347
-5.51638
-5.51638
-5.51736
-5.51379
-5.51282
-5.50959
-5.50959
-5.50732
-5.50538
-5.5057
-5.50635
-5.50634
-5.50861
-5.50894
-5.50894
-5.51056
-5.51024
-5.51154
-5.51283
-5.51218
-5.51089
-5.51283
-5.51509
-5.51509
-5.51412
-5.51477
-5.51412
-5.51347
-5.51347
-5.51315
-5.51283
-5.5125
-5.51218
-5.51056
-5.51056
-5.51153
-5.51089
-5.50991
-5.51088
-5.51055
-5.51153
-5.51152
-5.51217
-5.51314
-5.51282
-5.5112
-5.51055
-5.5112
-5.5125
-5.50991
-5.51121
-5.51153
-5.51186
-5.51283
-5.51542
-5.51315
-5.51185
-5.51218
-5.51218
-5.5138
-5.51606
-5.51866
-5.51703
-5.51703
-5.51606
-5.51606
-5.51606
-5.51574
-5.51509
-5.51347
-5.51282
-5.51282
-5.51282
-5.51315
-5.51283
-5.51315
-5.51477
-5.51412
-5.51348
-5.51121
-5.51251
-5.51121
-5.51121
-5.51153
-5.51056
-5.5112
-5.51088
-5.51217
-5.50959
-5.51024
-5.51056
-5.51283
-5.51251
-5.5151
-5.51348
-5.51284
-5.5151
-5.51413
-5.51478
-5.5151
-5.51478
-5.5164
-5.51348
-5.51316
-5.51219
-5.51251
-5.51024
-5.51121
-5.51057
-5.50798
-5.50798
-5.50928
-5.51122
-5.51219
-5.5151
-5.51607
-5.51607
-5.51575
-5.5151
-5.51284
-5.51284
-5.51057
-5.51154
-5.51219
-5.51446
-5.51478
-5.51446
-5.51543
-5.51445
-5.51348
-5.51348
-5.51251
-5.51219
-5.51348
-5.51251
-5.51381
-5.51317
-5.51188
-5.5122
-5.51253
-5.51415
-5.51382
-5.51317
-5.51382
-5.51511
-5.51446
-5.51543
-5.51672
-5.51607
-5.51575
-5.51575
-5.51673
-5.51641
-5.51479
-5.51543
-5.51446
-5.51284
-5.51252
-5.51317
-5.5122
-5.51155
-5.51155
-5.51252
-5.51447
-5.51641
-5.51576
-5.51705
-5.51738
-5.51576
-5.51543
-5.51317
-5.51478
-5.51478
-5.51284
-5.51349
-5.51349
-5.51187
-5.51317
-5.51284
-5.51317
-5.51641
-5.51284
-5.51252
-5.51317
-5.51382
-5.51511
-5.51608
-5.51641
-5.5164
-5.51543
-5.51349
-5.51575
-5.51381
-5.51219
-5.51154
-5.51381
-5.51316
-5.51219
-5.51219
-5.51219
-5.51381
-5.51478
-5.51413
-5.51445
-5.51219
-5.51316
-5.51251
-5.51316
-5.51478
-5.51219
-5.51284
-5.51349
-5.51543
-5.51348
-5.51413
-5.51219
-5.51284
-5.51381
-5.51413
-5.51349
-5.51284
-5.51349
-5.51316
-5.51446
-5.51414
-5.51219
-5.51187
-5.51154
-5.51284
-5.51316
-5.51251
-5.51316
-5.51186
-5.51122
-5.51154
-5.51186
-5.51316
-5.51348
-5.51446
-5.51575
-5.51413
-5.51089
-5.51154
-5.51122
-5.51251
-5.51219
-5.51413
-5.51381
-5.5151
-5.51413
-5.51413
-5.51542
-5.51574
-5.51542
-5.51413
-5.51445
-5.51543
-5.51608
-5.51608
-5.51641
-5.51478
-5.51316
-5.51154
-5.51154
-5.51154
-5.51478
-5.51251
-5.51283
-5.51446
-5.51446
-5.51316
-5.51348
-5.51348
-5.51283
-5.51089
-5.51251
-5.51218
-5.51056
-5.51089
-5.51219
-5.51413
-5.51575
-5.51414
-5.51479
-5.51446
-5.51575
-5.5164
-5.51704
-5.51542
-5.51542
-5.5138
-5.51413
-5.51446
-5.51543
-5.51381
-5.51543
-5.51608
-5.5164
-5.51575
-5.51445
-5.51542
-5.5151
-5.51608
-5.51608
-5.51771
-5.51609
-5.51447
-5.51446
-5.51414
-5.51122
-5.51316
-5.51349
-5.51478
-5.51737
-5.5177
-5.51834
-5.5177
-5.51802
-5.51802
-5.51802
-5.51738
-5.5177
-5.51932
-5.52061
-5.51932
-5.51834
-5.51705
-5.51543
-5.51445
-5.51315
-5.51186
-5.51186
-5.51024
-5.51251
-5.51381
-5.51349
-5.51349
-5.51381
-5.51316
-5.5151
-5.51349
-5.51381
-5.51511
-5.51414
-5.51316
-5.51413
-5.51349
-5.51316
-5.51348
-5.51219
-5.51219
-5.51316
-5.51381
-5.51317
-5.51349
-5.51446
-5.5177
-5.51835
-5.51867
-5.51899
-5.51932
-5.51802
-5.51705
-5.51543
-5.51349
-5.51252
-5.51252
-5.51284
-5.51252
-5.5109
-5.50993
-5.51057
-5.51187
-5.51317
-5.51414
-5.51446
-5.51673
-5.51576
-5.51706
-5.51414
-5.51317
-5.51479
-5.51447
-5.51543
-5.51673
-5.51705
-5.51511
-5.51252
-5.51219
-5.51089
-5.50766
-5.50928
-5.50928
-5.50766
-5.50993
-5.51058
-5.5109
-5.51187
-5.51122
-5.51122
-5.51025
-5.51155
-5.51252
-5.51285
-5.51252
-5.51446
-5.51284
-5.51446
-5.51381
-5.51445
-5.5151
-5.5151
-5.51511
-5.51317
-5.50993
-5.50993
-5.51123
-5.51091
-5.51123
-5.51317
-5.51317
-5.51511
-5.51414
-5.51608
-5.51446
-5.51155
-5.5109
-5.50961
-5.51155
-5.51285
-5.51414
-5.51512
-5.51447
-5.51738
-5.51673
-5.51738
-5.51576
-5.51511
-5.5122
-5.51219
-5.50928
-5.50798
-5.50669
-5.50766
-5.50798
-5.50831
-5.51058
-5.51187
-5.51285
-5.51479
-5.51673
-5.51738
-5.51608
-5.51641
-5.51608
-5.51544
-5.51511
-5.51447
-5.51479
-5.51608
-5.51802
-5.51737
-5.5164
-5.51801
-5.51834
-5.51963
-5.51834
-5.51834
-5.5177
-5.51641
-5.51447
-5.51382
-5.51511
-5.51382
-5.51478
-5.5151
-5.51575
-5.51543
-5.51575
-5.5151
-5.51478
-5.51446
-5.51348
-5.51348
-5.51251
-5.51252
-5.51317
-5.5122
-5.51447
-5.51576
-5.51576
-5.51576
-5.51478
-5.51446
-5.5164
-5.5164
-5.51445
-5.51413
-5.51413
-5.51446
-5.51381
-5.51349
-5.51479
-5.51446
-5.51447
-5.51544
-5.51414
-5.51382
-5.51446
-5.51414
-5.51413
-5.51478
-5.5151
-5.51414
-5.51317
-5.51446
-5.51414
-5.51576
-5.51834
-5.51704
-5.51607
-5.51575
-5.51574
-5.51542
-5.51672
-5.51478
-5.51543
-5.5151
-5.51446
-5.51446
-5.51478
-5.51446
-5.51154
-5.51316
-5.51381
-5.51219
-5.51348
-5.51283
-5.5138
-5.51412
-5.51315
-5.51315
-5.51413
-5.51607
-5.51575
-5.51672
-5.51769
-5.51639
-5.51639
-5.51801
-5.51607
-5.51672
-5.51801
-5.51898
-5.51865
-5.51768
-5.51768
-5.51833
-5.51833
-5.5151
-5.51607
-5.51478
-5.51413
-5.51575
-5.51704
-5.51477
-5.51347
-5.51153
-5.51055
-5.51023
-5.5112
-5.50991
-5.50829
-5.50764
-5.51055
-5.51023
-5.51088
-5.51152
-5.51217
-5.51282
-5.51347
-5.51379
-5.5112
-5.51055
-5.51152
-5.51411
-5.51379
-5.51476
-5.51865
-5.51865
-5.51994
-5.52059
-5.52124
-5.51865
-5.51767
-5.51703
-5.51703
-5.51508
-5.51606
-5.51541
-5.51606
-5.51767
-5.5167
-5.51411
-5.51476
-5.51637
-5.51734
-5.51638
-5.5167
-5.51638
-5.51444
-5.51606
-5.51573
-5.5167
-5.51508
-5.51476
-5.51346
-5.51249
-5.51184
-5.51378
-5.51475
-5.51313
-5.51086
-5.50957
-5.50989
-5.50827
-5.50957
-5.50892
-5.5073
-5.50892
-5.5086
-5.51022
-5.51054
-5.51054
-5.51216
-5.50989
-5.51184
-5.51086
-5.51346
-5.51281
-5.51151
-5.51249
-5.51249
-5.51346
-5.51313
-5.51346
-5.51475
-5.51443
-5.51313
-5.51474
-5.51474
-5.51442
-5.51247
-5.51377
-5.51507
-5.51604
-5.51831
-5.51766
-5.51896
-5.51928
-5.52155
-5.52123
-5.52317
-5.52123
-5.51929
-5.51799
-5.51864
-5.51735
-5.51573
-5.5141
-5.51378
-5.51346
-5.51281
-5.51216
-5.51345
-5.51248
-5.51216
-5.51151
-5.51248
-5.51281
-5.51313
-5.51184
-5.51378
-5.51508
-5.5154
-5.51766
-5.51669
-5.51604
-5.51377
-5.51474
-5.51377
-5.51345
-5.51086
-5.5086
-5.50925
-5.51119
-5.51216
-5.51281
-5.51119
-5.51183
-5.51151
-5.50989
-5.51054
-5.51055
-5.51508
-5.51606
-5.5167
-5.51476
-5.51767
-5.51864
-5.51767
-5.51896
-5.51831
-5.51669
-5.51799
-5.51831
-5.51993
-5.51831
-5.5167
-5.51508
-5.51476
-5.51574
-5.51736
-5.51865
-5.5193
-5.51865
-5.51929
-5.52091
-5.52059
-5.51767
-5.51572
-5.51766
-5.51637
-5.51507
-5.51507
-5.51378
-5.51508
-5.51314
-5.51476
-5.51573
-5.51638
-5.51574
-5.51476
-5.51347
-5.51282
-5.51346
-5.51476
-5.51281
-5.51378
-5.51379
-5.51314
-5.5125
-5.51185
-5.51185
-5.51412
-5.51541
-5.51606
-5.518
-5.51703
-5.51671
-5.51508
-5.51476
-5.51508
-5.51443
-5.51217
-5.51444
-5.51541
-5.51574
-5.51541
-5.51347
-5.51282
-5.51282
-5.51314
-5.51476
-5.51347
-5.51314
-5.51087
-5.5099
-5.50893
-5.50828
-5.51055
-5.51023
-5.51121
-5.51218
-5.51347
-5.51347
-5.51315
-5.51412
-5.51541
-5.51606
-5.51606
-5.51671
-5.51801
-5.51769
-5.51639
-5.51445
-5.51379
-5.51379
-5.51282
-5.51508
-5.51347
-5.51347
-5.51185
-5.51347
-5.51445
-5.5125
-5.51348
-5.51347
-5.5138
-5.51444
-5.51379
-5.51411
-5.51314
-5.518
-5.518
-5.51703
-5.51768
-5.518
-5.51606
-5.51703
-5.51735
-5.51703
-5.51767
-5.518
-5.51962
-5.51735
-5.51703
-5.51638
-5.51638
-5.51735
-5.51573
-5.51541
-5.51412
-5.51412
-5.51153
-5.51185
-5.51055
-5.51249
-5.51184
-5.51119
-5.51184
-5.51152
-5.51347
-5.51639
-5.51607
-5.51704
-5.51477
-5.51251
-5.51348
-5.51218
-5.5125
-5.51218
-5.51282
-5.5138
-5.5125
-5.51282
-5.51185
-5.51152
-5.51217
-5.51314
-5.51379
-5.51412
-5.51541
-5.51736
-5.51833
-5.51801
-5.51931
-5.51769
-5.51736
-5.51574
-5.51412
-5.51444
-5.5125
-5.51379
-5.51411
-5.51411
-5.51281
-5.51249
-5.51217
-5.51443
-5.5154
-5.51379
-5.51476
-5.51411
-5.51314
-5.51314
-5.51282
-5.51541
-5.51443
-5.51378
-5.51378
-5.51378
-5.51281
-5.51184
-5.51281
-5.51379
-5.51346
-5.51217
-5.51314
-5.51411
