1.89852
1.89337
1.88421
1.87038
1.85093
1.82456
1.78963
1.74432
1.68693
1.61631
1.53251
1.43759
1.3362
1.23551
1.1439
1.06889
1.01512
0.983574
0.97207
0.976423
0.991664
1.01289
1.03585
1.05723
1.07486
1.08776
1.09603
1.10065
1.10303
1.10453
1.1059
1.10712
1.10745
1.10563
1.10027
1.09027
1.07535
1.05651
1.03587
1.01607
0.999271
0.986512
0.977769
0.972631
0.970912
0.972788
0.978415
0.98745
0.998875
1.0111
1.02232
1.03091
1.03573
1.03619
1.03239
1.02529
1.01656
1.00823
1.00194
0.998377
0.997395
0.99854
1.00142
1.00572
1.01101
1.01652
1.02122
1.02414
1.02486
1.02382
1.02236
1.02212
1.02433
1.02926
1.03617
1.0437
1.05039
1.05528
1.05826
1.05995
1.06121
1.06239
1.06311
1.06253
1.06029
1.05695
1.05361
1.05128
1.05046
1.05118
1.05325
1.05626
1.0597
1.06288
1.06503
1.0655
1.0638
1.05967
1.05307
1.0441
1.03299
1.02
1.00541
0.989666
0.973678
0.958955
0.94741
0.940813
0.9403
0.946289
0.958368
0.975061
0.993872
1.012
1.02716
1.03793
1.0438
1.04494
1.04216
1.03669
1.03008
1.02379
1.01868
1.01472
1.01128
1.00779
1.00443
1.00221
1.00237
1.00581
1.0127
1.02268
1.03506
1.04901
1.06347
1.07716
1.08874
1.09703
1.10147
1.10245
1.10139
1.10018
1.10021
1.10144
1.10252
1.1018
1.09835
1.09246
1.08578
1.08059
1.07855
1.07974
1.08273
1.08542
1.08597
1.08314
1.07643
1.06599
1.05273
1.03864
1.02706
1.02177
1.0245
1.03302
1.04263
1.04957
1.05298
1.05444
1.05635
1.06029
1.06651
1.07432
1.08273
1.09089
1.09845
1.10571
1.11308
1.12007
1.12489
1.12527
1.11973
1.10845
1.09355
1.07877
1.06828
1.0647
1.06785
1.07523
1.0838
1.09148
1.09744
1.10158
1.10386
1.10383
1.10069
1.09363
1.08239
1.0675
1.0501
1.03148
1.01259
0.994193
0.977443
0.96406
0.955697
0.953079
0.955964
0.963811
0.976294
0.99323
1.01415
1.038
1.06314
1.08758
1.10942
1.12705
1.13945
1.14622
1.14766
1.14451
1.1378
1.12858
1.11771
1.10592
1.09381
1.08204
1.07132
1.06243
1.05611
1.05297
1.05345
1.05775
1.0657
1.07659
1.08925
1.10214
1.11368
1.12248
1.12763
1.12887
1.12646
1.12109
1.11371
1.10557
1.09829
1.09389
1.09401
1.09907
1.10795
1.11883
1.12999
1.14009
1.14786
1.15197
1.15133
1.14559
1.13561
1.12324
1.11041
1.09809
1.08618
1.07423
1.06208
1.05011
1.03896
1.02928
1.02157
1.01618
1.01335
1.01306
1.01484
1.01767
1.02018
1.02089
1.01863
1.01285
1.00386
0.992925
0.982193
0.974432
0.972408
0.978009
0.991463
1.01101
1.0333
1.05431
1.0705
1.0796
1.08087
1.07512
1.0645
1.05218
1.04175
1.03616
1.03671
1.04271
1.05205
1.06236
1.07187
1.07951
1.08458
1.08652
1.08489
1.07968
1.0716
1.06199
1.05218
1.04293
1.0342
1.02595
1.01908
1.01576
1.01847
1.02826
1.04378
1.06168
1.07804
1.08971
1.09485
1.09309
1.08532
1.07361
1.0608
1.05002
1.04376
1.04307
1.04715
1.05384
1.06034
1.06408
1.06316
1.05663
1.04473
1.02894
1.01166
0.995526
0.982789
0.974904
0.972513
0.975598
0.983629
0.995586
1.0099
1.02449
1.03702
1.04538
1.04813
1.04514
1.03783
1.02919
1.0228
1.0213
1.025
1.03184
1.0389
1.0441
1.04699
1.04855
1.05032
1.05354
1.0586
1.065
1.0717
1.07767
1.08226
1.0853
1.08696
1.08749
1.08713
1.08617
1.08506
1.08441
1.08474
1.08625
1.08863
1.09123
1.09331
1.09432
1.09406
1.09266
1.09053
1.08808
1.08566
1.08359
1.08202
1.08088
1.07986
1.07844
1.07612
1.07265
1.06814
1.06317
1.05858
1.05523
1.05359
1.05339
1.05367
1.0533
1.05189
1.0503
1.05018
1.05275
1.05787
1.06433
1.07074
1.07609
1.07988
1.08202
1.08292
1.08337
1.08449
1.08721
1.09199
1.0986
1.10619
1.11365
1.11986
1.12384
1.12483
1.12234
1.1163
1.10709
1.09555
1.08296
1.0708
1.06045
1.05304
1.04916
1.04883
1.05145
1.05593
1.06093
1.06522
1.06797
1.06894
1.06848
1.0674
1.06672
1.06732
1.06952
1.07278
1.07566
1.07608
1.07206
1.06265
1.04871
1.03321
1.02034
1.01378
1.01495
1.02304
1.03618
1.05267
1.07134
1.09135
1.11184
1.13179
1.15004
1.16553
1.17743
1.18522
1.1886
1.18738
1.18138
1.17056
1.15521
1.13604
1.11436
1.09201
1.07118
1.05395
1.04157
1.03404
1.03052
1.03028
1.03332
1.04027
1.05162
1.06683
1.08384
1.09935
1.10984
1.11287
1.10837
1.09935
1.091
1.08805
1.09224
1.10224
1.11496
1.12691
1.13498
1.13724
1.13318
1.12361
1.11026
1.0954
1.08149
1.07075
1.06469
1.06374
1.0671
1.07311
1.07974
1.08517
1.0881
1.08797
1.08457
1.07763
1.06691
1.05274
1.03682
1.02225
1.01272
1.01105
1.01814
1.03294
1.05322
1.07627
1.09936
1.12033
1.13808
1.15258
1.16452
1.17472
1.18351
1.19051
1.19472
1.1949
1.19011
1.17992
1.16467
1.14532
1.12321
1.09979
1.07657
1.05502
1.03658
1.02252
1.01358
1.00963
1.00968
1.01236
1.01645
1.02137
1.02717
1.03437
1.04342
1.05395
1.06453
1.07303
1.07742
1.07646
1.07003
1.0591
1.0455
1.03149
1.01887
1.0083
0.999324
0.99113
0.983398
0.976773
0.97284
0.973657
0.980698
0.993894
1.01155
1.03109
1.05006
1.06646
1.07877
1.08583
1.08709
1.08299
1.07501
1.06538
1.05642
1.04978
1.04591
1.04403
1.04262
1.04017
1.0357
1.02896
1.02016
1.00963
0.997677
0.984804
0.972228
0.962167
0.957396
0.959945
0.969674
0.98407
0.999717
1.014
1.02589
1.0358
1.04481
1.0538
1.06296
1.07177
1.07932
1.0848
1.08785
1.08858
1.08743
1.08499
1.08173
1.07792
1.07348
1.06807
1.06135
1.05338
1.04492
1.03733
1.03231
1.03127
1.03484
1.04248
1.05264
1.06294
1.07077
1.07359
1.06949
1.05763
1.03877
1.01564
0.99234
0.972969
0.959801
0.952784
0.950446
0.951325
0.954727
0.960732
0.969745
0.981993
0.997148
1.01429
1.03214
1.04942
1.06505
1.07803
1.0872
1.09108
1.08837
1.07875
1.06346
1.04542
1.02865
1.01721
1.01385
1.01941
1.03291
1.05215
1.07418
1.0958
1.11397
1.1263
1.13151
1.12963
1.12177
1.10987
1.09637
1.08402
1.07543
1.07227
1.07449
1.08026
1.08686
1.09204
1.09507
1.09677
1.09876
1.10195
1.1056
1.10749
1.10518
1.09717
1.08352
1.06582
1.04688
1.03004
1.01841
1.01402
1.01721
1.02668
1.04006
1.05466
1.06792
1.07774
1.08266
1.08207
1.07639
1.06703
1.05627
1.0468
1.04106
1.04066
1.04603
1.0564
1.07022
1.08556
1.10042
1.11304
1.12194
1.12598
1.1245
1.11741
1.10519
1.0888
1.0694
1.04826
1.02685
1.0069
0.990279
0.978648
0.972737
0.971936
0.974513
0.978411
0.982143
0.98525
0.988287
0.99239
0.99852
1.00652
1.01482
1.02148
1.02582
1.02922
1.03444
1.04379
1.05756
1.07365
1.08868
1.09925
1.1029
1.09843
1.08614
1.06789
1.04711
1.02842
1.01642
1.01412
1.02197
1.03786
1.05832
1.07976
1.09943
1.11572
1.12819
1.13732
1.14401
1.14901
1.15244
1.15375
1.15202
1.14629
1.13578
1.11995
1.09858
1.07206
1.0418
1.01032
0.981005
0.957297
0.941565
0.93418
0.933547
0.937085
0.942436
0.948153
0.953923
0.960323
0.96851
0.979792
0.995154
1.0147
1.03736
1.06111
1.08361
1.10284
1.11742
1.12662
1.13021
1.1283
1.12123
1.10963
1.0946
1.07793
1.06165
1.04734
1.03547
1.02543
1.01622
1.0073
0.999001
0.992398
0.988553
0.987895
0.98998
0.993778
0.998161
1.00213
1.00486
1.00582
1.0052
1.0044
1.00585
1.012
1.02368
1.03926
1.0557
1.07033
1.08193
1.09055
1.0968
1.10128
1.10434
1.10618
1.10703
1.10718
1.10709
1.10732
1.10835
1.11034
1.11296
1.1156
1.11752
1.11817
1.11732
1.11524
1.11268
1.11066
1.10998
1.1109
1.11311
1.11602
1.11893
1.12107
1.12158
1.11961
1.11454
1.1062
1.09515
1.08252
1.06959
1.05718
1.04517
1.03289
1.02033
1.00928
1.00331
1.00552
1.01572
1.03037
1.04545
1.05876
1.06996
1.07931
1.08679
1.09202
1.09455
1.09413
1.09077
1.08447
1.07526
1.06322
1.0488
1.03317
1.0185
1.00765
1.00313
1.00555
1.01303
1.02189
1.02843
1.03014
1.02617
1.01731
1.00561
0.993663
0.983759
0.977189
0.97444
0.975929
0.982527
0.995085
1.01366
1.03704
1.06294
1.08859
1.11134
1.1293
1.14161
1.14836
1.15021
1.14764
1.14069
1.12912
1.11298
1.09312
1.0712
1.04938
1.02963
1.01333
1.00127
0.993966
0.991542
0.993408
0.998341
1.00502
1.01252
1.02043
1.0285
1.0365
1.04423
1.05164
1.05891
1.06626
1.07358
1.08011
1.08448
1.08535
1.0821
1.07567
1.06854
1.0641
1.06498
1.07148
1.08132
1.09091
1.09688
1.09724
1.09184
1.08192
1.0693
1.05559
1.04211
1.03042
1.02281
1.02182
1.029
1.04363
1.06256
1.08152
1.09667
1.10554
1.10725
1.10213
1.09129
1.07603
1.05746
1.03628
1.01315
0.989086
0.965757
0.945215
0.929244
0.918641
0.913092
0.911814
0.914325
0.920535
0.930021
0.94145
0.953085
0.963916
0.974066
0.984158
0.994486
1.00478
1.01467
1.02413
1.03338
1.04243
1.05049
1.05597
1.05705
1.05249
1.04233
1.02829
1.01364
1.0025
0.998277
1.002
1.01184
1.02423
1.03567
1.04419
1.04996
1.05466
1.06002
1.06665
1.07356
1.07889
1.08083
1.89086
1.86361
1.82054
1.76625
1.7078
1.65364
1.61101
1.58326
1.56909
1.56402
1.56261
1.56024
1.55414
1.54392
1.53183
1.52185
1.51771
1.5208
1.52926
1.53891
1.54548
1.54679
1.5438
1.54017
1.54027
1.54668
1.55824
1.57074
1.57961
1.58181
1.57612
1.56303
1.54465
1.52417
1.50481
1.48863
1.47623
1.46737
1.46183
1.46003
1.46283
1.47104
1.48493
1.50381
1.52569
1.54773
1.56713
1.58219
1.59264
1.59928
1.60315
1.60517
1.6063
1.60786
1.61066
1.61364
1.61368
1.60745
1.59363
1.57372
1.55143
1.53119
1.51656
1.50918
1.50864
1.51236
1.51619
1.51574
1.50781
1.49142
1.46797
1.4409
1.41491
1.39535
1.38773
1.3959
1.4187
1.44934
1.47919
1.50201
1.51574
1.52234
1.52605
1.53122
1.5409
1.55658
1.57779
1.60158
1.62292
1.63656
1.63899
1.62924
1.60883
1.58124
1.55151
1.52562
1.50916
1.50569
1.51617
1.53962
1.57384
1.61567
1.66106
1.70543
1.74437
1.77434
1.79322
1.80029
1.79619
1.78278
1.7629
1.73972
1.71581
1.6923
1.66916
1.64652
1.62573
1.60943
1.60022
1.59916
1.60514
1.61507
1.62454
1.62925
1.62623
1.61445
1.59474
1.56947
1.5422
1.51675
1.49592
1.48063
1.47037
1.46441
1.46272
1.46604
1.47536
1.49112
1.51269
1.53822
1.56497
1.59028
1.61269
1.63203
1.64848
1.66148
1.66958
1.67131
1.66647
1.65702
1.64652
1.6384
1.63378
1.63093
1.62632
1.61654
1.60019
1.5788
1.55634
1.53735
1.52509
1.52097
1.52517
1.53669
1.55305
1.57051
1.58513
1.59398
1.59595
1.59191
1.58416
1.57526
1.56663
1.55765
1.54611
1.52932
1.50564
1.47608
1.44534
1.421
1.41002
1.41518
1.43454
1.46341
1.49603
1.52683
1.55184
1.56892
1.57681
1.57484
1.56382
1.54659
1.52707
1.50779
1.48895
1.47043
1.45406
1.44321
1.44077
1.44786
1.46375
1.4857
1.50915
1.5291
1.54197
1.5465
1.54383
1.5367
1.5285
1.52209
1.51886
1.51829
1.51836
1.51667
1.512
1.50533
1.50004
1.50058
1.51033
1.52948
1.55473
1.58085
1.60264
1.61669
1.62234
1.6218
1.61931
1.61924
1.62412
1.63386
1.64623
1.65818
1.66705
1.67116
1.66981
1.66309
1.65159
1.63622
1.61841
1.6001
1.58285
1.56666
1.54949
1.52893
1.50507
1.48205
1.46707
1.46712
1.48567
1.52096
1.56673
1.61493
1.65849
1.69265
1.71491
1.72433
1.7209
1.7052
1.67861
1.64384
1.60527
1.56835
1.53782
1.51629
1.50373
1.49805
1.49671
1.49875
1.50529
1.51777
1.53556
1.55567
1.57434
1.58921
1.60002
1.60781
1.61364
1.61834
1.6228
1.62796
1.6343
1.64177
1.65005
1.65897
1.66833
1.67767
1.68608
1.69243
1.69573
1.69538
1.69116
1.6829
1.67019
1.65198
1.62662
1.59297
1.55202
1.50778
1.46664
1.43583
1.42156
1.4266
1.44817
1.47841
1.50761
1.52796
1.53597
1.53307
1.52425
1.51479
1.50775
1.5043
1.50452
1.50707
1.50981
1.51116
1.51127
1.51242
1.51834
1.53161
1.55123
1.57289
1.59185
1.60558
1.6143
1.62018
1.62607
1.63433
1.64564
1.65858
1.67032
1.67803
1.67985
1.6751
1.66408
1.64805
1.62918
1.61007
1.59284
1.57834
1.56609
1.55477
1.54323
1.53154
1.52116
1.51419
1.51241
1.51642
1.52481
1.53447
1.54211
1.54605
1.54681
1.54617
1.54557
1.54499
1.54379
1.54284
1.54505
1.55292
1.56593
1.58123
1.59576
1.60684
1.6118
1.60871
1.59785
1.58205
1.56519
1.55012
1.53792
1.52864
1.52214
1.5185
1.51781
1.51993
1.52439
1.53056
1.53773
1.5451
1.5518
1.55736
1.56184
1.56567
1.56927
1.57299
1.5773
1.58314
1.59182
1.6035
1.61546
1.62313
1.62306
1.6149
1.60078
1.58368
1.56627
1.55095
1.53999
1.53544
1.53875
1.5497
1.56529
1.58104
1.59369
1.60244
1.60794
1.6113
1.61384
1.61707
1.62208
1.6291
1.63745
1.64586
1.65305
1.65794
1.65968
1.65768
1.6518
1.64272
1.63178
1.62028
1.60875
1.59761
1.58888
1.5857
1.58918
1.5968
1.60531
1.61392
1.62376
1.63503
1.64474
1.64762
1.63923
1.61921
1.59263
1.56817
1.55305
1.54843
1.55
1.55267
1.55397
1.55403
1.55391
1.55396
1.55334
1.55059
1.54464
1.53579
1.52548
1.51482
1.50341
1.4906
1.47796
1.46947
1.46871
1.47646
1.49082
1.50885
1.5276
1.54429
1.55688
1.56471
1.56834
1.56881
1.56744
1.56622
1.56758
1.57336
1.58377
1.5973
1.61142
1.62346
1.63102
1.63256
1.62789
1.61841
1.60699
1.5971
1.59124
1.58944
1.58877
1.58466
1.57335
1.55358
1.52687
1.49633
1.46641
1.4449
1.44217
1.46076
1.4881
1.5079
1.51314
1.5075
1.50167
1.50639
1.52325
1.54339
1.55677
1.55973
1.55491
1.54741
1.54116
1.53753
1.53654
1.53875
1.54619
1.56176
1.58682
1.61839
1.64917
1.67117
1.67906
1.67079
1.64709
1.61113
1.56821
1.52492
1.48782
1.46205
1.45024
1.45154
1.46145
1.4735
1.48195
1.48396
1.48047
1.47567
1.47482
1.48061
1.49161
1.50422
1.51517
1.52195
1.52314
1.51983
1.51598
1.51587
1.5202
1.52587
1.52935
1.52923
1.52577
1.51935
1.50976
1.49714
1.48447
1.47852
1.4864
1.50915
1.53928
1.56583
1.58151
1.58546
1.58176
1.57641
1.57468
1.57956
1.59115
1.60685
1.62218
1.63229
1.63356
1.62509
1.60973
1.59355
1.58313
1.58184
1.58719
1.59254
1.59192
1.5837
1.5706
1.55645
1.54366
1.53354
1.5272
1.52532
1.52731
1.53181
1.53778
1.54519
1.55428
1.56456
1.57471
1.58303
1.58802
1.58833
1.5827
1.5701
1.55047
1.52526
1.49764
1.47216
1.45395
1.44743
1.45458
1.47379
1.50039
1.52834
1.55228
1.56945
1.58073
1.59
1.60134
1.61566
1.6293
1.63627
1.63242
1.61799
1.59749
1.57721
1.56209
1.55377
1.55079
1.55037
1.55028
1.54976
1.54927
1.5492
1.54876
1.54604
1.53967
1.53046
1.52128
1.51455
1.51059
1.50784
1.5042
1.4979
1.4882
1.47601
1.46405
1.4561
1.45554
1.46355
1.47852
1.49696
1.51559
1.53244
1.54636
1.55609
1.56089
1.56209
1.56352
1.56953
1.58219
1.59992
1.61855
1.63389
1.64377
1.64851
1.64969
1.64857
1.64543
1.64
1.63184
1.62035
1.60469
1.58399
1.55789
1.5274
1.49554
1.46791
1.45173
1.45274
1.47125
1.50121
1.53374
1.56188
1.58298
1.59758
1.6073
1.61349
1.61738
1.61989
1.62115
1.62061
1.61794
1.61393
1.61058
1.60973
1.61189
1.61625
1.62171
1.62773
1.63435
1.64148
1.64868
1.65582
1.66341
1.67184
1.6801
1.68554
1.685
1.6766
1.6609
1.64007
1.61577
1.58815
1.55646
1.52027
1.48096
1.4431
1.41374
1.3985
1.39805
1.40874
1.42582
1.44588
1.46686
1.4871
1.50525
1.52112
1.53578
1.55051
1.56574
1.5807
1.59346
1.60152
1.60269
1.59616
1.58367
1.56987
1.5614
1.56389
1.57863
1.60181
1.62708
1.64878
1.66358
1.67102
1.67283
1.67137
1.66829
1.66442
1.66078
1.65905
1.66053
1.66352
1.66233
1.65023
1.62496
1.59254
1.56463
1.54896
1.54383
1.54291
1.54075
1.534
1.52123
1.50347
1.48488
1.47184
1.46915
1.47635
1.48928
1.50378
1.51722
1.53009
1.54802
1.57764
1.61501
1.64561
1.65755
1.64785
1.62012
1.5819
1.54255
1.50945
1.48486
1.46687
1.45285
1.4415
1.43281
1.42723
1.42585
1.43076
1.44414
1.46571
1.49141
1.51545
1.53336
1.54347
1.54629
1.54318
1.53537
1.52371
1.50954
1.49599
1.48831
1.49151
1.50692
1.53108
1.55831
1.58382
1.60491
1.62063
1.63092
1.63606
1.63721
1.63684
1.63749
1.64013
1.64373
1.64619
1.64548
1.64021
1.63004
1.61599
1.60049
1.58662
1.57682
1.57215
1.57224
1.57572
1.58058
1.58449
1.58538
1.58172
1.57287
1.55892
1.54011
1.51697
1.4917
1.46995
1.45948
1.46431
1.48087
1.50186
1.52228
1.54138
1.56076
1.58157
1.60307
1.62284
1.63749
1.64315
1.63654
1.61743
1.59016
1.56181
1.53795
1.52111
1.5125
1.51314
1.52227
1.53523
1.54441
1.54358
1.53254
1.51772
1.50607
1.49751
1.48692
1.47251
1.45886
1.45307
1.45937
1.47691
1.50166
1.52949
1.55798
1.58603
1.61308
1.63908
1.66394
1.68645
1.70413
1.71425
1.71507
1.70643
1.68939
1.66572
1.63688
1.60356
1.5669
1.53123
1.50457
1.49456
1.50252
1.52226
1.54394
1.55897
1.56301
1.55665
1.54405
1.53012
1.51828
1.51003
1.50567
1.50501
1.50791
1.51531
1.52942
1.55095
1.57615
1.59905
1.61662
1.63062
1.64528
1.66395
1.68699
1.71167
1.73342
1.74749
1.7505
1.74117
1.72026
1.69024
1.65503
1.62
1.59139
1.57465
1.57164
1.57879
1.58829
1.59195
1.58551
1.57118
1.5562
1.5462
1.54002
1.53333
1.52514
1.51841
1.51686
1.52268
1.536
1.55527
1.57761
1.59951
1.61767
1.62988
1.63516
1.63382
1.62723
1.61759
1.60727
1.59802
1.59073
1.58613
1.58558
1.58986
1.59755
1.60532
1.60975
1.60879
1.60216
1.59109
1.57751
1.56349
1.551
1.54194
1.53781
1.53927
1.54562
1.5546
1.56305
1.56889
1.57309
1.5798
1.59361
1.61472
1.63705
1.65275
1.65797
1.65355
1.64243
1.6278
1.61208
1.59609
1.57865
1.55759
1.53188
1.50358
1.47806
1.46216
1.46135
1.4774
1.50746
1.54499
1.58229
1.61323
1.63446
1.64496
1.64577
1.63999
1.63222
1.6261
1.62213
1.61863
1.61456
1.61073
1.60856
1.6082
1.6089
1.61123
1.90388
1.905
1.89805
1.87898
1.84896
1.8134
1.77773
1.74393
1.71127
1.68051
1.65656
1.64659
1.655
1.67953
1.71203
1.74289
1.76488
1.77485
1.7736
1.76498
1.75422
1.74566
1.74079
1.73768
1.73187
1.71845
1.69464
1.66176
1.62546
1.59386
1.57468
1.57319
1.59124
1.6265
1.67211
1.71836
1.75561
1.77702
1.78049
1.76915
1.74971
1.72914
1.71216
1.70131
1.6984
1.70511
1.72226
1.748
1.77703
1.80214
1.81706
1.81902
1.80981
1.79509
1.78108
1.77126
1.76654
1.76732
1.77396
1.78542
1.7984
1.80792
1.80948
1.8019
1.78869
1.7767
1.77215
1.77682
1.78752
1.79834
1.80386
1.8014
1.79175
1.77794
1.76217
1.74373
1.71986
1.68919
1.65542
1.62707
1.61234
1.61467
1.63376
1.66703
1.70827
1.74769
1.77612
1.78949
1.78971
1.78213
1.77184
1.76133
1.74981
1.73479
1.71568
1.69637
1.68366
1.68277
1.69427
1.7146
1.73918
1.76428
1.78686
1.80419
1.81436
1.81719
1.81439
1.80877
1.80293
1.79828
1.79476
1.79155
1.78815
1.78516
1.78465
1.78922
1.80053
1.818
1.83871
1.85832
1.87285
1.88038
1.88176
1.87973
1.87666
1.87277
1.86664
1.85743
1.84602
1.83378
1.82073
1.8055
1.78732
1.76756
1.74976
1.73816
1.73579
1.74301
1.75759
1.77632
1.79668
1.81686
1.83463
1.84716
1.85231
1.85014
1.8436
1.8374
1.83502
1.83621
1.83788
1.8369
1.83149
1.82094
1.80545
1.78581
1.76294
1.73793
1.71213
1.68672
1.66225
1.63947
1.62103
1.61191
1.61677
1.63583
1.66375
1.69273
1.71666
1.7332
1.74362
1.75047
1.75511
1.75652
1.75236
1.74096
1.72301
1.70167
1.68129
1.66572
1.65752
1.65749
1.664
1.67251
1.67728
1.67519
1.66846
1.66305
1.66397
1.67233
1.68611
1.7019
1.71643
1.72778
1.73513
1.73799
1.73658
1.73281
1.72995
1.73141
1.73991
1.75621
1.77719
1.79739
1.8128
1.82242
1.82696
1.82752
1.82557
1.82299
1.82135
1.82142
1.82308
1.82493
1.82378
1.81549
1.7973
1.76995
1.73788
1.70686
1.68076
1.66015
1.64364
1.63104
1.62587
1.63404
1.65777
1.69165
1.72689
1.75722
1.78005
1.79472
1.80055
1.79572
1.77775
1.74618
1.70774
1.67962
1.67983
1.70884
1.7493
1.78265
1.79809
1.79288
1.77074
1.73974
1.71038
1.69225
1.6886
1.69408
1.69958
1.69913
1.69296
1.68593
1.68388
1.69018
1.70461
1.72364
1.74161
1.75256
1.75273
1.74248
1.72675
1.713
1.70714
1.71123
1.72466
1.74593
1.7722
1.79846
1.8184
1.82664
1.82066
1.80145
1.77293
1.74034
1.70905
1.68423
1.67066
1.67106
1.68373
1.70338
1.72408
1.74116
1.75112
1.75128
1.73997
1.71804
1.69043
1.66636
1.65679
1.66863
1.69943
1.73892
1.77632
1.80573
1.82631
1.83982
1.84839
1.85346
1.85585
1.85612
1.85468
1.8515
1.84641
1.83982
1.83313
1.82814
1.82596
1.82612
1.82665
1.8246
1.81706
1.80268
1.78338
1.76479
1.75388
1.75433
1.76417
1.77794
1.79025
1.79716
1.79682
1.79029
1.78068
1.77081
1.76166
1.75337
1.74757
1.74769
1.75592
1.77088
1.78923
1.80712
1.81984
1.82287
1.81593
1.8061
1.80368
1.81148
1.82307
1.83186
1.83601
1.83605
1.83134
1.819
1.79547
1.75906
1.71257
1.66482
1.62925
1.61652
1.62539
1.64451
1.66322
1.67695
1.68564
1.69143
1.69706
1.70452
1.71411
1.72423
1.73228
1.73646
1.73721
1.73673
1.73696
1.73787
1.73787
1.73546
1.73069
1.72511
1.72102
1.72043
1.72421
1.73199
1.74263
1.75447
1.76546
1.7735
1.77752
1.77856
1.77997
1.78583
1.79864
1.81749
1.83837
1.85622
1.86716
1.86942
1.86311
1.84952
1.83053
1.80871
1.78734
1.76991
1.7588
1.75438
1.75547
1.76026
1.76685
1.77376
1.78023
1.78623
1.79244
1.80021
1.81055
1.82292
1.83512
1.84479
1.85124
1.85622
1.86276
1.87278
1.88551
1.8977
1.90522
1.90458
1.89405
1.8743
1.84893
1.82405
1.80656
1.80159
1.81026
1.82927
1.85267
1.87445
1.89008
1.89657
1.89217
1.87639
1.8499
1.81413
1.77104
1.72355
1.67542
1.63021
1.59048
1.55827
1.53541
1.52352
1.52414
1.53823
1.56546
1.605
1.65519
1.7109
1.76312
1.80265
1.823
1.82109
1.7981
1.7609
1.72178
1.69397
1.68509
1.69434
1.7156
1.74254
1.77091
1.79782
1.82125
1.84065
1.85605
1.86627
1.86861
1.86083
1.84319
1.81917
1.79446
1.77499
1.76483
1.76486
1.77295
1.78568
1.8002
1.8146
1.82719
1.8362
1.84035
1.83947
1.83433
1.82564
1.81337
1.79722
1.77805
1.75814
1.7395
1.7227
1.70834
1.69926
1.69984
1.71198
1.73235
1.75461
1.77376
1.78772
1.79627
1.79958
1.79782
1.79183
1.78443
1.77993
1.78111
1.78677
1.79299
1.79583
1.79329
1.78712
1.78366
1.79055
1.80922
1.83097
1.84337
1.83983
1.82243
1.79874
1.77828
1.77023
1.77999
1.80428
1.83141
1.84903
1.85065
1.83573
1.80785
1.77375
1.7409
1.71396
1.6949
1.68552
1.68779
1.70118
1.72068
1.73919
1.75197
1.75844
1.76007
1.75694
1.7477
1.73444
1.72496
1.72516
1.732
1.73949
1.74595
1.7525
1.75882
1.76284
1.76326
1.7606
1.75588
1.74955
1.74233
1.73589
1.73241
1.73374
1.74038
1.7507
1.76118
1.768
1.76872
1.7632
1.75362
1.74364
1.73689
1.73469
1.73451
1.73118
1.72142
1.70692
1.69356
1.68783
1.69326
1.70888
1.73033
1.7528
1.77313
1.79017
1.80386
1.8144
1.82139
1.82296
1.8161
1.79877
1.77265
1.74443
1.7236
1.71723
1.72578
1.74393
1.76422
1.77936
1.78311
1.77208
1.74771
1.71693
1.68961
1.6736
1.67055
1.67562
1.68134
1.6835
1.68456
1.69089
1.70544
1.72396
1.73966
1.7494
1.75453
1.75751
1.76046
1.76624
1.77748
1.7937
1.81192
1.82988
1.84686
1.86213
1.87433
1.88225
1.88582
1.88634
1.88573
1.88488
1.88255
1.87643
1.86515
1.84879
1.82799
1.80304
1.77429
1.74301
1.71204
1.68536
1.66658
1.65711
1.65502
1.65564
1.65364
1.64529
1.63002
1.61076
1.59304
1.58289
1.58477
1.60065
1.6301
1.67061
1.71795
1.76619
1.80812
1.83678
1.84761
1.83988
1.81732
1.78765
1.76012
1.74105
1.73102
1.72665
1.72438
1.72286
1.72229
1.72288
1.72467
1.7288
1.73722
1.75004
1.76443
1.77736
1.78822
1.79866
1.81073
1.82536
1.84192
1.85845
1.87256
1.88259
1.88814
1.88971
1.88803
1.88425
1.8806
1.87985
1.88377
1.89168
1.90013
1.90406
1.89907
1.88384
1.86133
1.83745
1.81728
1.80187
1.78922
1.77695
1.76327
1.74702
1.72807
1.7076
1.68747
1.66984
1.6573
1.65189
1.65311
1.65757
1.66161
1.66469
1.67111
1.68776
1.71865
1.76002
1.80161
1.83331
1.85027
1.85333
1.84682
1.83542
1.82164
1.80508
1.78409
1.759
1.73447
1.71767
1.71179
1.71259
1.71289
1.70828
1.69832
1.68469
1.66938
1.65401
1.64032
1.63148
1.63196
1.64505
1.67028
1.70418
1.74255
1.78089
1.81402
1.83702
1.84698
1.84408
1.83121
1.81277
1.79357
1.77842
1.77152
1.77552
1.7908
1.81594
1.84862
1.88563
1.92202
1.95149
1.96861
1.97089
1.95924
1.93693
1.90846
1.87867
1.85212
1.83251
1.82164
1.81828
1.81762
1.81225
1.79551
1.767
1.73624
1.71623
1.71062
1.7133
1.71851
1.72352
1.72543
1.72045
1.70653
1.68635
1.66758
1.65943
1.66708
1.68817
1.7145
1.73656
1.74737
1.74452
1.73119
1.71619
1.71219
1.73012
1.77111
1.82457
1.87607
1.91567
1.93934
1.94594
1.93462
1.90477
1.85764
1.79859
1.73999
1.70094
1.69631
1.72339
1.76584
1.80807
1.84192
1.86531
1.87922
1.8855
1.88614
1.88306
1.87792
1.8717
1.86427
1.85443
1.84049
1.82123
1.79711
1.77109
1.74829
1.73371
1.72945
1.73404
1.74485
1.75996
1.77798
1.79696
1.81386
1.82529
1.82885
1.82425
1.81404
1.80304
1.79631
1.79645
1.80247
1.81094
1.81838
1.82281
1.82407
1.82332
1.82217
1.82178
1.82242
1.82383
1.82581
1.82871
1.83344
1.84101
1.8519
1.86528
1.87868
1.88877
1.89318
1.89198
1.88749
1.88204
1.87549
1.86547
1.85001
1.83002
1.80941
1.793
1.78378
1.78071
1.77832
1.76914
1.74782
1.71541
1.68273
1.66668
1.67514
1.69797
1.71849
1.72774
1.72749
1.72582
1.73055
1.74417
1.76369
1.78392
1.80077
1.81239
1.81862
1.82013
1.81822
1.81475
1.8115
1.80903
1.80676
1.80437
1.8025
1.80154
1.80039
1.79733
1.79258
1.78933
1.79059
1.79434
1.79414
1.78537
1.76993
1.75553
1.75071
1.75882
1.77696
1.79953
1.821
1.83698
1.84499
1.84531
1.84047
1.83366
1.82716
1.82162
1.81642
1.81066
1.80419
1.79786
1.79321
1.79176
1.79441
1.80105
1.81042
1.8207
1.83061
1.83993
1.84908
1.8581
1.86627
1.87241
1.8754
1.87447
1.86951
1.86153
1.85275
1.84575
1.84192
1.8403
1.83794
1.83148
1.81883
1.79971
1.77518
1.74739
1.7199
1.69735
1.68431
1.6842
1.69915
1.72897
1.76913
1.81128
1.84714
1.87155
1.88298
1.88262
1.87306
1.8572
1.83821
1.81995
1.80623
1.79904
1.7973
1.79717
1.79335
1.78086
1.7575
1.72613
1.69496
1.67365
1.66651
1.67
1.67726
1.68346
1.68765
1.69254
1.70333
1.72453
1.75567
1.79025
1.82028
1.8412
1.85276
1.85702
1.85596
1.85018
1.83913
1.82172
1.79724
1.76608
1.73052
1.6953
1.66694
1.65166
1.90076
1.91187
1.92907
1.94738
1.96321
1.97507
1.98359
1.99068
1.99741
2.0018
2.00004
1.99073
1.97752
1.96649
1.96123
1.96141
1.96496
1.96967
1.97385
1.97692
1.97976
1.9833
1.98603
1.98439
1.97641
1.96318
1.9473
1.931
1.91561
1.90263
1.89557
1.90022
1.9219
1.96039
2.00777
2.0528
2.08651
2.1044
2.10527
2.08983
2.05991
2.01875
1.972
1.92822
1.89697
1.88385
1.88647
1.89682
1.90834
1.91905
1.92935
1.93886
1.94556
1.94676
1.93975
1.9231
1.90007
1.88136
1.87883
1.8921
1.90787
1.91332
1.90393
1.88217
1.85382
1.82637
1.80806
1.80452
1.81424
1.82891
1.84008
1.8453
1.84805
1.85312
1.86241
1.87459
1.8872
1.89826
1.90626
1.90973
1.90706
1.89713
1.88059
1.86107
1.84509
1.83958
1.84754
1.86612
1.88903
1.91047
1.92721
1.93901
1.94806
1.957
1.96701
1.97752
1.98743
1.99613
2.00432
2.01415
2.02713
2.04072
2.04808
2.04288
2.02382
1.99519
1.96417
1.93726
1.91925
1.91362
1.92111
1.9375
1.95497
1.96689
1.97146
1.97149
1.97153
1.97528
1.98394
1.99489
2.00161
1.99533
1.96868
1.92095
1.86219
1.81031
1.77934
1.77133
1.78047
1.79961
1.82186
1.8415
1.85604
1.86672
1.87635
1.88606
1.89351
1.8943
1.88507
1.86557
1.83895
1.81213
1.79533
1.7982
1.82254
1.85967
1.89733
1.92733
1.94608
1.95183
1.94369
1.92283
1.89322
1.86023
1.82858
1.80154
1.78147
1.76976
1.76604
1.76872
1.77704
1.79171
1.8129
1.8388
1.86685
1.89542
1.92338
1.94842
1.9665
1.97323
1.9665
1.94949
1.93165
1.92474
1.93542
1.96122
1.99365
2.02436
2.04834
2.06347
2.06862
2.06336
2.04922
2.03059
2.01293
1.99972
1.99131
1.98647
1.98395
1.98205
1.9779
1.96906
1.95655
1.94477
1.93715
1.93309
1.92938
1.92308
1.91354
1.9036
1.89922
1.90566
1.92321
1.94768
1.97393
1.99715
2.01195
2.01243
1.99447
1.95905
1.91444
1.87447
1.85254
1.85406
1.87327
1.89707
1.91317
1.91684
1.91287
1.91177
1.92082
1.93801
1.95622
1.97077
1.98181
1.99122
1.99931
2.00403
2.00227
1.99164
1.9714
1.94248
1.90694
1.8679
1.83121
1.80696
1.80512
1.82644
1.86313
1.90726
1.95351
1.99761
2.03564
2.06454
2.08196
2.08607
2.07631
2.0542
2.02298
1.98576
1.94415
1.89961
1.85721
1.82776
1.82307
1.84601
1.88653
1.92897
1.96086
1.97545
1.97067
1.94809
1.91227
1.87014
1.8299
1.79932
1.78343
1.78277
1.79393
1.81179
1.83141
1.84874
1.86161
1.87035
1.87691
1.88263
1.8866
1.88679
1.88261
1.87642
1.87241
1.8737
1.88064
1.89135
1.90358
1.91561
1.92625
1.93502
1.94261
1.95059
1.96042
1.97212
1.9839
1.99329
1.99969
2.00591
2.01587
2.02998
2.04446
2.05547
2.06196
2.06496
2.06556
2.06331
2.05594
2.04036
2.01441
1.9783
1.93526
1.89216
1.85857
1.84266
1.84565
1.85966
1.87365
1.88234
1.88781
1.89484
1.90696
1.92557
1.94993
1.97776
2.00693
2.03696
2.06747
2.0953
2.11497
2.1218
2.1139
2.09197
2.05915
2.02081
1.98395
1.95552
1.94029
1.93901
1.94779
1.95961
1.96762
1.96787
1.95999
1.94554
1.9256
1.89984
1.86857
1.83612
1.8118
1.80538
1.81939
1.84679
1.87677
1.90118
1.91598
1.92065
1.91887
1.91755
1.92194
1.93179
1.94274
1.94987
1.95003
1.94288
1.9303
1.91459
1.89798
1.88346
1.87485
1.87526
1.8858
1.90523
1.93
1.955
1.97529
1.9876
1.99083
1.98566
1.97403
1.95868
1.94253
1.92749
1.91361
1.89961
1.88536
1.87378
1.86885
1.871
1.87663
1.88219
1.887
1.89276
1.90169
1.9149
1.93121
1.94719
1.95883
1.96335
1.95955
1.94715
1.92751
1.90504
1.88668
1.87897
1.88475
1.90222
1.92667
1.95318
1.9786
2.00232
2.02577
2.05053
2.07663
2.10215
2.12371
2.13731
2.13963
2.13006
2.1126
2.09579
2.08836
2.09368
2.10875
2.12778
2.14555
2.15836
2.16404
2.16147
2.15006
2.12969
2.10129
2.06759
2.03303
2.00261
1.98052
1.96875
1.96644
1.97043
1.97685
1.98229
1.98384
1.97931
1.96847
1.95425
1.94203
1.93665
1.93949
1.94801
1.9576
1.96344
1.96283
1.95803
1.95574
1.96026
1.96909
1.97746
1.98301
1.98528
1.98374
1.97727
1.96528
1.94878
1.93003
1.91171
1.8962
1.88477
1.87696
1.8706
1.8632
1.85397
1.84502
1.84043
1.84374
1.85601
1.87561
1.89949
1.92451
1.94813
1.96854
1.98432
1.99372
1.99466
1.98641
1.97151
1.95562
1.94493
1.94286
1.94811
1.95565
1.95979
1.95667
1.94486
1.92492
1.89938
1.87345
1.85455
1.84947
1.86028
1.88287
1.90978
1.93494
1.95576
1.97163
1.9822
1.98778
1.98995
1.99035
1.9889
1.98358
1.97219
1.95431
1.93193
1.9084
1.88674
1.86837
1.85351
1.84383
1.84397
1.85609
1.87418
1.89003
1.9012
1.91041
1.92182
1.93939
1.96589
2.00024
2.03565
2.06237
2.07243
2.06202
2.03218
1.99002
1.94903
1.92388
1.91978
1.92927
1.94139
1.95068
1.95804
1.96726
1.98093
1.99907
2.0209
2.0462
2.07309
2.09635
2.11104
2.11797
2.12382
2.13468
2.14957
2.16082
2.16087
2.14793
2.12574
2.09961
2.07324
2.04826
2.02521
2.00429
1.98571
1.96903
1.95251
1.93443
1.91536
1.89777
1.88317
1.87047
1.85771
1.8468
1.84777
1.87227
1.9174
1.96569
2.00331
2.02914
2.04878
2.06552
2.07778
2.08264
2.0792
2.06865
2.05252
2.03088
2.00422
1.97774
1.96061
1.95733
1.96276
1.96868
1.97118
1.97246
1.97884
1.99504
2.01736
2.03511
2.04042
2.03286
2.01506
1.98755
1.94931
1.90203
1.85267
1.81184
1.78947
1.79048
1.81264
1.84759
1.88487
1.91677
1.94018
1.95427
1.95726
1.94621
1.91955
1.87928
1.83262
1.79417
1.78134
1.79927
1.83488
1.87174
1.90078
1.91827
1.92238
1.91371
1.89695
1.88035
1.87257
1.87885
1.8991
1.92848
1.95904
1.98206
1.99079
1.98287
1.96124
1.93235
1.90281
1.87729
1.85895
1.84986
1.85027
1.8586
1.87343
1.89531
1.92474
1.95874
1.99088
2.01461
2.02625
2.02551
2.01441
1.99567
1.97198
1.94687
1.92565
1.91433
1.91637
1.93026
1.95035
1.97048
1.98741
2.00102
2.0117
2.01805
2.01725
2.00687
1.98638
1.95775
1.92512
1.89297
1.86425
1.84083
1.82477
1.81743
1.81714
1.81975
1.82238
1.82579
1.83349
1.84859
1.87057
1.89576
1.92087
1.94364
1.96102
1.96826
1.96095
1.93968
1.91442
1.89908
1.89712
1.9
1.89888
1.89116
1.88016
1.87211
1.87083
1.87497
1.8812
1.88836
1.89781
1.91003
1.92306
1.9343
1.94229
1.94688
1.94898
1.94997
1.95006
1.94701
1.937
1.91718
1.88879
1.85845
1.83562
1.82753
1.83594
1.85768
1.886
1.91224
1.92954
1.9362
1.93595
1.93549
1.94082
1.95344
1.9697
1.9842
1.99354
1.99768
1.9991
2.0009
2.00451
2.00878
2.01062
2.00648
1.99404
1.97393
1.95086
1.93183
1.92219
1.92319
1.93281
1.94683
1.95991
1.96717
1.96618
1.95813
1.94785
1.94202
1.94604
1.96117
1.98402
2.00823
2.02721
2.03671
2.03603
2.02728
2.01334
1.99588
1.97496
1.94992
1.9214
1.89212
1.86563
1.84472
1.83274
1.83409
1.84955
1.87326
1.89727
1.9164
1.9288
1.93471
1.93577
1.93467
1.935
1.94051
1.95419
1.97715
2.00794
2.04257
2.07537
2.10033
2.11279
2.11122
2.09852
2.08099
2.06475
2.05243
2.04296
2.03468
2.02829
2.02566
2.02747
2.03424
2.04752
2.06638
2.08463
2.09435
2.09125
2.0766
2.0561
2.03719
2.02536
2.0209
2.01949
2.01573
2.00671
1.99371
1.98229
1.97972
1.98894
2.00561
2.02277
2.03621
2.04475
2.04807
2.04586
2.03823
2.02665
2.0142
2.00431
1.99867
1.9958
1.99197
1.98352
1.96907
1.95018
1.9302
1.91171
1.89468
1.87798
1.86303
1.85424
1.8542
1.8602
1.86667
1.86962
1.86826
1.8637
1.85723
1.84972
1.8421
1.83613
1.8353
1.84456
1.86732
1.90181
1.94092
1.97616
2.00196
2.01709
2.02353
2.02476
2.02462
2.02709
2.03522
2.04824
2.06045
2.06465
2.05656
2.03628
2.00752
1.97648
1.95059
1.93621
1.93536
1.94446
1.95675
1.96642
1.9714
1.97339
1.9759
1.98145
1.98971
1.99793
2.00277
2.00212
1.99626
1.98832
1.98339
1.98573
1.99621
2.01298
2.03351
2.05495
2.07376
2.08703
2.0936
2.09339
2.08587
2.07006
2.04617
2.01783
1.9916
1.97277
1.96215
1.95805
1.95956
1.96703
1.98051
1.99784
2.01365
2.0213
2.01658
2.00034
1.97818
1.95808
1.94693
1.94778
1.95885
1.97417
1.98555
1.9858
1.97292
1.95308
1.93813
1.93628
1.94516
1.95663
1.96591
1.97421
1.98466
1.99768
2.01011
2.01699
2.0131
1.99457
1.96144
1.92096
1.88861
1.87892
1.89184
1.91514
1.93851
1.9585
1.9744
1.98475
1.98677
1.97752
1.9565
1.92798
1.90024
1.88173
1.87716
1.88618
1.90393
1.92274
1.93495
1.93557
1.92385
1.90357
1.88138
1.86327
1.85136
1.84364
1.83681
1.82968
1.82455
1.82585
1.83652
1.85553
1.87905
1.90365
1.92792
1.95212
1.97671
2.00121
2.02392
2.04287
2.0574
2.06877
2.07962
2.09278
2.11003
2.13082
2.1518
2.16762
2.17298
2.16422
2.14017
2.10245
2.0556
2.00675
1.96439
1.93611
1.92556
1.93043
1.94339
1.95557
1.96022
1.9543
1.93769
1.91174
1.87878
1.84243
1.80736
1.77796
1.87875
1.86168
1.84935
1.84279
1.84565
1.8618
1.89185
1.93266
1.97859
2.02193
2.0547
2.07413
2.08598
2.09873
2.11245
2.11758
2.10497
2.07455
2.03668
2.00504
1.98639
1.97875
1.97686
1.97679
1.97732
1.97925
1.98365
1.99034
1.99775
2.00431
2.00932
2.01203
2.01024
2.00029
1.97926
1.94781
1.91187
1.88053
1.8612
1.857
1.86885
1.89771
1.94341
2.00201
2.0653
2.12313
2.16651
2.1893
2.18871
2.16575
2.12581
2.07792
2.03202
1.99512
1.96952
1.95403
1.94573
1.94142
1.93918
1.94037
1.95027
1.97402
2.00901
2.04391
2.06749
2.07536
2.06902
2.05181
2.02675
1.99735
1.96936
1.95006
1.94443
1.95179
1.96623
1.98056
1.99047
1.99581
1.9989
2.00231
2.0078
2.01621
2.02751
2.04027
2.0517
2.0588
2.06052
2.05797
2.05246
2.04506
2.03944
2.04242
2.05873
2.08593
2.11517
2.1368
2.14526
2.14083
2.12912
2.1189
2.11813
2.12895
2.14638
2.1628
2.17301
2.17543
2.1699
2.1559
2.13335
2.1043
2.07362
2.04834
2.0353
2.03726
2.05166
2.07322
2.09667
2.11769
2.1332
2.14179
2.14448
2.1448
2.14727
2.15435
2.16487
2.1754
2.1832
2.18797
2.19056
2.19009
2.18358
2.16842
2.1443
2.11318
2.07915
2.04928
2.03292
2.03627
2.05615
2.08238
2.10572
2.12188
2.13017
2.13098
2.12455
2.11102
2.09067
2.06429
2.03385
2.00313
1.97615
1.95443
1.93785
1.92889
1.93233
1.94939
1.97407
1.99734
2.01331
2.02084
2.02146
2.0171
2.00926
1.99942
1.9893
1.98008
1.97077
1.95867
1.94218
1.92289
1.90473
1.89149
1.88451
1.88254
1.88392
1.8886
1.89741
1.9102
1.92629
1.94509
1.96534
1.98444
1.99951
2.0094
2.01583
2.02255
2.03337
2.05029
2.0724
2.09584
2.11549
2.12795
2.13344
2.13487
2.13466
2.13341
2.13122
2.12885
2.12819
2.13177
2.13967
2.14682
2.14578
2.13208
2.10652
2.07413
2.04229
2.0183
2.00616
2.00318
2.00049
1.98969
1.97138
1.95803
1.96553
1.99701
2.03704
2.06526
2.07126
2.05721
2.03323
2.01192
2.00444
2.01787
2.05315
2.10474
2.16293
2.21751
2.26047
2.28693
2.29469
2.28325
2.25326
2.20694
2.14877
2.086
2.02764
1.98188
1.95395
1.94507
1.95141
1.96438
1.97395
1.9733
1.96115
1.94237
1.92628
1.92159
1.9308
1.95006
1.97387
1.99871
2.02373
2.04941
2.07538
2.09889
2.11574
2.12221
2.11669
2.10034
2.07671
2.05007
2.02369
1.99983
1.98186
1.97407
1.97602
1.97974
1.97714
1.96878
1.96263
1.96401
1.97034
1.97681
1.98349
1.99547
2.013
2.02387
2.01417
1.98211
1.9396
1.90513
1.89288
1.90375
1.927
1.95052
1.9682
1.9801
1.9891
1.99768
2.00656
2.01528
2.02338
2.03144
2.04117
2.05436
2.0715
2.09093
2.10929
2.12295
2.12928
2.12714
2.11662
2.0983
2.07412
2.04933
2.03165
2.02526
2.02612
2.02586
2.01851
2.00344
1.98635
1.97674
1.97895
1.98691
1.99143
1.98829
1.97974
1.9726
1.97514
1.99383
2.03168
2.08523
2.14194
2.18777
2.21719
2.23235
2.23695
2.23351
2.22377
2.20969
2.19356
2.17706
2.15991
2.13983
2.11414
2.08188
2.04524
2.01125
1.9915
1.99415
2.01418
2.03672
2.04928
2.04826
2.03754
2.02417
2.01453
2.01188
2.01551
2.02165
2.0261
2.02737
2.02902
2.03806
2.05819
2.08463
2.10821
2.12331
2.13013
2.13151
2.1301
2.12815
2.12694
2.12558
2.12172
2.11464
2.10695
2.10258
2.1031
2.1061
2.10644
2.09895
2.0811
2.05383
2.02083
1.989
1.96758
1.96274
1.9735
1.99389
2.01718
2.03784
2.05168
2.05577
2.0495
2.03582
2.01923
2.00178
1.98296
1.9657
1.96044
1.97718
2.01385
2.05677
2.08984
2.10087
2.08452
2.0431
1.98575
1.92599
1.87761
1.84927
1.84167
1.84943
1.86522
1.88282
1.89914
1.91448
1.93143
1.95288
1.9798
2.00972
2.03752
2.05846
2.07088
2.07612
2.07676
2.07469
2.07009
2.0618
2.049
2.03345
2.02022
2.01591
2.02435
2.04356
2.06669
2.08618
2.09754
2.10056
2.09786
2.09196
2.08356
2.07289
2.06236
2.05616
2.05689
2.06362
2.0736
2.08523
2.10041
2.12427
2.16081
2.2063
2.2486
2.27537
2.28049
2.26355
2.22725
2.1759
2.11496
2.05208
1.99862
1.96609
1.95843
1.96886
1.98369
1.9898
1.98222
1.96684
1.95498
1.9542
1.96507
1.98358
2.00421
2.02241
2.03557
2.04284
2.0445
2.0425
2.04141
2.04702
2.06116
2.07788
2.08741
2.08338
2.06538
2.03649
2.00087
1.96514
1.93887
1.92609
1.91918
1.91026
1.90444
1.91352
1.93844
1.96802
1.99099
1.99988
1.9904
1.96535
1.93891
1.92821
1.93606
1.953
1.97191
1.9909
2.00862
2.02228
2.02828
2.02433
2.0124
1.99989
1.99447
1.99705
2.0035
2.01241
2.02683
2.04935
2.07814
2.10734
2.13045
2.14338
2.14605
2.14215
2.13709
2.13471
2.13457
2.13223
2.12187
2.09908
2.06253
2.01446
1.96085
1.91168
1.87899
1.86972
1.87998
1.89987
1.92164
1.94147
1.95794
1.97172
1.98484
1.99881
2.0131
2.02574
2.03494
2.03963
2.0389
2.03157
2.01694
1.99648
1.97544
1.9618
1.96184
1.97571
1.99804
2.02183
2.0406
2.04829
2.04005
2.01591
1.98663
1.97317
1.98905
2.02557
2.06588
2.10095
2.12845
2.14761
2.15827
2.16156
2.15915
2.15139
2.13705
2.1163
2.09396
2.07699
2.06856
2.06653
2.06591
2.06119
2.04846
2.02776
2.00339
1.98175
1.96863
1.96626
1.97085
1.97549
1.97608
1.97287
1.9677
1.96242
1.96023
1.9656
1.97928
1.99492
2.00429
2.00483
2.00148
2.00289
2.01548
2.03936
2.0691
2.09752
2.11868
2.12895
2.12698
2.11392
2.09403
2.07431
2.06236
2.06282
2.07507
2.09404
2.11312
2.1276
2.13608
2.13979
2.14013
2.13694
2.12854
2.11335
2.09217
2.06962
2.0532
2.049
2.05718
2.07227
2.08818
2.10227
2.11518
2.12795
2.13981
2.14796
2.149
2.14016
2.11947
2.08609
2.04269
1.99781
1.9637
1.94813
1.94882
1.95755
1.96818
1.97967
1.99323
2.00873
2.02319
2.03169
2.03024
2.01853
1.99973
1.97833
1.95901
1.94733
1.94958
1.97017
2.00805
2.05608
2.10405
2.14318
2.16931
2.18383
2.19249
2.20248
2.21665
2.22866
2.22572
2.19764
2.1436
2.07378
2.0061
1.95689
1.93124
1.9228
1.92153
1.9201
1.91501
1.90534
1.89224
1.8788
1.86876
1.86444
1.86609
1.87354
1.88814
1.91258
1.94797
1.99097
2.0344
2.07015
2.0912
2.09267
2.07302
2.03623
1.99357
1.9611
1.95056
1.96221
1.98857
2.02183
2.05595
2.08576
2.10742
2.11965
2.12406
2.12441
2.12492
2.12695
2.12665
2.11748
2.09464
2.05769
2.01188
1.96855
1.94141
1.93758
1.95198
1.97195
1.9856
1.98711
1.9796
1.9758
1.99038
2.02837
2.08443
2.14761
2.20384
2.23935
2.24446
2.21553
2.15641
2.08053
2.01062
1.96754
1.95398
1.95577
1.95803
1.95397
1.94439
1.93401
1.92786
1.93011
1.94332
1.96511
1.98674
1.99861
1.99659
1.98323
1.96492
1.94793
1.93604
1.93116
1.93446
1.94519
1.95903
1.9693
1.97002
1.95799
1.93382
1.90238
1.87187
1.85142
1.84821
1.86622
1.90539
1.96079
2.02363
2.08468
2.13698
2.17635
2.20078
2.21027
2.2067
2.19285
2.17213
2.14909
2.12875
2.11401
2.10449
2.0985
2.09515
2.09348
2.09117
2.08578
2.0771
2.06753
2.06011
2.05612
2.0542
2.05149
2.04557
2.0355
2.0213
2.00358
1.98434
1.96739
1.95693
1.95545
1.96342
1.9808
2.00773
2.04284
2.08229
2.1212
2.15589
2.18439
2.20597
2.22023
2.2263
2.2223
2.20633
2.17929
2.14745
2.12119
2.10871
2.10983
2.11723
2.12247
2.12056
2.11072
2.09502
2.07699
2.06102
2.05202
2.05402
2.06808
2.09114
2.11698
2.13837
2.14886
2.14419
2.1235
2.08989
2.04959
2.00926
1.97312
1.94218
1.9157
1.8932
1.87544
1.86448
1.86281
1.87189
1.89061
1.91468
1.93738
1.95186
1.95414
1.94569
1.93383
1.92759
1.93032
1.93732
1.94146
1.93863
1.92912
1.91624
1.9039
1.89424
1.88761
1.88481
1.88776
1.89692
1.90982
1.92394
1.93905
1.95634
1.97717
2.00194
2.02889
2.05425
2.0744
2.08821
2.09734
2.10427
2.11017
2.11457
2.11701
2.11866
2.12166
2.12645
2.13101
2.13338
2.13315
2.13011
2.12287
2.10953
2.0891
2.06165
2.02709
1.98397
1.93042
1.86754
1.80307
1.75218
1.73167
1.74725
1.78641
1.82924
1.86332
1.88638
1.90116
1.91089
1.91811
1.92493
1.93121
1.93214
1.91941
1.88715
1.83807
1.78608
1.75088
1.74394
1.75926
1.78307
1.80866
1.83718
1.86981
1.9048
1.93967
1.97295
2.0036
2.03015
2.05106
2.06549
2.07272
2.07166
2.06132
2.04174
2.01444
1.98246
1.94965
1.91912
1.89257
1.87408
1.87392
1.90063
1.94719
1.99371
2.02306
2.02943
2.01687
1.99504
1.97485
1.96411
1.96484
1.97505
1.99197
2.01239
2.03131
2.04376
2.04928
2.05218
2.05514
2.05565
2.05042
2.04056
2.03148
2.02912
2.03617
2.05067
2.06711
2.07962
2.08614
2.09002
2.09315
2.08886
2.06762
2.02659
1.97107
1.91207
1.86313
1.83501
1.83127
1.8483
1.8789
1.9163
1.95652
1.9978
2.03831
2.07448
2.10155
2.11543
2.11428
2.09876
2.07147
2.0367
2.00058
1.96982
1.94813
1.93396
1.92294
1.9127
1.90615
1.91089
1.93341
1.97308
2.02158
2.06726
2.10001
2.1137
2.10717
1.87971
1.85598
1.83892
1.83511
1.84625
1.86945
1.89857
1.92595
1.94456
1.9504
1.94356
1.9275
1.90646
1.88306
1.85765
1.83014
1.80335
1.78456
1.78239
1.79959
1.82989
1.86363
1.89523
1.92452
1.95334
1.98184
2.00787
2.02912
2.04525
2.0568
2.06226
2.05785
2.04071
2.0123
1.97851
1.94636
1.91946
1.89682
1.8767
1.86076
1.85331
1.85693
1.87024
1.88895
1.90768
1.92181
1.92892
1.92908
1.92426
1.91779
1.91445
1.91895
1.93293
1.95363
1.9757
1.99382
2.00464
2.00794
2.0065
2.00361
1.99992
1.99307
1.9798
1.9581
1.92888
1.89633
1.86559
1.84008
1.82193
1.81297
1.81281
1.81776
1.82278
1.82496
1.82653
1.83414
1.85268
1.87924
1.90515
1.92229
1.92662
1.91828
1.90048
1.87822
1.85709
1.84126
1.83213
1.82916
1.83173
1.83953
1.85119
1.86386
1.87487
1.88274
1.88717
1.88903
1.89017
1.89275
1.8986
1.90885
1.92355
1.94076
1.95611
1.96378
1.95891
1.93957
1.90724
1.86666
1.8252
1.79093
1.76965
1.76298
1.76841
1.7805
1.79249
1.79924
1.79971
1.79663
1.79387
1.79385
1.79697
1.8028
1.81096
1.82096
1.83195
1.84276
1.8517
1.85656
1.85546
1.84821
1.83698
1.82541
1.81693
1.81409
1.81874
1.83096
1.84793
1.86489
1.87761
1.88401
1.88355
1.87623
1.86303
1.84756
1.83605
1.83367
1.84101
1.85464
1.87012
1.88455
1.89761
1.91063
1.92417
1.9365
1.94455
1.9464
1.94294
1.93712
1.93076
1.92212
1.90648
1.8793
1.84031
1.79618
1.75848
1.73529
1.72531
1.72196
1.72073
1.72169
1.7278
1.74184
1.76399
1.79116
1.81826
1.84116
1.85894
1.87371
1.88801
1.90284
1.9174
1.92905
1.93335
1.92624
1.90692
1.87998
1.85456
1.84121
1.84659
1.8691
1.90036
1.9312
1.95592
1.97229
1.97986
1.97849
1.96765
1.94605
1.91151
1.86355
1.80875
1.76338
1.74485
1.7574
1.79012
1.82766
1.85907
1.88018
1.89173
1.89622
1.89525
1.8887
1.87537
1.85452
1.82712
1.79609
1.76561
1.73982
1.72138
1.71092
1.70797
1.7128
1.72719
1.75273
1.78824
1.82922
1.86991
1.90559
1.93345
1.95232
1.96204
1.96368
1.96013
1.95554
1.95221
1.94747
1.9355
1.91339
1.88477
1.85723
1.83638
1.8233
1.81691
1.81643
1.81977
1.82085
1.81208
1.79056
1.76075
1.732
1.71282
1.70594
1.7086
1.71656
1.72741
1.74084
1.75666
1.773
1.78612
1.79274
1.7936
1.79401
1.79835
1.8055
1.81176
1.8152
1.81551
1.81251
1.80624
1.79786
1.78989
1.7848
1.78391
1.78771
1.79669
1.81112
1.82959
1.84819
1.86213
1.86863
1.86831
1.86386
1.85811
1.85341
1.85214
1.85625
1.86627
1.88147
1.90042
1.9206
1.93773
1.94641
1.94188
1.92236
1.89148
1.85808
1.83166
1.817
1.813
1.81467
1.81544
1.81085
1.80094
1.78787
1.77297
1.75683
1.74159
1.73147
1.7301
1.73701
1.74763
1.75556
1.75398
1.73836
1.71435
1.70262
1.71957
1.75565
1.79242
1.82205
1.84433
1.85994
1.86908
1.87219
1.87099
1.86855
1.86755
1.86774
1.86604
1.8597
1.8498
1.842
1.84226
1.85148
1.86579
1.88129
1.89653
1.91132
1.9252
1.93738
1.94715
1.95452
1.96048
1.96607
1.97059
1.97071
1.9621
1.94195
1.91072
1.87213
1.83231
1.79839
1.7765
1.76939
1.77556
1.79044
1.8087
1.82604
1.84017
1.85079
1.8587
1.86497
1.87067
1.87679
1.88384
1.89169
1.89968
1.90717
1.91411
1.92168
1.93171
1.94536
1.96211
1.9801
1.99815
2.01701
2.03593
2.04774
2.04157
2.01027
1.95379
1.87857
1.79598
1.72
1.66477
1.64135
1.65274
1.69158
1.74419
1.79655
1.83825
1.8643
1.87507
1.87459
1.86806
1.85943
1.84983
1.83762
1.82066
1.79935
1.77784
1.76263
1.75965
1.7712
1.79456
1.82328
1.84975
1.86799
1.87582
1.87672
1.87965
1.89413
1.92179
1.95363
1.97729
1.98663
1.98442
1.97817
1.97461
1.97665
1.98293
1.98911
1.98999
1.98166
1.9629
1.93587
1.90553
1.87772
1.85708
1.84675
1.84926
1.86642
1.89766
1.93866
1.98235
2.0217
2.05206
2.07068
2.07519
2.06358
2.03508
1.99082
1.93448
1.87346
1.81872
1.78147
1.76776
1.77545
1.79653
1.82197
1.84513
1.86274
1.87389
1.87888
1.87883
1.87569
1.8718
1.8689
1.86755
1.86788
1.87005
1.87252
1.87152
1.86367
1.84823
1.82709
1.8037
1.78103
1.75897
1.73423
1.7035
1.66875
1.64057
1.63497
1.66179
1.71538
1.77927
1.83748
1.88053
1.90565
1.91518
1.91513
1.91304
1.91446
1.91962
1.92424
1.92446
1.92121
1.91908
1.92103
1.92629
1.93377
1.94372
1.9553
1.9669
1.97952
1.99569
2.01426
2.03028
2.0413
2.0515
2.06618
2.08341
2.09445
2.09205
2.07607
2.05225
2.02699
2.00272
1.97785
1.9498
1.91762
1.88281
1.84922
1.82235
1.80705
1.80435
1.81053
1.81981
1.82763
1.83165
1.83147
1.82817
1.82399
1.82164
1.8234
1.83001
1.83994
1.85009
1.85843
1.86666
1.87924
1.89836
1.92007
1.93656
1.94128
1.93162
1.90898
1.87793
1.84517
1.81808
1.8013
1.79348
1.78917
1.78379
1.77588
1.76628
1.75777
1.75545
1.76494
1.78795
1.82015
1.85428
1.88478
1.90941
1.92826
1.94207
1.95101
1.95433
1.95088
1.93945
1.91892
1.88902
1.85216
1.81483
1.78595
1.77181
1.77207
1.78102
1.79174
1.79913
1.80138
1.80053
1.80059
1.80448
1.8136
1.82924
1.85148
1.87683
1.89834
1.90918
1.90662
1.89412
1.88051
1.87531
1.88153
1.89363
1.90336
1.90609
1.90196
1.89394
1.88553
1.88
1.8785
1.87579
1.86208
1.83303
1.79609
1.76668
1.75814
1.77363
1.80609
1.84418
1.87804
1.90191
1.91435
1.917
1.91275
1.90468
1.89599
1.88956
1.88616
1.88343
1.87766
1.86675
1.85096
1.83087
1.80665
1.78158
1.76516
1.7671
1.78753
1.81819
1.85062
1.87956
1.90188
1.91573
1.92119
1.92082
1.91872
1.9181
1.91905
1.9192
1.91628
1.91042
1.90432
1.90154
1.90367
1.90846
1.9104
1.90358
1.88564
1.86038
1.83722
1.8267
1.83485
1.86141
1.90197
1.94895
1.99174
2.01953
2.026
2.0128
1.98926
1.96676
1.9498
1.9332
1.90946
1.87754
1.84534
1.8232
1.81412
1.81163
1.80717
1.79655
1.78161
1.76911
1.76692
1.77852
1.80068
1.82694
1.8521
1.87385
1.89172
1.90571
1.91534
1.91944
1.91678
1.90741
1.89338
1.87856
1.86721
1.86228
1.86465
1.87392
1.8899
1.91339
1.9447
1.9803
2.01115
2.02664
2.02018
1.99113
1.94366
1.88528
1.82544
1.77367
1.73691
1.71749
1.71372
1.72242
1.74068
1.76529
1.79153
1.81333
1.82522
1.82566
1.82028
1.82084
1.8358
1.8619
1.88891
1.90905
1.91993
1.92328
1.9231
1.92373
1.92809
1.93688
1.9484
1.9588
1.96331
1.95835
1.9436
1.92351
1.90667
1.90143
1.90907
1.92189
1.92956
1.92711
1.91662
1.90271
1.887
1.86639
1.83671
1.79904
1.76361
1.74531
1.75247
1.78142
1.82109
1.85982
1.88894
1.9036
1.90238
1.88741
1.86421
1.84023
1.82144
1.81046
1.80729
1.81029
1.81644
1.82271
1.82778
1.83178
1.83468
1.8359
1.83511
1.83287
1.83023
1.82815
1.82681
1.82536
1.82275
1.81889
1.81491
1.81208
1.81108
1.8121
1.81572
1.82337
1.83579
1.85106
1.86452
1.8714
1.86946
1.85964
1.84508
1.82987
1.81811
1.8133
1.81747
1.82997
1.8474
1.86554
1.88149
1.89403
1.90201
1.90272
1.89221
1.86861
1.8372
1.81174
1.80435
1.8126
1.82489
1.8341
1.84041
1.84548
1.84803
1.84449
1.83273
1.8149
1.79779
1.79035
1.7985
1.82026
1.84698
1.86996
1.88531
1.89276
1.89191
1.88154
1.86178
1.83559
1.80839
1.78725
1.7795
1.78927
1.81404
1.84598
1.87664
1.90068
1.91783
1.93266
1.94994
1.96869
1.98226
1.98522
1.97835
1.96622
1.95158
1.93454
1.91555
1.89665
1.88045
1.86926
1.86425
1.86361
1.86249
1.85692
1.84782
1.83904
1.83217
1.82525
1.81631
1.8059
1.79645
1.79041
1.78902
1.79158
1.79564
1.79844
1.79855
1.7965
1.79372
1.79137
1.7904
1.79182
1.79582
1.80143
1.80809
1.81703
1.83099
1.85347
1.88677
1.92825
1.96929
2.00025
2.01657
2.02057
2.0182
2.01361
2.0066
1.99471
1.97744
1.95791
1.93976
1.92294
1.90379
1.87935
1.85069
1.82247
1.79951
1.78383
1.77477
1.77181
1.77698
1.79345
1.82113
1.85513
1.889
1.91835
1.9417
1.9595
1.97289
1.98306
1.99092
1.99696
2.00051
1.99928
1.99004
1.97051
1.94163
1.90781
1.87434
1.84454
1.82006
1.80276
1.79454
1.79551
1.80268
1.81068
1.81476
1.81397
1.81195
1.81402
1.8225
1.83485
1.8465
1.85425
1.85725
1.85613
1.85206
1.84665
1.84221
1.84108
1.84459
1.85227
1.86197
1.87102
1.87756
1.88032
1.87749
1.86894
1.86296
1.87378
1.90292
1.93613
1.96176
1.9777
1.98626
1.98952
1.98773
1.97974
1.96445
1.94174
1.91283
1.88024
1.84795
1.82091
1.80334
1.7971
1.80185
1.81602
1.83731
1.86254
1.88746
1.90743
1.91941
1.92404
1.92538
1.92726
1.92969
1.92871
1.92056
1.90587
1.88923
1.87499
1.86474
1.85794
1.85286
1.84678
1.83741
1.8249
1.81244
1.80459
1.80491
1.81441
1.83125
1.85149
1.87072
1.88537
1.89309
1.89238
1.8826
1.86443
1.84079
1.81759
1.80211
1.79951
1.81067
1.83291
1.86167
1.89172
1.9182
1.93841
1.9538
