1.23111
1.33707
1.48523
1.64491
1.79642
1.92903
2.03768
2.12072
2.17861
2.21307
2.22648
2.22168
2.20173
2.16978
2.12898
2.08255
2.03369
1.98565
1.94142
1.90352
1.87372
1.85273
1.84041
1.83583
1.83757
1.84381
1.85264
1.86206
1.87018
1.87536
1.87619
1.87174
1.86167
1.84613
1.82605
1.80303
1.77923
1.75729
1.73995
1.7295
1.72741
1.73408
1.74877
1.76984
1.79512
1.82222
1.84895
1.87345
1.89439
1.91088
1.92255
1.92933
1.93161
1.9301
1.92565
1.9192
1.9117
1.904
1.89674
1.89028
1.88474
1.87986
1.87516
1.86996
1.86348
1.85516
1.8448
1.83269
1.81965
1.80691
1.79591
1.78809
1.78446
1.78531
1.79015
1.79787
1.80701
1.81625
1.82463
1.83161
1.83695
1.8407
1.84305
1.84427
1.84477
1.84518
1.84628
1.84889
1.85373
1.86124
1.87152
1.88426
1.89894
1.91494
1.93163
1.94847
1.96496
1.98067
1.99508
2.00752
2.01729
2.0236
2.02571
2.0229
2.01453
2.00017
1.97972
1.95354
1.92253
1.88815
1.85237
1.8174
1.78542
1.75813
1.73656
1.72106
1.71147
1.70737
1.70839
1.71421
1.72453
1.73883
1.75645
1.7765
1.79806
1.82032
1.84261
1.86443
1.8854
1.90514
1.92327
1.93928
1.95261
1.96263
1.96888
1.97121
1.96984
1.96544
1.959
1.95173
1.94469
1.9387
1.93418
1.93104
1.92869
1.92616
1.92232
1.91618
1.90707
1.89484
1.87991
1.86328
1.84655
1.83154
1.82007
1.81354
1.81247
1.81632
1.82368
1.8326
1.84125
1.84819
1.85254
1.85401
1.85274
1.84909
1.84356
1.83674
1.82923
1.8216
1.81441
1.80803
1.80271
1.7986
1.79583
1.79465
1.79547
1.79882
1.80519
1.81487
1.82775
1.84322
1.8603
1.87772
1.89423
1.90883
1.92104
1.93081
1.9385
1.94464
1.94976
1.95408
1.95756
1.95979
1.96016
1.95793
1.95241
1.943
1.92948
1.912
1.89128
1.86841
1.8448
1.82193
1.80135
1.78451
1.77271
1.76685
1.76726
1.77364
1.78518
1.80069
1.81863
1.83745
1.85581
1.87273
1.88766
1.90049
1.91114
1.91929
1.92456
1.92662
1.92542
1.92133
1.91501
1.90724
1.89883
1.89049
1.88274
1.87594
1.87026
1.86571
1.86221
1.85958
1.85754
1.85577
1.85403
1.85218
1.85035
1.84884
1.84808
1.84842
1.85009
1.85315
1.85754
1.86311
1.86969
1.87717
1.88544
1.89433
1.90344
1.91215
1.91963
1.92496
1.9274
1.92666
1.92296
1.91698
1.90965
1.90187
1.89432
1.88732
1.88089
1.87488
1.8691
1.86338
1.85762
1.8517
1.8454
1.83851
1.8309
1.82265
1.81417
1.80628
1.80008
1.79677
1.79745
1.80283
1.81306
1.82767
1.84566
1.86557
1.88577
1.90462
1.92063
1.93272
1.94019
1.9429
1.94115
1.9356
1.92709
1.91662
1.90507
1.89328
1.882
1.87177
1.86302
1.85605
1.85111
1.8484
1.84804
1.85015
1.85474
1.86166
1.8707
1.88162
1.89405
1.90746
1.92121
1.93433
1.94555
1.9534
1.95648
1.95375
1.94481
1.92992
1.91008
1.88682
1.86202
1.83762
1.81549
1.79722
1.78403
1.77662
1.77514
1.77924
1.78818
1.80091
1.81622
1.83291
1.84965
1.86519
1.87841
1.88849
1.89497
1.89768
1.8967
1.89229
1.88491
1.87516
1.86385
1.85182
1.84009
1.8297
1.82172
1.81721
1.81706
1.82171
1.83104
1.84428
1.86003
1.87658
1.89228
1.90576
1.91612
1.92291
1.92602
1.92537
1.92102
1.91305
1.9017
1.88753
1.87154
1.85511
1.83998
1.82786
1.8202
1.81788
1.82111
1.82952
1.84222
1.85794
1.87514
1.89205
1.90704
1.91877
1.92649
1.93
1.92956
1.92575
1.91926
1.91082
1.90111
1.89073
1.88025
1.87019
1.86095
1.85276
1.84568
1.83969
1.83472
1.83079
1.82798
1.82647
1.82647
1.82813
1.83146
1.83637
1.84279
1.85072
1.86012
1.87105
1.88354
1.89748
1.91227
1.92686
1.9398
1.9496
1.95489
1.95481
1.94911
1.93816
1.92293
1.90484
1.88559
1.867
1.85073
1.83804
1.8296
1.8255
1.82533
1.8284
1.83396
1.84129
1.8497
1.85851
1.86708
1.87486
1.88141
1.88637
1.88941
1.89023
1.88851
1.88401
1.87667
1.86669
1.85467
1.84166
1.82898
1.81806
1.8101
1.8058
1.80521
1.80782
1.81291
1.8197
1.82754
1.83587
1.84425
1.85222
1.85937
1.86544
1.87034
1.87426
1.87754
1.88066
1.88409
1.88809
1.89277
1.89799
1.90339
1.90845
1.91267
1.91558
1.91704
1.91709
1.91601
1.91416
1.91203
1.90989
1.90779
1.90571
1.90352
1.90118
1.89874
1.89627
1.89376
1.89098
1.88761
1.88337
1.8782
1.8722
1.86579
1.85966
1.8546
1.85131
1.85029
1.8516
1.855
1.85993
1.86565
1.87139
1.87641
1.88005
1.88182
1.88141
1.87876
1.87408
1.86781
1.86057
1.85311
1.84613
1.84019
1.83553
1.83229
1.83049
1.83016
1.83141
1.83436
1.83909
1.84539
1.85272
1.8601
1.86638
1.87038
1.8713
1.86895
1.86386
1.8573
1.85097
1.84651
1.84514
1.84733
1.85286
1.86102
1.87087
1.88139
1.89163
1.90073
1.90802
1.91311
1.9158
1.91611
1.91431
1.91086
1.90625
1.90095
1.89525
1.88915
1.88261
1.87564
1.86837
1.86107
1.85418
1.84817
1.84349
1.84037
1.83891
1.83919
1.84121
1.84495
1.85013
1.85639
1.8633
1.87027
1.87678
1.88239
1.88681
1.88982
1.89131
1.89124
1.88978
1.88716
1.88384
1.88032
1.87703
1.87427
1.87224
1.87112
1.8712
1.8728
1.87616
1.88122
1.88753
1.89427
1.90049
1.90513
1.9074
1.90681
1.90315
1.89652
1.88724
1.87589
1.86327
1.85035
1.83821
1.82803
1.82086
1.81748
1.81823
1.82286
1.83049
1.83972
1.84889
1.85636
1.86099
1.86222
1.86019
1.85563
1.84976
1.84404
1.83986
1.83841
1.84055
1.84675
1.85695
1.87058
1.88666
1.90389
1.92079
1.93596
1.94825
1.95687
1.96141
1.96176
1.95806
1.95074
1.94039
1.92777
1.91391
1.89988
1.88659
1.87457
1.86386
1.85424
1.8455
1.83771
1.83122
1.82651
1.82402
1.82405
1.82666
1.8317
1.83876
1.84724
1.85638
1.86536
1.87332
1.87958
1.88381
1.88599
1.88651
1.88602
1.88529
1.88478
1.88441
1.88361
1.88165
1.87819
1.8736
1.86907
1.86611
1.86594
1.86905
1.87495
1.88252
1.89031
1.897
1.90166
1.90377
1.90326
1.90033
1.89535
1.88866
1.88054
1.87137
1.86172
1.85241
1.84433
1.83829
1.83472
1.8337
1.83491
1.83774
1.84144
1.84518
1.8481
1.84938
1.84838
1.84478
1.8388
1.83123
1.82331
1.81656
1.8125
1.81236
1.81686
1.82604
1.83934
1.85578
1.87421
1.89353
1.9128
1.93117
1.94784
1.96186
1.97228
1.9781
1.97846
1.97284
1.96122
1.9442
1.92299
1.89936
1.87547
1.85359
1.83586
1.82393
1.81874
1.82033
1.82788
1.83979
1.85375
1.8673
1.87803
1.88397
1.88386
1.87737
1.86522
1.84893
1.8307
1.81317
1.79895
1.79016
1.78807
1.79293
1.80401
1.81995
1.83914
1.86009
1.8815
1.90226
1.92145
1.93828
1.95198
1.96184
1.96722
1.96759
1.96267
1.95242
1.93724
1.91795
1.89588
1.8727
1.85028
1.83046
1.81478
1.80446
1.80035
1.80279
1.81157
1.8257
1.84359
1.86316
1.88204
1.89787
1.90878
1.91365
1.91233
1.90564
1.89516
1.88297
1.87128
1.86204
1.85673
1.85618
1.86059
1.86951
1.88193
1.89642
1.91138
1.92513
1.93612
1.9431
1.94523
1.94219
1.93412
1.92166
1.90596
1.88845
1.87074
1.8544
1.84074
1.83066
1.82449
1.82213
1.82291
1.82594
1.83023
1.83483
1.83912
1.84278
1.84575
1.84817
1.85016
1.85188
1.85341
1.85473
1.85582
1.85654
1.85673
1.85618
1.85476
1.85261
1.85008
1.84779
1.84658
1.8474
1.85084
1.85707
1.86558
1.87533
1.88504
1.8935
1.89978
1.90341
1.90425
1.90249
1.89857
1.89299
1.88625
1.87889
1.87137
1.86411
1.85753
1.85207
1.84824
1.84662
1.84783
1.8523
1.86017
1.87105
1.88403
1.89774
1.91065
1.92139
1.92892
1.93257
1.93215
1.92794
1.92054
1.9108
1.89984
1.88893
1.87926
1.87184
1.86729
1.86573
1.86682
1.86989
1.87394
1.87792
1.8808
1.88176
1.88025
1.87602
1.86922
1.86038
1.85042
1.8404
1.83136
1.82422
1.81952
1.81756
1.81829
1.82149
1.82674
1.83349
1.84109
1.8488
1.85592
1.86194
1.86665
1.87025
1.87319
1.87596
1.87905
1.88254
1.88637
1.89027
1.89382
1.8966
1.89814
1.89813
1.89652
1.89346
1.88926
1.88432
1.87883
1.87287
1.86637
1.85933
1.85193
1.84472
1.83846
1.83398
1.8321
1.83325
1.83755
1.84468
1.85398
1.86444
1.87502
1.88477
1.893
1.89945
1.90419
1.90752
1.90978
1.9112
1.91187
1.91183
1.911
1.90932
1.90681
1.90358
1.89972
1.89544
1.89099
1.88679
1.88345
1.88168
1.88209
1.88498
1.89003
1.89615
1.90172
1.90517
1.90526
1.90153
1.89425
1.88426
1.87269
1.86074
1.84956
1.84008
1.83295
1.82846
1.82651
1.82669
1.82842
1.83119
1.83452
1.83804
1.84132
1.84402
1.84578
1.84641
1.84596
1.84481
1.84359
1.84303
1.84381
1.8464
1.8509
1.85695
1.86372
1.87019
1.87541
1.87868
1.87963
1.87828
1.87491
1.8701
1.8647
1.85984
1.85671
1.8564
1.85967
1.86685
1.87774
1.89169
1.9076
1.92405
1.93948
1.9524
1.96171
1.96672
1.96735
1.96402
1.9576
1.94916
1.93979
1.93051
1.92199
1.91439
1.90753
1.90106
1.89461
1.88792
1.88089
1.8735
1.86575
1.85748
1.84848
1.83884
1.82899
1.8197
1.81189
1.80651
1.19625
1.18001
1.15367
1.12071
1.08517
1.05089
1.02093
0.997126
0.980124
0.969589
0.964478
0.96332
0.964439
0.966503
0.968513
0.970073
0.971334
0.972749
0.97478
0.977551
0.980646
0.983223
0.984276
0.983011
0.979018
0.97229
0.963121
0.95191
0.939184
0.925706
0.912496
0.900883
0.892503
0.889035
0.891718
0.900849
0.915578
0.934017
0.953813
0.972718
0.988931
1.00125
1.00893
1.01178
1.0101
1.00483
0.997573
0.990352
0.985008
0.982634
0.983417
0.986723
0.991738
0.997936
1.00528
1.01385
1.02326
1.03231
1.03916
1.04201
1.0394
1.03062
1.01562
0.99493
0.969629
0.941398
0.912664
0.886625
0.866904
0.856847
0.858518
0.871828
0.894226
0.921457
0.948678
0.971817
0.988506
0.998397
1.00302
1.00525
1.00836
1.01501
1.02631
1.04147
1.05826
1.07367
1.08477
1.08928
1.08587
1.07417
1.05471
1.02864
0.997849
0.965187
0.934741
0.911419
0.89944
0.900566
0.913321
0.933965
0.958346
0.983133
1.00586
1.02478
1.03849
1.04605
1.04715
1.04234
1.03313
1.02189
1.01117
1.00297
0.997986
0.9956
0.994291
0.992308
0.988475
0.982523
0.975024
0.967249
0.960988
0.958086
0.959777
0.966336
0.976794
0.989273
1.00137
1.01085
1.01611
1.0162
1.01117
1.00178
0.98936
0.975793
0.963105
0.95337
0.948257
0.948817
0.955359
0.967229
0.982805
0.999617
1.0148
1.02562
1.03023
1.02798
1.01971
1.00733
0.993198
0.979429
0.967235
0.9571
0.948966
0.942734
0.938483
0.9364
0.936524
0.938483
0.941456
0.944274
0.945704
0.944894
0.941625
0.936393
0.930262
0.924533
0.920652
0.919876
0.923148
0.930929
0.943115
0.959136
0.978087
0.998734
1.01952
1.03873
1.05443
1.0647
1.06816
1.06433
1.05398
1.03875
1.02064
1.00164
0.983341
0.967102
0.95392
0.944522
0.939351
0.938463
0.94166
0.948464
0.957983
0.968936
0.979831
0.989195
0.995803
0.998928
0.998367
0.994429
0.987942
0.980291
0.973186
0.968457
0.967492
0.970743
0.977584
0.986584
0.996073
1.00484
1.01235
1.01871
1.0244
1.02977
1.03472
1.03861
1.04041
1.03905
1.03382
1.02468
1.01232
0.99802
0.983298
0.969577
0.957982
0.949131
0.943191
0.940108
0.939593
0.941124
0.944149
0.94814
0.952738
0.957595
0.962305
0.966193
0.968272
0.967626
0.963716
0.956734
0.947571
0.937693
0.928716
0.922074
0.918852
0.91975
0.925017
0.9344
0.947104
0.96196
0.977794
0.993547
1.00848
1.02202
1.03389
1.04391
1.0519
1.05789
1.06193
1.06433
1.06552
1.06607
1.06645
1.06694
1.0674
1.0674
1.06631
1.0635
1.0585
1.05096
1.04097
1.02898
1.01567
1.00179
0.987839
0.973979
0.960129
0.946019
0.931318
0.915887
0.899938
0.884112
0.86952
0.857476
0.849386
0.846299
0.848666
0.856145
0.867669
0.881801
0.897109
0.912314
0.926551
0.939177
0.949663
0.957643
0.963121
0.96646
0.968487
0.97053
0.974242
0.981272
0.992746
1.00887
1.02896
1.05131
1.07369
1.09389
1.10993
1.1205
1.125
1.12359
1.1171
1.10684
1.09433
1.08106
1.06824
1.05656
1.04605
1.03615
1.02598
1.01445
1.00059
0.983771
0.963987
0.942133
0.919908
0.899491
0.882817
0.871171
0.864972
0.864036
0.868049
0.876658
0.889269
0.904761
0.921511
0.937648
0.951523
0.962116
0.96923
0.973568
0.976501
0.979894
0.98543
0.993981
1.0054
1.01855
1.0316
1.04268
1.05023
1.05339
1.05214
1.04708
1.03936
1.03016
1.02034
1.00999
0.998578
0.985446
0.970421
0.953975
0.936842
0.919752
0.903242
0.887988
0.874892
0.865187
0.860257
0.861548
0.870106
0.886291
0.909375
0.937134
0.966277
0.993362
1.01586
1.03272
1.04442
1.05255
1.05924
1.06655
1.07593
1.0881
1.10271
1.11843
1.13314
1.1445
1.15057
1.15002
1.14265
1.12919
1.11114
1.09027
1.0682
1.04589
1.02375
1.00172
0.97971
0.957764
0.936013
0.914623
0.893771
0.873774
0.855128
0.838604
0.825202
0.815975
0.811965
0.814083
0.82274
0.8377
0.857844
0.881375
0.906188
0.930298
0.952183
0.970952
0.986177
0.997702
1.00563
1.01049
1.01306
1.0144
1.01568
1.01788
1.02174
1.02761
1.03551
1.04498
1.05517
1.06523
1.07442
1.08205
1.08729
1.089
1.08601
1.07752
1.06343
1.04455
1.02248
0.999194
0.976712
0.956706
0.940376
0.928423
0.920999
0.917829
0.91825
0.921292
0.925943
0.931478
0.937618
0.944519
0.952369
0.961038
0.9699
0.978039
0.984534
0.988889
0.991203
0.992043
0.992305
0.992973
0.994994
0.999062
1.00532
1.01322
1.02159
1.02905
1.03457
1.0379
1.03974
1.04115
1.04293
1.04526
1.04744
1.04807
1.04539
1.03781
1.02449
1.00555
0.982174
0.956253
0.929866
0.904858
0.882545
0.863844
0.849283
0.839273
0.83422
0.834432
0.84011
0.851203
0.867362
0.887883
0.911504
0.936521
0.960974
0.982762
1.00014
1.01212
1.01861
1.02058
1.01979
1.01825
1.01775
1.01934
1.02329
1.02925
1.03649
1.04419
1.05159
1.058
1.06291
1.06586
1.06659
1.06502
1.06135
1.05619
1.05032
1.04473
1.04011
1.03666
1.03404
1.03161
1.02854
1.02395
1.01687
1.00622
0.990891
0.970337
0.945119
0.917133
0.889674
0.866993
0.853323
0.851666
0.862876
0.885204
0.914856
0.947166
0.977657
1.00282
1.02031
1.02921
1.02995
1.02421
1.0144
1.00296
0.991651
0.981403
0.972361
0.964297
0.957209
0.95153
0.948247
0.948498
0.95288
0.961012
0.971404
0.981851
0.990242
0.995277
0.996727
0.995355
0.992662
0.99027
0.989405
0.990594
0.993531
0.997254
1.00064
1.00295
1.00418
1.00508
1.00674
1.01006
1.0153
1.02187
1.02854
1.0337
1.03581
1.03368
1.02657
1.01434
0.997647
0.978009
0.957718
0.939502
0.926038
0.919312
0.920116
0.927869
0.940874
0.956842
0.973367
0.988465
1.00079
1.00955
1.01454
1.016
1.01458
1.01117
1.00662
1.00141
0.995424
0.988124
0.978732
0.96676
0.952272
0.935985
0.919244
0.903753
0.891359
0.883671
0.881722
0.885796
0.895206
0.908404
0.92338
0.938183
0.951585
0.963264
0.973684
0.983678
0.993922
1.00459
1.01533
1.02534
1.03373
1.03964
1.04255
1.04251
1.04015
1.03677
1.03384
1.03255
1.03324
1.03541
1.03813
1.04053
1.04231
1.04363
1.0447
1.04538
1.04509
1.0432
1.03926
1.03322
1.02539
1.01625
1.0062
0.995421
0.983907
0.971831
0.959588
0.947848
0.937439
0.929102
0.923267
0.92001
0.919075
0.91982
0.921419
0.923167
0.924538
0.925147
0.924579
0.922467
0.918558
0.912625
0.904688
0.89511
0.884803
0.875603
0.870244
0.871821
0.88295
0.904813
0.936585
0.975609
1.01795
1.05914
1.09514
1.12274
1.14002
1.14659
1.14359
1.13327
1.11876
1.10337
1.08983
1.07955
1.07205
1.06552
1.0578
1.0473
1.03359
1.01747
1.00064
0.98504
0.97237
0.963647
0.959091
0.958292
0.960563
0.965286
0.971961
0.979939
0.98815
0.994933
0.998217
0.996297
0.988615
0.976112
0.96122
0.947111
0.936744
0.931891
0.93287
0.938787
0.948236
0.959882
0.972695
0.985685
0.997693
1.00749
1.01379
1.01548
1.01179
1.00247
0.987865
0.968999
0.947642
0.926483
0.908865
0.898279
0.897521
0.907892
0.928563
0.956567
0.987504
1.0165
1.03925
1.05281
1.05596
1.04928
1.03501
1.01671
0.998563
0.984467
0.977166
0.977667
0.985239
0.997891
1.01275
1.02667
1.0367
1.04088
1.03865
1.03101
1.02019
1.00897
0.999942
0.994904
0.99454
0.998494
1.00572
1.01483
1.02441
1.03334
1.04079
1.04629
1.04944
1.04972
1.04627
1.03794
1.02392
1.00446
0.981383
0.957949
0.938088
0.92513
0.920904
0.925366
0.936927
0.953199
0.971491
0.989228
1.00409
1.01438
1.01914
1.01806
1.01143
0.999942
0.984628
0.966867
0.948614
0.932398
0.920743
0.915066
0.915168
0.919686
0.927103
0.936538
0.9478
0.961098
0.976693
0.994427
1.01338
1.03183
1.0475
1.05803
1.06171
1.05787
1.04702
1.03072
1.01127
0.991267
0.973168
0.959108
0.950553
0.948077
0.951227
0.958796
0.969177
0.980677
0.991852
1.00164
1.00934
1.01438
1.01642
1.01513
1.01023
1.00139
0.988583
0.972553
0.955314
0.939951
0.930073
0.92846
0.935991
0.951457
0.972066
0.994424
1.01534
1.03235
1.04395
1.04954
1.04923
1.04375
1.03413
1.02155
1.0072
0.992296
0.978104
0.965807
0.956359
0.950174
0.947006
0.946024
0.946152
0.946459
0.946512
0.946288
0.946043
0.946059
0.946483
0.947313
0.948303
0.949016
0.948799
0.946988
0.943002
0.936428
0.927244
0.915889
0.903525
0.892049
0.883987
0.882019
0.888287
0.903531
0.926518
0.954375
0.983319
1.00956
1.03008
1.04309
1.04822
1.04637
1.03954
1.03038
1.02143
1.01447
1.01013
1.00803
1.00714
1.00625
1.00448
1.00153
0.997791
0.994301
0.992514
0.993934
0.999694
1.0101
1.02431
1.04033
1.05541
1.0666
1.07146
1.06825
1.05618
1.03544
1.00721
0.973654
0.937976
0.904246
0.876903
0.859847
0.855523
0.864268
0.88431
0.912374
0.944449
0.976406
1.00447
1.02567
1.03815
1.04138
1.03625
1.02464
1.00915
0.99246
0.977094
0.965172
0.95829
0.957305
0.962329
0.972693
0.987038
1.00381
1.02144
1.03855
1.05396
1.06658
1.07541
1.07945
1.07784
1.07026
1.05704
1.03923
1.01846
0.996521
0.97523
0.956745
0.943877
0.939338
0.944648
0.958956
0.978923
0.999702
1.01628
1.02504
1.02461
1.01612
1.00267
0.988215
0.976436
0.969805
0.968983
0.972951
0.979565
0.986357
0.991314
0.993069
0.991126
0.985697
0.977618
0.968095
0.958445
0.949868
0.943137
0.938507
0.935608
0.933686
0.932052
0.930486
0.929235
0.92875
0.929403
0.931422
0.935018
0.940421
0.948024
0.958326
0.971705
0.988071
1.17808
1.15272
1.12617
1.09935
1.07285
1.04685
1.02134
0.996661
0.974249
0.956669
0.946974
0.947557
0.95903
0.979732
1.00624
1.03437
1.06
1.07983
1.09168
1.09481
1.08981
1.07836
1.06297
1.04663
1.0323
1.02245
1.01855
1.02076
1.02819
1.03922
1.05215
1.06554
1.07845
1.09033
1.10103
1.11077
1.12013
1.12995
1.14125
1.15505
1.17195
1.19174
1.21286
1.23248
1.24713
1.25346
1.24937
1.23438
1.20967
1.17771
1.14187
1.10611
1.07437
1.05016
1.03604
1.0333
1.04142
1.05821
1.08026
1.10354
1.12419
1.13907
1.14604
1.14409
1.13335
1.11505
1.09143
1.06522
1.03916
1.01532
0.994873
0.9783
0.965899
0.958141
0.955668
0.959185
0.96904
0.984916
1.00566
1.02941
1.05391
1.0768
1.09621
1.11096
1.12064
1.12561
1.12677
1.1254
1.12302
1.12114
1.12107
1.1237
1.12937
1.13761
1.14731
1.15688
1.16431
1.16745
1.16438
1.15416
1.13727
1.11568
1.09262
1.07146
1.05485
1.04441
1.04078
1.04404
1.05372
1.06871
1.08717
1.1069
1.1259
1.14265
1.15595
1.16468
1.16786
1.16532
1.15809
1.14827
1.13835
1.13033
1.12517
1.12238
1.12028
1.11672
1.11008
1.10023
1.08877
1.07825
1.07101
1.06825
1.06971
1.07401
1.07945
1.08475
1.08918
1.09239
1.09401
1.0934
1.09009
1.08387
1.07502
1.06413
1.05199
1.03959
1.02819
1.01922
1.01419
1.01438
1.02079
1.03373
1.05265
1.07594
1.10092
1.12438
1.14337
1.15567
1.16013
1.15667
1.14617
1.13042
1.11236
1.09584
1.08455
1.08069
1.08401
1.09243
1.1031
1.11355
1.12231
1.12907
1.13438
1.13908
1.14352
1.14734
1.14959
1.14929
1.14574
1.13888
1.12932
1.11833
1.10735
1.09769
1.08985
1.08341
1.0774
1.0708
1.06325
1.05545
1.04877
1.04478
1.04475
1.04932
1.05834
1.07105
1.08602
1.10148
1.11558
1.12649
1.13275
1.13351
1.12883
1.11964
1.10756
1.09451
1.08239
1.07266
1.06654
1.06498
1.06868
1.07794
1.09208
1.10925
1.1267
1.14144
1.15114
1.15449
1.1513
1.14207
1.12773
1.10924
1.08773
1.06442
1.0408
1.01879
1.00034
0.987304
0.980886
0.981398
0.98833
1.0004
1.01565
1.03159
1.04585
1.05686
1.06441
1.06974
1.07505
1.08271
1.09439
1.11049
1.13028
1.15221
1.17444
1.19522
1.21318
1.22746
1.23775
1.24415
1.24666
1.24487
1.23802
1.22533
1.20649
1.18218
1.15421
1.12527
1.09858
1.07733
1.06393
1.05942
1.06337
1.07401
1.08861
1.10385
1.11612
1.122
1.11896
1.1063
1.08544
1.05953
1.03268
1.00906
0.991972
0.983279
0.982978
0.989442
0.99985
1.01112
1.02085
1.02774
1.03194
1.03463
1.03744
1.04171
1.04795
1.05566
1.06374
1.07102
1.07678
1.08086
1.08339
1.08446
1.08388
1.08124
1.07651
1.07069
1.06609
1.06582
1.0724
1.08638
1.10595
1.12766
1.14784
1.16348
1.17263
1.1744
1.16878
1.15683
1.14088
1.12443
1.11129
1.10422
1.10379
1.10863
1.11643
1.12493
1.13266
1.13898
1.14389
1.14752
1.14958
1.1489
1.14362
1.13199
1.1133
1.08871
1.06141
1.0362
1.01833
1.01209
1.01956
1.03971
1.06864
1.10057
1.12941
1.15026
1.16043
1.15966
1.14954
1.13284
1.11282
1.09265
1.07489
1.06151
1.05371
1.05194
1.05576
1.06377
1.07378
1.08334
1.09031
1.09375
1.09428
1.09382
1.09488
1.09951
1.10856
1.12152
1.13703
1.15314
1.16774
1.17884
1.18481
1.18485
1.17906
1.16819
1.15336
1.1359
1.11696
1.09763
1.0792
1.06321
1.05124
1.04422
1.04223
1.04443
1.04947
1.05583
1.06235
1.0683
1.07333
1.07734
1.08034
1.08242
1.08362
1.08408
1.08394
1.0833
1.08226
1.08074
1.07857
1.07568
1.07216
1.06816
1.06383
1.05942
1.05553
1.05325
1.05384
1.05847
1.0677
1.08137
1.09853
1.11763
1.13704
1.1554
1.17171
1.18528
1.19558
1.20204
1.20422
1.20192
1.19516
1.18407
1.16862
1.14891
1.12554
1.09985
1.07368
1.04863
1.02551
1.00451
0.985898
0.970549
0.959971
0.955914
0.959605
0.971375
0.990446
1.01522
1.04372
1.07387
1.10357
1.13077
1.1536
1.17077
1.18166
1.1864
1.18564
1.18017
1.17083
1.15837
1.14374
1.12825
1.11365
1.10202
1.0954
1.09504
1.10049
1.10964
1.11966
1.12819
1.13363
1.13515
1.13257
1.12631
1.1172
1.10634
1.09462
1.0826
1.0707
1.05947
1.04984
1.04282
1.03896
1.0382
1.03977
1.04273
1.04604
1.04885
1.05047
1.05059
1.04906
1.04575
1.04048
1.03308
1.02385
1.01395
1.00565
1.00198
1.00575
1.01863
1.04048
1.06952
1.10287
1.13726
1.1696
1.19726
1.21824
1.23134
1.23622
1.23331
1.22353
1.20794
1.18756
1.16327
1.13583
1.10601
1.07513
1.04551
1.02081
1.00559
1.00335
1.01431
1.03487
1.05951
1.08293
1.1009
1.1103
1.10952
1.09906
1.08202
1.06382
1.05085
1.04804
1.05638
1.07243
1.09047
1.10552
1.11487
1.11797
1.11568
1.10952
1.10107
1.09172
1.08277
1.0753
1.07021
1.0681
1.06958
1.07531
1.08555
1.09989
1.11693
1.13469
1.15112
1.16457
1.17401
1.17868
1.17807
1.17168
1.15948
1.14198
1.12076
1.09838
1.07792
1.06207
1.05237
1.04899
1.05096
1.05708
1.06644
1.07849
1.09294
1.10939
1.12671
1.14287
1.15519
1.16109
1.159
1.14897
1.13256
1.11242
1.09146
1.07224
1.05667
1.0458
1.03996
1.03871
1.04093
1.04492
1.0488
1.05073
1.04934
1.04413
1.03574
1.026
1.01756
1.01315
1.01492
1.0237
1.03902
1.05915
1.08158
1.10378
1.12396
1.14157
1.15697
1.17095
1.18401
1.196
1.20624
1.2137
1.21745
1.2169
1.21218
1.20421
1.19454
1.1848
1.17586
1.16715
1.15714
1.14412
1.12727
1.10722
1.08591
1.0661
1.0504
1.04068
1.03744
1.03996
1.04667
1.05556
1.06471
1.07238
1.07708
1.07794
1.07476
1.06837
1.06044
1.05309
1.04801
1.04614
1.04749
1.05131
1.05644
1.06187
1.06701
1.07192
1.07727
1.08401
1.09281
1.10359
1.11553
1.12716
1.13674
1.14236
1.14258
1.13646
1.12391
1.10586
1.08416
1.06137
1.0401
1.02256
1.01023
1.00382
1.00344
1.00876
1.01923
1.03408
1.0524
1.0731
1.09498
1.11658
1.13637
1.15298
1.16532
1.17276
1.17513
1.1727
1.16588
1.15521
1.14123
1.12468
1.1065
1.08824
1.072
1.06013
1.05453
1.05585
1.06296
1.07325
1.08366
1.09175
1.09626
1.0971
1.09483
1.09029
1.08428
1.07765
1.07127
1.0662
1.06338
1.06321
1.06523
1.06819
1.07042
1.07064
1.06854
1.0648
1.06137
1.06085
1.06554
1.07629
1.0919
1.10963
1.12666
1.14091
1.1514
1.15787
1.1603
1.15859
1.15255
1.14202
1.12714
1.10848
1.08728
1.06533
1.04477
1.02771
1.01569
1.0094
1.00874
1.01318
1.02215
1.03514
1.0516
1.07085
1.0921
1.11433
1.13628
1.15635
1.17261
1.18309
1.1862
1.18126
1.16842
1.1488
1.12421
1.09706
1.07001
1.04569
1.0265
1.0142
1.00964
1.01247
1.02115
1.03355
1.04756
1.06167
1.07518
1.08803
1.10034
1.11192
1.12213
1.13045
1.13677
1.14133
1.1445
1.14641
1.14657
1.14413
1.13826
1.12879
1.1162
1.10156
1.08606
1.07085
1.05701
1.04561
1.03802
1.03593
1.04131
1.0556
1.07882
1.1089
1.14189
1.17285
1.19701
1.21086
1.21264
1.20254
1.18251
1.15571
1.12607
1.09748
1.07314
1.05523
1.04461
1.04105
1.04348
1.05043
1.06057
1.07272
1.08599
1.09948
1.11208
1.12231
1.12831
1.12828
1.12109
1.10687
1.08707
1.0641
1.0409
1.02027
1.00441
0.994513
0.99062
0.991813
0.996729
1.00411
1.01341
1.02508
1.04046
1.06126
1.08877
1.12291
1.1618
1.20205
1.23956
1.27046
1.2916
1.30072
1.29665
1.27954
1.25119
1.21522
1.17658
1.14039
1.11043
1.08845
1.07433
1.06693
1.06492
1.06707
1.07199
1.07771
1.08172
1.08128
1.0742
1.05978
1.03956
1.01713
0.997092
0.983383
0.978024
0.980996
0.990873
1.00557
1.02302
1.04165
1.06067
1.07982
1.09896
1.11764
1.13473
1.14878
1.1586
1.16372
1.16448
1.16164
1.15585
1.14746
1.13672
1.12425
1.11101
1.09829
1.0874
1.07927
1.07404
1.07108
1.06936
1.06797
1.06644
1.06493
1.06397
1.06432
1.06673
1.07191
1.08062
1.09338
1.10972
1.12755
1.14349
1.15397
1.15678
1.15161
1.14013
1.12537
1.11071
1.09891
1.09121
1.08731
1.08585
1.08493
1.08277
1.07775
1.06888
1.05627
1.04162
1.02789
1.01793
1.01304
1.0123
1.01355
1.0149
1.01558
1.01604
1.01744
1.02102
1.02787
1.03876
1.05402
1.07332
1.0955
1.11866
1.1405
1.15861
1.17121
1.17734
1.17694
1.1707
1.1598
1.14566
1.12981
1.11374
1.09885
1.08642
1.0778
1.0743
1.07692
1.08599
1.10092
1.12018
1.14145
1.16195
1.17901
1.19051
1.19505
1.19221
1.18218
1.16566
1.14369
1.11737
1.08781
1.05633
1.02447
0.994274
0.968566
0.950982
0.945565
0.955355
0.980288
1.01643
1.05724
1.09624
1.12891
1.15327
1.16933
1.17829
1.18161
1.18064
1.17634
1.16967
1.16158
1.15292
1.14422
1.13554
1.12659
1.11681
1.10575
1.0933
1.07962
1.06513
1.05044
1.03646
1.02444
1.01556
1.01067
1.01011
1.01365
1.02064
1.03022
1.04139
1.05316
1.06461
1.07535
1.08585
1.0978
1.11354
1.13496
1.16209
1.19273
1.22317
1.24954
1.26891
1.27943
1.28009
1.27026
1.24948
1.2176
1.17557
1.12609
1.07382
1.02497
0.985922
1.19988
1.20657
1.21958
1.23729
1.25735
1.27718
1.29402
1.30505
1.30776
1.30048
1.28292
1.25682
1.22603
1.19594
1.17141
1.15469
1.14453
1.13756
1.13024
1.12051
1.10796
1.09373
1.08001
1.06943
1.06445
1.06659
1.07592
1.09118
1.11052
1.132
1.15433
1.17637
1.1971
1.21559
1.23115
1.24352
1.253
1.26027
1.26608
1.27099
1.2752
1.27845
1.28003
1.27903
1.27471
1.26678
1.25551
1.24174
1.2266
1.21142
1.19761
1.18648
1.17875
1.17447
1.1731
1.17378
1.1756
1.17796
1.18053
1.18314
1.18557
1.18739
1.1881
1.18691
1.18315
1.1766
1.16787
1.15831
1.1497
1.14372
1.14146
1.14344
1.14956
1.15907
1.17069
1.18258
1.19273
1.19945
1.20199
1.20089
1.19781
1.19493
1.19401
1.19595
1.2007
1.20766
1.21653
1.2278
1.24316
1.2645
1.29204
1.32294
1.35163
1.37191
1.37921
1.37185
1.35094
1.31971
1.28251
1.24384
1.20755
1.17663
1.15309
1.13787
1.13048
1.12917
1.1312
1.13349
1.13324
1.12851
1.11861
1.10432
1.08792
1.07298
1.06339
1.06264
1.07273
1.09394
1.12466
1.1618
1.20122
1.2384
1.2692
1.29044
1.30043
1.29952
1.29048
1.27843
1.26955
1.26874
1.27772
1.29459
1.31517
1.3346
1.34851
1.35355
1.34784
1.33129
1.30618
1.27693
1.24901
1.227
1.21258
1.20458
1.20028
1.19705
1.19328
1.18868
1.18433
1.18193
1.18278
1.18658
1.19162
1.19568
1.19718
1.19538
1.19012
1.18139
1.16961
1.15587
1.14205
1.13046
1.12336
1.12252
1.12887
1.14235
1.16189
1.18571
1.21151
1.23689
1.2596
1.27761
1.28933
1.29383
1.29119
1.28264
1.27024
1.25641
1.24315
1.23187
1.22319
1.21697
1.21227
1.20785
1.20263
1.19628
1.18947
1.18357
1.18023
1.18087
1.18647
1.19748
1.21372
1.2343
1.25755
1.2812
1.30242
1.31784
1.32396
1.31758
1.2966
1.26066
1.21182
1.15464
1.0958
1.04346
1.00572
0.988851
0.995757
1.02496
1.07104
1.12644
1.18383
1.23757
1.28406
1.32111
1.34731
1.36164
1.36343
1.35277
1.33085
1.30044
1.26545
1.2303
1.19901
1.17482
1.15997
1.15525
1.15973
1.17071
1.18439
1.19699
1.20576
1.20972
1.20974
1.20793
1.20631
1.20581
1.20619
1.20671
1.20697
1.20705
1.20714
1.20721
1.20681
1.20501
1.20094
1.19413
1.1849
1.17429
1.16388
1.15571
1.15223
1.15585
1.16863
1.19138
1.22294
1.25996
1.2974
1.32958
1.35163
1.36024
1.35445
1.33531
1.30569
1.26941
1.23059
1.19309
1.16007
1.13368
1.11511
1.10458
1.10148
1.10446
1.11179
1.12165
1.13282
1.14512
1.15929
1.17611
1.19527
1.21487
1.23184
1.2432
1.24733
1.24448
1.23678
1.2281
1.22269
1.22298
1.22805
1.23454
1.23947
1.24205
1.24365
1.24678
1.25345
1.26377
1.27598
1.28731
1.29493
1.29672
1.29143
1.27878
1.25947
1.23521
1.20855
1.18251
1.15995
1.14308
1.13315
1.13044
1.13438
1.14389
1.1573
1.17252
1.1871
1.19839
1.20418
1.20296
1.19439
1.17955
1.16075
1.14142
1.12551
1.11677
1.11789
1.12964
1.15078
1.17844
1.20887
1.23839
1.26402
1.28378
1.29671
1.30266
1.30212
1.29622
1.28637
1.27376
1.25916
1.24282
1.2249
1.20603
1.18768
1.17163
1.15932
1.15136
1.14762
1.14778
1.1515
1.15855
1.16871
1.18178
1.19726
1.21415
1.23083
1.24536
1.25591
1.2612
1.26056
1.25391
1.24178
1.22528
1.20634
1.18769
1.17246
1.16347
1.16274
1.17099
1.18757
1.2105
1.23688
1.26359
1.28793
1.30822
1.32355
1.33326
1.33667
1.33278
1.3207
1.3005
1.27412
1.24538
1.21928
1.19992
1.18921
1.18678
1.19075
1.1989
1.20928
1.22031
1.23058
1.23847
1.24225
1.24031
1.23135
1.21502
1.19222
1.16538
1.13847
1.11601
1.10168
1.09735
1.10255
1.11484
1.13058
1.14619
1.1592
1.1689
1.17649
1.18402
1.19314
1.20422
1.21623
1.22761
1.23691
1.24304
1.24543
1.24443
1.24175
1.23987
1.24068
1.24444
1.25012
1.25641
1.26263
1.26893
1.27541
1.28149
1.28557
1.28527
1.2783
1.26302
1.23934
1.20895
1.17536
1.14335
1.11802
1.10352
1.10189
1.11262
1.13292
1.15895
1.18699
1.21421
1.23832
1.25722
1.26875
1.27119
1.26411
1.24889
1.2286
1.20714
1.18815
1.17429
1.16721
1.16741
1.17419
1.18585
1.2
1.21424
1.22663
1.2358
1.24087
1.24155
1.23828
1.23254
1.2266
1.22214
1.21906
1.21592
1.21148
1.2057
1.19932
1.19321
1.18798
1.18389
1.18076
1.17819
1.17573
1.17314
1.17042
1.16776
1.16548
1.16396
1.1634
1.1638
1.16487
1.16623
1.16768
1.16985
1.17441
1.18374
1.19985
1.2231
1.25177
1.28249
1.3114
1.33525
1.35189
1.36046
1.36129
1.35565
1.34524
1.3319
1.31722
1.30244
1.2883
1.27505
1.2625
1.25019
1.23723
1.22267
1.20563
1.18547
1.16235
1.13769
1.11436
1.09635
1.08748
1.08953
1.10134
1.11984
1.14179
1.16486
1.18746
1.20808
1.2252
1.23761
1.24498
1.24819
1.24909
1.24951
1.25027
1.25086
1.24969
1.24493
1.23537
1.22075
1.20194
1.18043
1.15806
1.13695
1.11948
1.10825
1.10548
1.1122
1.12781
1.14991
1.17516
1.2001
1.22196
1.23895
1.25029
1.25604
1.25697
1.25404
1.24801
1.2394
1.22877
1.21698
1.20542
1.19577
1.1896
1.18803
1.19158
1.20014
1.21301
1.2286
1.24441
1.25738
1.26496
1.26618
1.26217
1.25581
1.2505
1.24858
1.25049
1.25512
1.26081
1.26625
1.27072
1.27347
1.27334
1.26863
1.25769
1.23998
1.21701
1.19279
1.17282
1.16176
1.16071
1.16663
1.17405
1.17801
1.17574
1.16686
1.15285
1.13622
1.11984
1.10647
1.09838
1.09662
1.10071
1.10858
1.1173
1.12444
1.1291
1.13247
1.13733
1.14674
1.16272
1.18536
1.21284
1.24228
1.27086
1.29653
1.31816
1.33515
1.347
1.35285
1.35161
1.34203
1.32305
1.29409
1.25573
1.2106
1.16396
1.1236
1.09775
1.09157
1.10424
1.1298
1.16081
1.19169
1.21944
1.2429
1.26178
1.27636
1.28725
1.29486
1.29919
1.2999
1.29667
1.28946
1.27881
1.26581
1.25166
1.23725
1.22308
1.21048
1.20292
1.2055
1.22092
1.24539
1.27029
1.2873
1.29164
1.28198
1.25971
1.22829
1.1925
1.15745
1.12759
1.10589
1.09334
1.0891
1.09091
1.09604
1.10237
1.10894
1.11588
1.1234
1.13102
1.13768
1.14249
1.14559
1.14825
1.15236
1.15953
1.17042
1.18438
1.19955
1.21324
1.22286
1.2268
1.22504
1.21926
1.2124
1.20743
1.20636
1.20948
1.21563
1.22294
1.22983
1.23556
1.24036
1.24487
1.24978
1.25516
1.26044
1.26453
1.26595
1.26335
1.25561
1.24223
1.22334
1.1999
1.17358
1.1464
1.12042
1.09741
1.07923
1.06817
1.0667
1.07672
1.09833
1.12928
1.16586
1.20435
1.24197
1.2769
1.30765
1.33269
1.3505
1.36003
1.36127
1.35556
1.34523
1.33303
1.32115
1.31071
1.30178
1.29389
1.2863
1.27834
1.26979
1.2609
1.25203
1.24295
1.23246
1.21886
1.20069
1.17778
1.15156
1.12467
1.10039
1.08164
1.06987
1.06476
1.06498
1.06935
1.07734
1.0882
1.1003
1.11193
1.12224
1.13144
1.14027
1.14926
1.15856
1.16811
1.17769
1.18698
1.1957
1.20371
1.21138
1.21961
1.22953
1.24212
1.25802
1.2771
1.29824
1.31948
1.33807
1.351
1.35577
1.35092
1.33662
1.31474
1.28875
1.26308
1.24229
1.22991
1.22737
1.23377
1.24605
1.25984
1.27059
1.27467
1.26993
1.25629
1.23528
1.20963
1.18239
1.1564
1.13399
1.11686
1.10611
1.10201
1.10374
1.1094
1.1166
1.12334
1.1289
1.13422
1.14158
1.15344
1.17131
1.19468
1.2212
1.24758
1.27073
1.28862
1.3004
1.30611
1.30611
1.30099
1.29144
1.27804
1.26146
1.24253
1.22231
1.20215
1.18352
1.16793
1.15682
1.15126
1.15186
1.15847
1.17018
1.18537
1.20228
1.21918
1.23481
1.24834
1.25924
1.2667
1.26939
1.2658
1.25517
1.23778
1.21518
1.18988
1.1651
1.14421
1.1301
1.12431
1.12663
1.13545
1.14864
1.16428
1.18101
1.19798
1.21461
1.2304
1.2448
1.2573
1.2672
1.27375
1.2761
1.27358
1.26598
1.25344
1.23662
1.21671
1.19552
1.17549
1.15934
1.1488
1.14386
1.14354
1.14702
1.15368
1.16253
1.172
1.18023
1.18586
1.18847
1.18873
1.18822
1.1888
1.19188
1.19802
1.2071
1.21869
1.23245
1.24788
1.26383
1.27861
1.29009
1.29632
1.29611
1.28937
1.27718
1.26133
1.2441
1.22801
1.21583
1.21014
1.2125
1.22225
1.23624
1.24993
1.25876
1.2593
1.25041
1.2338
1.21359
1.19445
1.17964
1.17016
1.16549
1.16491
1.16812
1.17477
1.18402
1.19436
1.20388
1.21071
1.21364
1.21237
1.20747
1.20037
1.19294
1.18699
1.18369
1.18315
1.18455
1.18689
1.1897
1.19348
1.19948
1.20923
1.22377
1.24309
1.26583
1.2891
1.30898
1.32157
1.32427
1.31639
1.2993
1.27593
1.24986
1.22475
1.20371
1.18888
1.18109
1.17994
1.18389
1.1905
1.19695
1.2003
1.19813
1.18906
1.17336
1.15301
1.13125
1.11169
1.09777
1.09228
1.09728
1.11342
1.13952
1.17241
1.20779
1.24149
1.27032
1.29237
1.30705
1.31449
1.31518
1.30974
1.29893
1.28405
1.26699
1.24991
1.23467
1.22225
1.21265
1.2057
1.20133
1.19954
1.19994
1.2017
1.20387
1.20593
1.20763
1.20882
1.20911
1.20801
1.20532
1.20152
1.19776
1.19537
1.19539
1.19805
1.203
1.19418
1.1856
1.17675
1.17005
1.16768
1.17134
1.18229
1.20111
1.22746
1.2599
1.29557
1.33059
1.36043
1.38071
1.38803
1.38064
1.35903
1.32585
1.2855
1.2431
1.2033
1.16942
1.1434
1.12625
1.11835
1.11907
1.12641
1.13707
1.14725
1.15367
1.15426
1.1486
1.13772
1.12359
1.10865
1.09523
1.08528
1.08022
1.08092
1.08746
1.09901
1.11393
1.13049
1.14732
1.16366
1.17923
1.19375
1.20693
1.21865
1.22889
1.23755
1.24438
1.24916
1.25208
1.25398
1.25594
1.25853
1.26137
1.26333
1.26303
1.25961
1.25329
1.24524
1.23725
1.2313
1.22895
1.23082
1.23636
1.24394
1.25127
1.25624
1.25775
1.25599
1.25221
1.24811
1.24481
1.24232
1.23973
1.23589
1.23004
1.22225
1.21317
1.20383
1.19529
1.18843
1.18377
1.18144
1.18108
1.18192
1.18316
1.18417
1.18456
1.18415
1.18311
1.182
1.1816
1.18257
1.18485
1.18769
1.19002
1.19118
1.1913
1.19118
1.192
1.19445
1.19823
1.2019
1.20337
1.20064
1.19291
1.18086
1.16643
1.15205
1.13978
1.13101
1.12633
1.12568
1.12848
1.13387
1.14089
1.14853
1.15607
1.16314
1.16969
1.17594
1.18203
1.18808
1.1939
1.1989
1.20222
1.20289
1.20009
1.19362
1.18413
1.17304
1.1624
1.15455
1.15154
1.15479
1.16502
1.18242
1.20665
1.23715
1.27252
1.31003
1.3456
1.3746
1.39297
1.39833
1.39062
1.37195
1.34596
1.31696
1.28862
1.26319
1.2411
1.22117
1.20161
1.18131
1.16087
1.14241
1.12795
1.11812
1.1118
1.10751
1.10481
1.10443
1.10702
1.11242
1.11978
1.1285
1.13844
1.1498
1.16303
1.17872
1.19751
1.21996
1.24603
1.27458
1.30318
1.32843
1.34657
1.35465
1.35134
1.33774
1.31711
1.29346
1.27019
1.24946
1.23238
1.21984
1.21246
1.21042
1.21307
1.21883
1.22521
1.22929
1.22849
1.22141
1.20863
1.19279
1.17771
1.16681
1.16176
1.16217
1.16666
1.17417
1.18453
1.19787
1.21364
1.23006
1.24437
1.25395
1.25732
1.25457
1.24686
1.23575
1.22251
1.2081
1.19322
1.17863
1.16532
1.15457
1.14788
1.14681
1.15255
1.16513
1.18295
1.20292
1.22158
1.23592
1.24415
1.24564
1.24056
1.22986
1.21508
1.19833
1.18195
1.1678
1.15706
1.15023
1.14756
1.1493
1.15556
1.16617
1.18033
1.1966
1.21298
1.22735
1.23776
1.24338
1.24462
1.24326
1.24178
1.24205
1.24469
1.24907
1.25386
1.25789
1.26044
1.26129
1.26049
1.25809
1.25396
1.24767
1.23873
1.22666
1.21166
1.19484
1.1784
1.16529
1.15827
1.15876
1.16618
1.17803
1.19073
1.20093
1.2066
1.20783
1.2067
1.20672
1.21158
1.22373
1.2432
1.26731
1.29157
1.31095
1.32102
1.31886
1.30314
1.27436
1.23468
1.18798
1.13981
1.09665
1.06441
1.04688
1.04527
1.05853
1.08411
1.1185
1.15765
1.19747
1.23409
1.26423
1.28556
1.29707
1.29903
1.29289
1.28071
1.26474
1.24714
1.23006
1.21557
1.2052
1.19968
1.19878
1.20153
1.20675
1.21322
1.21986
1.22567
1.22987
1.23225
1.2331
1.23293
1.23225
1.23145
1.23088
1.2311
1.23281
1.23665
1.24263
1.24989
1.25689
1.26167
1.26202
1.25598
1.2424
1.22143
1.19474
1.16527
1.13715
1.11536
1.10491
1.10938
1.12892
1.15965
1.19523
1.22938
1.2575
1.27695
1.28657
1.28624
1.27665
1.25937
1.237
1.21311
1.19161
1.17581
1.1674
1.16605
1.16987
1.17628
1.18303
1.18876
1.19359
1.19889
1.2066
1.21779
1.23173
1.24575
1.25611
1.25943
1.25361
1.23873
1.21703
1.19245
1.1695
1.15197
1.14181
1.13891
1.14147
1.14706
1.1534
1.15894
1.16267
1.16392
1.16199
1.15644
1.14767
1.13777
1.13078
1.13139
1.14303
1.16617
1.19804
1.23374
1.26788
1.29591
1.31455
1.32173
1.31628
1.2981
1.26843
1.23051
1.18987
1.15355
1.12806
1.11709
1.12085
1.13702
1.1622
1.19298
1.22612
1.25854
1.2873
1.30973
1.32349
1.32697
1.31962
1.30216
1.27666
1.24626
1.21461
1.18535
1.1611
1.14322
1.13169
1.12576
1.12465
1.12796
1.13563
1.14743
1.16223
1.178
1.19246
1.20358
1.20982
1.21013
1.20416
1.19292
1.17886
1.16541
1.156
1.1533
1.15867
1.1719
1.19128
1.21424
1.2377
1.25853
1.2739
1.28173
1.28099
1.27198
1.25621
1.2362
1.21502
1.19576
1.18104
1.17279
1.17225
1.18002
1.19613
1.21993
1.24965
1.28215
1.31316
1.3383
1.35415
1.35905
1.35278
1.33582
1.30905
1.27429
1.2356
1.19894
1.1698
1.15036
1.13917
1.13373
1.1326
1.13548
1.14224
1.15218
1.164
1.17615
1.18717
1.19566
1.20034
1.20035
1.19585
1.1883
1.18005
1.17353
1.17019
1.17023
1.17292
1.17728
1.18284
1.18977
1.19865
1.21004
1.22384
1.23918
1.25451
1.26794
1.2776
1.28197
1.28004
1.27129
1.25592
1.23496
1.21029
1.18442
1.16025
1.14062
1.12779
1.12301
1.12652
1.13753
1.1544
1.17479
1.19601
1.21528
1.23039
1.2398
1.24287
1.23956
1.23054
1.21718
1.20124
1.18479
1.16979
1.15775
1.14945
1.1448
1.14302
1.14315
1.14436
1.14603
1.14747
1.14793
1.14682
1.14401
1.14065
1.13902
1.14196
1.15185
1.16965
1.19484
1.2255
1.25882
1.2914
1.31953
1.33981
1.34967
1.34767
1.33396
1.31034
1.27996
1.24702
1.21595
1.19038
1.17253
1.16304
1.16135
1.16618
1.17584
1.1884
1.20196
1.21505
1.22678
1.23652
1.24321
1.24471
1.23829
1.22227
1.19758
1.16843
1.14146
1.1234
1.11868
1.12806
1.14887
1.17603
1.2035
1.2258
1.23932
1.24296
1.23772
1.22627
1.21211
1.19877
1.18921
1.1854
1.18811
1.19696
1.2105
1.22611
1.24034
1.24935
1.24988
1.24075
1.22389
1.20465
1.1902
1.18592
1.19247
1.2058
1.21978
1.22917
1.23112
1.22507
1.21241
1.19573
1.17811
1.16238
1.15063
1.14397
1.14243
1.1453
1.15119
1.15843
1.16566
1.17217
1.17822
1.18476
1.19294
1.20346
1.2162
1.23005
1.24321
1.25385
1.2605
1.26243
1.25979
1.25341
1.2445
1.23424
1.22366
1.2134
1.20416
1.19691
1.19302
1.19357
1.19843
1.20599
1.214
1.22088
1.22601
1.2288
1.22835
1.22405
1.21637
1.20688
1.19741
1.18917
1.18243
1.17667
1.17107
1.16518
1.15933
1.15456
1.15241
1.1542
1.16037
1.17021
1.18214
1.19434
1.20545
1.2148
1.22241
1.22845
1.23278
1.23488
1.23417
1.23086
1.22647
1.22384
1.22592
1.23439
1.24841
1.26476
1.27905
1.28742
1.28759
1.27941
1.26463
1.24631
1.2278
1.21182
1.19964
1.1911
1.18502
1.18022
1.17592
1.17204
1.16914
1.16809
1.16974
1.17393
1.17933
1.18342
1.18327
1.17657
1.16278
1.14358
1.1227
1.10505
1.09539
1.09707
1.11134
1.13715
1.17144
1.20993
1.2481
1.28201
1.30902
1.32785
1.33847
1.34163
1.33832
1.32946
1.31573
1.29788
1.27672
1.25326
1.22864
1.20411
1.18088
1.16005
1.1426
1.12939
1.12108
1.11819
1.12084
1.12874
1.14116
1.15726
1.1763
1.19768
1.22098
1.24565
1.2706
1.29429
1.31481
1.33042
1.34004
1.34358
1.34175
1.33578
1.32684
1.31581
1.30321
1.28897
1.27245
1.2526
1.22837
1.19924
1.1657
1.12945
1.09357
1.062
1.03905
1.02854
1.0328
1.05221
1.08497
1.12738
1.17437
1.22046
1.26071
1.29148
1.31098
1.31902
1.31627
1.30354
1.28171
1.25221
1.21744
1.18078
1.14622
1.11772
1.09875
1.09177
1.09792
1.11662
1.14531
1.17968
1.21445
1.24444
1.26563
1.2757
1.27436
1.2631
1.24485
1.22311
1.20111
1.18115
1.16493
1.15409
1.15019
1.15393
1.16446
1.17963
1.19691
1.21426
1.2308
1.24685
1.26313
1.27958
1.29487
1.30715
1.31493
1.31751
1.31496
1.30778
1.29664
1.2824
1.26653
1.25109
1.23843
1.23046
1.22826
1.23183
1.23987
1.24982
1.2583
1.26238
1.26048
1.25285
1.24113
1.22781
1.21571
1.20737
1.20417
1.20593
1.2108
1.21609
1.21913
1.2179
1.21134
1.19943
1.18333
1.16525
1.14807
1.13425
1.12511
1.1208
1.1209
1.12506
1.13293
1.14378
1.15616
1.16783
1.17616
1.17885
1.17498
1.1655
1.15315
1.14158
1.13415
1.13286
1.13807
1.14891
1.16401
1.18234
1.20334
1.22702
1.25325
1.28146
1.30989
1.33525
1.35326
1.36066
1.35679
1.34395
1.32633
1.30821
1.29254
1.28051
1.27176
1.26492
1.25804
1.24907
1.23622
1.21867
1.19683
1.17242
1.1482
1.12726
1.11238
1.10566
1.10822
1.11996
1.1393
1.16317
1.18766
1.20921
1.22559
1.23668
1.24411
1.25028
1.25699
1.2642
1.27006
1.27169
1.26624
1.25186
1.22847
1.1982
1.16534
1.1357
1.1152
1.10789
1.11444
1.13194
1.15507
1.17806
1.19647
1.2079
1.21221
1.21137
1.20864
1.2074
1.20992
1.21657
1.22618
1.23694
1.2471
1.2551
1.25963
1.25996
1.2563
1.24993
1.24258
1.23546
1.22865
1.22121
1.21198
1.20055
1.18767
1.17481
1.1633
1.15398
1.14785
1.14684
1.15374
1.17055
1.19654
1.2275
1.25707
1.2788
1.28843
1.2848
1.2696
1.24669
1.22086
1.19664
1.17717
1.16382
1.15635
1.15385
1.15539
1.16026
1.16773
1.17701
1.18734
1.19799
1.20831
1.21737
1.22413
1.22773
1.22793
1.22553
1.22205
1.21893
1.2167
1.2145
1.21058
1.20327
1.19207
1.17837
1.16535
1.1569
1.15614
1.16386
1.17811
1.1953
1.21204
1.22656
1.23867
1.24884
1.25732
1.26372
1.26765
1.26942
1.26979
1.20015
1.20023
1.20091
1.20226
1.20384
1.20512
1.20581
1.20578
1.205
1.20355
1.20175
1.20045
1.20076
1.20361
1.20912
1.21616
1.2224
1.2251
1.22198
1.21217
1.19659
1.17745
1.15725
1.13803
1.12088
1.10602
1.0932
1.08237
1.07424
1.07022
1.07193
1.08032
1.09519
1.1154
1.13962
1.16701
1.19713
1.22902
1.26052
1.2883
1.30887
1.31975
1.31998
1.31036
1.29301
1.2707
1.24608
1.22154
1.19894
1.17962
1.16446
1.15359
1.14656
1.14263
1.141
1.14102
1.14198
1.14285
1.14219
1.13826
1.12965
1.11586
1.09769
1.07751
1.05898
1.04602
1.04151
1.0461
1.05799
1.07391
1.09053
1.10562
1.11846
1.12908
1.13783
1.14478
1.14979
1.15257
1.15283
1.15072
1.14715
1.14395
1.14369
1.14879
1.16068
1.17913
1.20229
1.22743
1.25156
1.27211
1.28711
1.29531
1.29609
1.28925
1.27521
1.25507
1.23092
1.20577
1.18307
1.16592
1.15609
1.15335
1.15568
1.15989
1.16269
1.16155
1.15521
1.14394
1.12957
1.11532
1.10497
1.10179
1.1072
1.12015
1.13755
1.15545
1.17049
1.1806
1.18518
1.18474
1.18065
1.17475
1.16898
1.16501
1.16384
1.16541
1.16889
1.17297
1.17646
1.17856
1.17893
1.17739
1.17354
1.1668
1.15653
1.14227
1.1241
1.10286
1.07996
1.05743
1.03765
1.02302
1.01562
1.01679
1.02687
1.04532
1.07074
1.10104
1.13371
1.16612
1.19599
1.22173
1.24276
1.25939
1.27239
1.28263
1.29055
1.2961
1.29877
1.29802
1.29341
1.28485
1.27265
1.25746
1.24018
1.22162
1.20226
1.18251
1.16325
1.14623
1.13373
1.12726
1.12689
1.1311
1.1375
1.14387
1.14849
1.14999
1.14714
1.13897
1.12491
1.10561
1.08305
1.06043
1.04181
1.03124
1.03189
1.04516
1.06992
1.10288
1.13968
1.17632
1.20996
1.239
1.26272
1.28056
1.2919
1.29604
1.29253
1.28186
1.26578
1.24703
1.22838
1.21179
1.19814
1.18749
1.17947
1.17325
1.16764
1.1617
1.15498
1.14793
1.14145
1.13647
1.13346
1.13245
1.13332
1.13613
1.14091
1.14729
1.15425
1.16023
1.16349
1.16228
1.15534
1.14228
1.12405
1.10326
1.08401
1.07089
1.06753
1.07561
1.09458
1.12231
1.15591
1.19207
1.22737
1.25834
1.28156
1.2942
1.29445
1.28204
1.25843
1.2267
1.19127
1.15703
1.12836
1.10829
1.09806
1.09703
1.10295
1.11257
1.12274
1.13146
1.13851
1.1449
1.15201
1.16049
1.1697
1.17796
1.18314
1.18366
1.17918
1.17069
1.16009
1.14941
1.14025
1.13367
1.1301
1.12974
1.13314
1.14129
1.15493
1.17322
1.1936
1.2127
1.22785
1.2379
1.2431
1.2446
1.24385
1.24204
1.24002
1.23794
1.23526
1.23084
1.22323
1.2113
1.19481
1.17499
1.15444
1.13639
1.12354
1.11718
1.11738
1.1237
1.13542
1.15079
1.16635
1.17821
1.18389
1.18323
1.17799
1.17085
1.16424
1.15947
1.15636
1.1535
1.1493
1.14302
1.13484
1.12572
1.11701
1.1105
1.10843
1.11261
1.12309
1.13786
1.15399
1.16903
1.18173
1.19156
1.19813
1.20089
1.19937
1.19359
1.18416
1.17195
1.15842
1.1456
1.13585
1.13115
1.13225
1.13846
1.14808
1.15902
1.16969
1.1792
1.18726
1.19407
1.19978
1.20422
1.207
1.20752
1.20529
1.19997
1.19139
1.1799
1.16643
1.15235
1.13933
1.12938
1.12492
1.12832
1.14073
1.16095
1.18522
1.20826
1.22538
1.23385
1.23343
1.22586
1.21387
1.20043
1.18811
1.17844
1.17161
1.1662
1.15969
1.14958
1.13471
1.1161
1.09679
1.08092
1.07268
1.07526
1.09024
1.11724
1.15391
1.19635
1.2396
1.27831
1.30764
1.32402
1.3257
1.31319
1.2891
1.25777
1.22441
1.19382
1.16886
1.14982
1.13477
1.12084
1.1056
1.08843
1.07135
1.05859
1.05519
1.06451
1.08639
1.1168
1.14952
1.17841
1.19912
1.20972
1.21056
1.20355
1.19158
1.17784
1.16526
1.15607
1.15164
1.15261
1.15897
1.17018
1.18532
1.20308
1.22177
1.23945
1.25395
1.26304
1.26495
1.2586
1.24397
1.22215
1.19529
1.16634
1.13891
1.11699
1.10411
1.10234
1.11134
1.12827
1.14895
1.16915
1.18561
1.19656
1.20168
1.20172
1.19787
1.19119
1.18258
1.17279
1.16282
1.15384
1.14694
1.1429
1.14214
1.14455
1.14947
1.15592
1.16263
1.16856
1.17312
1.17633
1.17863
1.1805
1.18238
1.18445
1.1868
1.18945
1.19223
1.19433
1.19441
1.19105
1.18368
1.17342
1.16312
1.15651
1.15646
1.16367
1.17684
1.19363
1.21147
1.22792
1.24082
1.24878
1.25146
1.24955
1.24383
1.23471
1.22203
1.20553
1.18532
1.16216
1.13754
1.11333
1.0914
1.07345
1.06091
1.05506
1.05672
1.06593
1.08182
1.10306
1.1283
1.1563
1.18551
1.21392
1.239
1.25804
1.26869
1.26954
1.26083
1.24452
1.22413
1.20398
1.18801
1.17883
1.177
1.1813
1.18943
1.19868
1.20629
1.20979
1.20721
1.19763
1.18153
1.16134
1.14116
1.12605
1.12032
1.12607
1.14247
1.16622
1.1929
1.218
1.23768
1.24916
1.25104
1.24331
1.22706
1.20444
1.17783
1.1497
1.12193
1.09534
1.06987
1.04562
1.02386
1.0074
0.999677
1.00357
1.02012
1.04783
1.08313
1.12144
1.15844
1.19101
1.21768
1.2383
1.2535
1.26395
1.26963
1.26977
1.26334
1.24967
1.2291
1.20304
1.17362
1.14338
1.11535
1.09334
1.0816
1.08356
1.0998
1.12702
1.15851
1.18641
1.20406
1.20746
1.19602
1.17238
1.14157
1.10992
1.08315
1.06484
1.05588
1.05508
1.06088
1.07282
1.09185
1.11926
1.1549
1.19584
1.23655
1.27067
1.29303
1.30081
1.29365
1.27331
1.24328
1.2083
1.17372
1.14484
1.12624
1.12105
1.13024
1.15223
1.18315
1.21781
1.25098
1.27834
1.29676
1.3044
1.30055
1.28582
1.2624
1.23414
1.20601
1.18264
1.16659
1.15743
1.15201
1.14622
1.13683
1.12267
1.10508
1.08736
1.07379
1.06816
1.07223
1.08486
1.10247
1.12078
1.13657
1.14846
1.15688
1.16326
1.16901
1.17458
1.17903
1.18035
1.17619
1.16547
1.15008
1.13542
1.12867
1.13459
1.15235
1.17648
1.20091
1.22166
1.23725
1.24752
1.25261
1.25243
1.24665
1.23507
1.21813
1.19724
1.17516
1.15567
1.14273
1.1395
1.14723
1.16473
1.18877
1.21478
1.23791
1.2539
1.25977
1.25424
1.2379
1.21327
1.18444
1.15604
1.13209
1.11486
1.10445
1.09956
1.09821
1.09892
1.10111
1.10515
1.11171
1.1212
1.13312
1.14615
1.15838
1.16813
1.17488
1.17933
1.1828
1.18645
1.19076
1.19549
1.2002
1.20443
1.20785
1.21025
1.21149
1.21142
1.20973
1.20622
1.20077
1.19357
1.18503
1.17571
1.16612
1.15662
1.14777
1.14106
1.13951
1.14711
1.16585
1.19391
1.2264
1.25788
1.28436
1.30358
1.31459
1.31733
1.31223
1.29975
1.28039
1.2545
1.22255
1.18591
1.14731
1.11069
1.07999
1.05784
1.0449
1.04019
1.0418
1.04772
1.05603
1.06529
1.07479
1.08456
1.09536
1.10806
1.12333
1.14129
1.16136
1.18244
1.20312
1.22189
1.23722
1.24766
1.25187
1.24889
1.2381
1.21962
1.19433
1.16417
1.13186
1.10072
1.07418
1.05522
1.04568
1.04594
1.05517
1.07208
1.09559
1.12492
1.15914
1.19712
1.23704
1.27651
1.31263
1.34224
1.3627
1.37229
1.37052
1.35825
1.33726
1.31001
1.27917
1.24718
1.21595
1.18709
1.16197
1.14202
1.12859
1.12241
1.12269
1.12679
1.13078
1.13048
1.12271
1.10594
1.08074
1.04981
1.01738
0.988355
0.967288
0.957254
0.959229
0.972058
0.993039
1.01869
1.04558
1.07107
1.09389
1.11434
1.13414
1.15555
1.18019
1.20797
1.23694
1.26361
1.28414
1.29513
1.29424
1.28077
1.25569
1.22144
1.1819
1.14179
1.10597
1.07898
1.0646
1.06523
1.08118
1.11046
1.14886
1.19086
1.23059
1.26289
1.28395
1.29191
1.28701
1.27105
1.24666
1.21675
1.18402
1.15115
1.12112
1.09726
1.08274
1.07994
1.0897
1.11072
1.13956
1.17147
1.20141
1.22531
1.2406
1.24644
1.24359
1.23402
1.22049
1.20605
1.19355
1.18516
1.1819
1.18357
1.18908
1.19693
1.20548
1.21318
1.21868
1.22111
1.22028
1.21682
1.21179
1.20616
1.20034
1.19425
1.18833
1.18422
1.18374
1.18664
1.19007
1.19061
1.1865
1.17797
1.16598
1.15114
1.13362
1.11381
1.09298
1.07357
1.05869
1.05122
1.05295
1.06389
1.08248
1.10598
1.13133
1.15592
1.17823
1.19789
1.21516
1.23056
1.24422
1.25575
1.26399
1.26726
1.26341
1.25075
1.22883
1.19935
1.16625
1.13486
1.11048
1.09692
1.0956
1.10519
1.12229
1.14242
1.16134
1.17608
1.18533
1.18938
1.18979
1.18888
1.18932
1.19312
1.20082
1.21109
1.22124
1.22814
1.22946
1.22429
1.21364
1.20003
1.18685
1.17729
1.17319
1.17431
1.17867
1.18352
1.18688
1.18849
1.18978
1.1926
1.19739
1.2021
1.20324
1.19779
1.18464
1.16518
1.14323
1.12404
1.11305
1.11413
1.12823
1.15288
1.18308
1.21306
1.2376
1.25302
1.25747
1.25098
1.23499
1.21144
1.18207
1.14817
1.11117
1.07337
1.03827
1.0101
0.992743
0.98884
0.999193
1.02291
1.05789
1.10124
1.14949
1.19914
1.24699
1.29037
1.327
1.35517
1.37333
1.38021
1.37518
1.35866
1.33244
1.29961
1.264
1.22939
1.19872
1.17345
1.15357
1.13826
1.12643
1.11705
1.10915
1.10186
1.09426
1.08549
1.07518
1.06379
1.05265
1.04427
1.04186
1.04847
1.06554
1.09214
1.12507
1.16044
1.19516
1.22738
1.25543
1.27696
