-6.48858
-6.59521
-6.74436
-6.90665
-7.06172
-7.19951
-7.31205
-7.39509
-7.45751
-7.4952
-7.51217
-7.5064
-7.48774
-7.45611
-7.41499
-7.36466
-7.31613
-7.26615
-7.21868
-7.18045
-7.14806
-7.1261
-7.11086
-7.10629
-7.10835
-7.11427
-7.12148
-7.13252
-7.14129
-7.14583
-7.14795
-7.14318
-7.1331
-7.11595
-7.09457
-7.07058
-7.04613
-7.02548
-7.00523
-6.99542
-6.99237
-6.99903
-7.0121
-7.03189
-7.05878
-7.08523
-7.11391
-7.13906
-7.16032
-7.17681
-7.1888
-7.19494
-7.19884
-7.19895
-7.19644
-7.18836
-7.18054
-7.17349
-7.16493
-7.15913
-7.15229
-7.14806
-7.14336
-7.13816
-7.13103
-7.12044
-7.11106
-7.0983
-7.08332
-7.07122
-7.06184
-7.05338
-7.05039
-7.05221
-7.05641
-7.06283
-7.07165
-7.07959
-7.08732
-7.09463
-7.10127
-7.10372
-7.10639
-7.10987
-7.11103
-7.11241
-7.11415
-7.11709
-7.12063
-7.12976
-7.1394
-7.15278
-7.17005
-7.18476
-7.20177
-7.21958
-7.2351
-7.25307
-7.26748
-7.27766
-7.28711
-7.29277
-7.29553
-7.29336
-7.28467
-7.26999
-7.24856
-7.22239
-7.1904
-7.15472
-7.11894
-7.0843
-7.05037
-7.01919
-6.99601
-6.97986
-6.97027
-6.96747
-6.96654
-6.97171
-6.98139
-6.99861
-7.01816
-7.03951
-7.06107
-7.08333
-7.10497
-7.12907
-7.15035
-7.17041
-7.18952
-7.20748
-7.21984
-7.23147
-7.23772
-7.23843
-7.23706
-7.23396
-7.23075
-7.22348
-7.21547
-7.20883
-7.20496
-7.2015
-7.19883
-7.19597
-7.19245
-7.18567
-7.17656
-7.16109
-7.14486
-7.12791
-7.11118
-7.0952
-7.08308
-7.0772
-7.07742
-7.08257
-7.09284
-7.10242
-7.11171
-7.11638
-7.12073
-7.1222
-7.11964
-7.11534
-7.11046
-7.10332
-7.09775
-7.09077
-7.08228
-7.07428
-7.06701
-7.06128
-7.05787
-7.05669
-7.05848
-7.06215
-7.0695
-7.0795
-7.09205
-7.10849
-7.12719
-7.14494
-7.16274
-7.17734
-7.19117
-7.19964
-7.20701
-7.21542
-7.22312
-7.22615
-7.23028
-7.23024
-7.22705
-7.22645
-7.21963
-7.21249
-7.19864
-7.17987
-7.15914
-7.13563
-7.11202
-7.08753
-7.06663
-7.04849
-7.03474
-7.02953
-7.02994
-7.03794
-7.04948
-7.06564
-7.08391
-7.10402
-7.12271
-7.13833
-7.15293
-7.16933
-7.18095
-7.18975
-7.19502
-7.19578
-7.19556
-7.19114
-7.18352
-7.17414
-7.1667
-7.159
-7.14963
-7.14251
-7.13942
-7.13552
-7.13267
-7.13037
-7.128
-7.12623
-7.12546
-7.12329
-7.11952
-7.11995
-7.12178
-7.12017
-7.11957
-7.12394
-7.12736
-7.13195
-7.13756
-7.14375
-7.15396
-7.16382
-7.1739
-7.18164
-7.18847
-7.19251
-7.19528
-7.19453
-7.19018
-7.18582
-7.17882
-7.17136
-7.16381
-7.15454
-7.14876
-7.14178
-7.13536
-7.12898
-7.12517
-7.11762
-7.11262
-7.10736
-7.0991
-7.0902
-7.07945
-7.0735
-7.06698
-7.06399
-7.06532
-7.07264
-7.0819
-7.09748
-7.11709
-7.13733
-7.15526
-7.17443
-7.19304
-7.20447
-7.20968
-7.21337
-7.21032
-7.20542
-7.19626
-7.18708
-7.17521
-7.16342
-7.15246
-7.13867
-7.1296
-7.1223
-7.11963
-7.11853
-7.11817
-7.11931
-7.12454
-7.13081
-7.14147
-7.15272
-7.16482
-7.17856
-7.19296
-7.20673
-7.21698
-7.22451
-7.22823
-7.22486
-7.213
-7.19843
-7.17892
-7.15663
-7.13086
-7.10645
-7.08529
-7.06735
-7.05318
-7.0448
-7.043
-7.0471
-7.05604
-7.06974
-7.08409
-7.10142
-7.11946
-7.13532
-7.14886
-7.157
-7.16381
-7.16651
-7.16618
-7.15983
-7.15245
-7.14043
-7.12912
-7.11741
-7.10439
-7.09334
-7.08472
-7.08054
-7.08135
-7.08697
-7.09663
-7.10954
-7.12756
-7.14444
-7.15917
-7.17362
-7.18398
-7.1924
-7.1955
-7.19841
-7.1918
-7.18415
-7.17247
-7.15701
-7.14037
-7.12135
-7.10622
-7.09475
-7.08677
-7.08607
-7.09027
-7.09835
-7.1117
-7.12775
-7.14333
-7.16121
-7.17361
-7.18405
-7.19048
-7.19366
-7.19387
-7.19103
-7.18292
-7.17675
-7.16736
-7.156
-7.14942
-7.13741
-7.12817
-7.11966
-7.11161
-7.10626
-7.1013
-7.09866
-7.0952
-7.09337
-7.09305
-7.09536
-7.09738
-7.10327
-7.10969
-7.11762
-7.12799
-7.13859
-7.15076
-7.16534
-7.17917
-7.19537
-7.20832
-7.21909
-7.22535
-7.22819
-7.22216
-7.21153
-7.19566
-7.1766
-7.15508
-7.13455
-7.11666
-7.10365
-7.09521
-7.09208
-7.09126
-7.09142
-7.09665
-7.10334
-7.11142
-7.1212
-7.13172
-7.14079
-7.14799
-7.15456
-7.1576
-7.15874
-7.15703
-7.15189
-7.14745
-7.13618
-7.12255
-7.11018
-7.09555
-7.08334
-7.07473
-7.07043
-7.06887
-7.07148
-7.07559
-7.08109
-7.08893
-7.09694
-7.10596
-7.11555
-7.12496
-7.13427
-7.13821
-7.14278
-7.14444
-7.14658
-7.1526
-7.15725
-7.16031
-7.16618
-7.1719
-7.17567
-7.18085
-7.18248
-7.18523
-7.18658
-7.18485
-7.183
-7.18216
-7.17969
-7.17824
-7.17584
-7.17365
-7.17002
-7.16758
-7.16738
-7.16584
-7.16177
-7.15742
-7.15319
-7.1451
-7.14039
-7.13399
-7.13044
-7.12473
-7.12145
-7.12204
-7.12271
-7.12611
-7.13103
-7.13643
-7.14477
-7.14881
-7.15051
-7.15131
-7.15284
-7.14922
-7.14325
-7.13406
-7.12618
-7.12001
-7.11174
-7.10417
-7.09952
-7.0966
-7.09609
-7.09641
-7.09734
-7.10223
-7.10566
-7.11164
-7.12091
-7.12829
-7.13328
-7.13825
-7.13885
-7.13812
-7.13433
-7.12582
-7.1224
-7.11632
-7.11171
-7.11455
-7.11976
-7.12727
-7.13809
-7.14894
-7.16112
-7.16957
-7.17686
-7.18196
-7.18432
-7.18787
-7.18769
-7.18164
-7.17768
-7.17109
-7.16603
-7.15929
-7.15275
-7.14577
-7.13883
-7.12991
-7.12367
-7.1183
-7.11395
-7.11018
-7.10872
-7.10738
-7.10779
-7.11152
-7.11929
-7.12749
-7.13344
-7.14106
-7.14724
-7.15414
-7.15759
-7.15866
-7.1608
-7.16105
-7.15992
-7.15794
-7.15397
-7.14884
-7.14328
-7.14019
-7.13882
-7.13866
-7.13939
-7.14164
-7.14467
-7.15071
-7.15669
-7.16505
-7.17095
-7.17495
-7.17689
-7.17436
-7.16973
-7.16407
-7.15382
-7.14344
-7.1292
-7.11563
-7.10543
-7.09331
-7.08549
-7.08277
-7.08189
-7.08846
-7.09545
-7.10435
-7.11449
-7.12165
-7.12563
-7.1288
-7.12774
-7.12383
-7.11731
-7.11256
-7.10871
-7.10757
-7.10874
-7.11397
-7.12547
-7.13845
-7.15582
-7.17273
-7.18996
-7.20772
-7.21677
-7.22604
-7.23123
-7.23255
-7.22659
-7.22186
-7.21053
-7.19823
-7.18599
-7.17358
-7.1577
-7.1447
-7.1327
-7.12341
-7.11402
-7.10363
-7.09521
-7.09114
-7.08865
-7.08836
-7.09065
-7.09569
-7.10275
-7.11252
-7.12134
-7.13032
-7.13957
-7.14681
-7.15233
-7.15322
-7.15179
-7.14936
-7.15025
-7.15071
-7.15131
-7.15148
-7.14855
-7.14509
-7.14148
-7.13792
-7.13495
-7.13414
-7.13725
-7.14315
-7.15039
-7.1598
-7.16747
-7.17115
-7.17358
-7.17243
-7.17015
-7.16581
-7.15588
-7.1481
-7.13698
-7.12668
-7.1164
-7.10637
-7.09968
-7.09677
-7.09542
-7.09793
-7.09914
-7.10349
-7.10852
-7.1137
-7.11498
-7.11269
-7.11038
-7.10441
-7.09651
-7.09054
-7.08508
-7.08101
-7.07991
-7.08409
-7.09294
-7.10398
-7.12301
-7.14305
-7.16043
-7.17905
-7.1984
-7.21409
-7.23071
-7.24307
-7.24824
-7.24795
-7.24364
-7.23202
-7.21402
-7.19281
-7.16691
-7.1414
-7.12114
-7.10503
-7.09083
-7.08726
-7.08886
-7.09544
-7.10669
-7.12066
-7.13292
-7.143
-7.15056
-7.15077
-7.14688
-7.13407
-7.11519
-7.09534
-7.07748
-7.06423
-7.05608
-7.05529
-7.06112
-7.07091
-7.08588
-7.1041
-7.1244
-7.15034
-7.17046
-7.18868
-7.2081
-7.22245
-7.23037
-7.2351
-7.23644
-7.23152
-7.2203
-7.2048
-7.18583
-7.16375
-7.14025
-7.11524
-7.0938
-7.07779
-7.0678
-7.06402
-7.07002
-7.08267
-7.09519
-7.11243
-7.13136
-7.14862
-7.16316
-7.17537
-7.18024
-7.17924
-7.17287
-7.16141
-7.15084
-7.13786
-7.13056
-7.12396
-7.12437
-7.12846
-7.13609
-7.15046
-7.16656
-7.1812
-7.19365
-7.20465
-7.21195
-7.21473
-7.2091
-7.20135
-7.18857
-7.17157
-7.15374
-7.1357
-7.12066
-7.10862
-7.09821
-7.09269
-7.08903
-7.09046
-7.09252
-7.09713
-7.10108
-7.10473
-7.10936
-7.11298
-7.1154
-7.11738
-7.11781
-7.11934
-7.11937
-7.11949
-7.12151
-7.12267
-7.12178
-7.12004
-7.11919
-7.11634
-7.11307
-7.11187
-7.10944
-7.1145
-7.12203
-7.13022
-7.13964
-7.14936
-7.15555
-7.16313
-7.1674
-7.16953
-7.1681
-7.16451
-7.15989
-7.15347
-7.1458
-7.13957
-7.13361
-7.12767
-7.12124
-7.11611
-7.11287
-7.11311
-7.11985
-7.12642
-7.13763
-7.15222
-7.16594
-7.17885
-7.19023
-7.19874
-7.20271
-7.20164
-7.19776
-7.18777
-7.17932
-7.16836
-7.15615
-7.14649
-7.14004
-7.13581
-7.13684
-7.13923
-7.14262
-7.14667
-7.15162
-7.15223
-7.14996
-7.14748
-7.14098
-7.1345
-7.12502
-7.11571
-7.10503
-7.09891
-7.0908
-7.08675
-7.08252
-7.08325
-7.08548
-7.08911
-7.09586
-7.10605
-7.11636
-7.12542
-7.13047
-7.13647
-7.14006
-7.14171
-7.14481
-7.14627
-7.14944
-7.15392
-7.15685
-7.16137
-7.16318
-7.16504
-7.16633
-7.16342
-7.16069
-7.15551
-7.1496
-7.14347
-7.13686
-7.13069
-7.12331
-7.11527
-7.1087
-7.10245
-7.097
-7.09317
-7.09497
-7.10121
-7.10737
-7.11473
-7.12745
-7.13965
-7.14843
-7.15407
-7.16149
-7.16688
-7.16956
-7.17408
-7.17616
-7.1778
-7.17808
-7.17887
-7.17751
-7.17598
-7.17339
-7.16726
-7.16234
-7.1595
-7.1553
-7.151
-7.15052
-7.15287
-7.15479
-7.16146
-7.16693
-7.17348
-7.17465
-7.17475
-7.17199
-7.16406
-7.15342
-7.14153
-7.12893
-7.11645
-7.10762
-7.09952
-7.096
-7.0934
-7.09423
-7.09499
-7.0984
-7.10142
-7.10526
-7.10951
-7.11123
-7.11235
-7.11331
-7.1135
-7.11397
-7.11048
-7.10992
-7.1107
-7.11297
-7.11779
-7.12416
-7.12867
-7.13481
-7.14004
-7.14395
-7.14717
-7.14711
-7.14245
-7.13699
-7.13321
-7.12997
-7.12749
-7.12782
-7.13303
-7.13989
-7.15434
-7.16603
-7.18129
-7.19839
-7.21382
-7.2261
-7.23702
-7.24236
-7.24137
-7.23642
-7.22935
-7.22026
-7.21154
-7.19999
-7.18985
-7.18192
-7.17539
-7.17184
-7.16345
-7.15514
-7.14681
-7.1404
-7.13038
-7.12243
-7.11214
-7.1012
-7.09265
-7.08433
-7.07555
-7.07114
-7.06662
-7.05102
-7.02144
-6.99042
-6.95358
-6.91865
-6.88772
-6.86424
-6.84724
-6.83832
-6.83321
-6.83108
-6.83188
-6.83362
-6.8366
-6.83719
-6.83942
-6.84052
-6.84125
-6.84467
-6.85003
-6.85131
-6.85269
-6.85175
-6.84614
-6.84006
-6.8283
-6.81806
-6.80436
-6.79185
-6.7767
-6.76606
-6.7593
-6.75712
-6.7598
-6.76991
-6.78561
-6.8034
-6.82191
-6.84016
-6.85541
-6.87064
-6.878
-6.88117
-6.88143
-6.87616
-6.86858
-6.8633
-6.85601
-6.85267
-6.8486
-6.85061
-6.85659
-6.86279
-6.87078
-6.87968
-6.88909
-6.89814
-6.90467
-6.90557
-6.90556
-6.89807
-6.88469
-6.86206
-6.83902
-6.81047
-6.78141
-6.75634
-6.73564
-6.72461
-6.72467
-6.73766
-6.76006
-6.78697
-6.81516
-6.83701
-6.85435
-6.86651
-6.8708
-6.87336
-6.87712
-6.88474
-6.89474
-6.9099
-6.92799
-6.9447
-6.95514
-6.95902
-6.95625
-6.94714
-6.92736
-6.89935
-6.86888
-6.83719
-6.80544
-6.78114
-6.77013
-6.77126
-6.78272
-6.8024
-6.82807
-6.85222
-6.87527
-6.89419
-6.90627
-6.91319
-6.91494
-6.91175
-6.90221
-6.89227
-6.87928
-6.87205
-6.86642
-6.86501
-6.86014
-6.85815
-6.85303
-6.8461
-6.83763
-6.83018
-6.82359
-6.82198
-6.82562
-6.83412
-6.84458
-6.85771
-6.86884
-6.88026
-6.88519
-6.88593
-6.88057
-6.87053
-6.85843
-6.84551
-6.83282
-6.82341
-6.817
-6.81691
-6.8241
-6.83759
-6.85349
-6.86966
-6.88646
-6.89696
-6.9019
-6.899
-6.89073
-6.87673
-6.86098
-6.84624
-6.83307
-6.82455
-6.81577
-6.81019
-6.80497
-6.80126
-6.80301
-6.80432
-6.80924
-6.8127
-6.81025
-6.80976
-6.80682
-6.80385
-6.80063
-6.79361
-6.79102
-6.7896
-6.79449
-6.80065
-6.81413
-6.82951
-6.84652
-6.86749
-6.88633
-6.90652
-6.92286
-6.93443
-6.93918
-6.93536
-6.92468
-6.90782
-6.89004
-6.87168
-6.85306
-6.83844
-6.82461
-6.81586
-6.81069
-6.80948
-6.81203
-6.81883
-6.829
-6.83898
-6.84923
-6.85763
-6.86294
-6.86606
-6.86647
-6.86092
-6.85346
-6.84484
-6.8387
-6.83591
-6.83624
-6.84014
-6.8499
-6.85761
-6.86871
-6.87554
-6.88111
-6.88811
-6.89477
-6.89722
-6.9025
-6.90639
-6.90819
-6.9078
-6.90225
-6.89538
-6.8827
-6.86872
-6.85108
-6.83671
-6.82447
-6.81497
-6.80968
-6.80756
-6.80802
-6.8102
-6.81161
-6.81625
-6.82214
-6.827
-6.83041
-6.83495
-6.83768
-6.83735
-6.8315
-6.82258
-6.81309
-6.80289
-6.79326
-6.78694
-6.78404
-6.78494
-6.78988
-6.79992
-6.81359
-6.8291
-6.8459
-6.86068
-6.87626
-6.88819
-6.89876
-6.90942
-6.91774
-6.92567
-6.93004
-6.93373
-6.93427
-6.93677
-6.94038
-6.94087
-6.94069
-6.94004
-6.93669
-6.93291
-6.9279
-6.92005
-6.90973
-6.90033
-6.88701
-6.87023
-6.85563
-6.84047
-6.82597
-6.81219
-6.79619
-6.77946
-6.76254
-6.74931
-6.73407
-6.72105
-6.71425
-6.71117
-6.71353
-6.72036
-6.73383
-6.74926
-6.76619
-6.78107
-6.79563
-6.80793
-6.81906
-6.82801
-6.83479
-6.83877
-6.84015
-6.84122
-6.84493
-6.85131
-6.86408
-6.88054
-6.89998
-6.92168
-6.94665
-6.96361
-6.98095
-6.98957
-6.99246
-6.99137
-6.98391
-6.97591
-6.96276
-6.95045
-6.93666
-6.9266
-6.91415
-6.90457
-6.89278
-6.87932
-6.86513
-6.84961
-6.8308
-6.80959
-6.78575
-6.76533
-6.74963
-6.73701
-6.73113
-6.72858
-6.73065
-6.74088
-6.7509
-6.76833
-6.78346
-6.8009
-6.81542
-6.8286
-6.83669
-6.8407
-6.84493
-6.84962
-6.85613
-6.86338
-6.87448
-6.88795
-6.90263
-6.91208
-6.91801
-6.92377
-6.92155
-6.91649
-6.90876
-6.89957
-6.89039
-6.87907
-6.86604
-6.85453
-6.83853
-6.82468
-6.8056
-6.79045
-6.77362
-6.75675
-6.74171
-6.73232
-6.72642
-6.72577
-6.73271
-6.74857
-6.77263
-6.80265
-6.83245
-6.86018
-6.883
-6.90051
-6.91253
-6.92034
-6.928
-6.93595
-6.94404
-6.95815
-6.97697
-6.99236
-7.00772
-7.01942
-7.02483
-7.02235
-7.01303
-6.99989
-6.98249
-6.95643
-6.93599
-6.91432
-6.89154
-6.86918
-6.84555
-6.82231
-6.80186
-6.78014
-6.75605
-6.73476
-6.71547
-6.69797
-6.68586
-6.67631
-6.67425
-6.67571
-6.68535
-6.70031
-6.7211
-6.74495
-6.77139
-6.79615
-6.81835
-6.83615
-6.85105
-6.8642
-6.8731
-6.87989
-6.88278
-6.88348
-6.88573
-6.8902
-6.89211
-6.89961
-6.90653
-6.91503
-6.92652
-6.93723
-6.94512
-6.95307
-6.95799
-6.96003
-6.95801
-6.94758
-6.93607
-6.91816
-6.89318
-6.86924
-6.84417
-6.82255
-6.80298
-6.79426
-6.78652
-6.7827
-6.78183
-6.78584
-6.79082
-6.79668
-6.80411
-6.81198
-6.82145
-6.83044
-6.84157
-6.84906
-6.85653
-6.86153
-6.86385
-6.86372
-6.86398
-6.86141
-6.86472
-6.86976
-6.87635
-6.88457
-6.89423
-6.89878
-6.90494
-6.90471
-6.90817
-6.90958
-6.91104
-6.91143
-6.91296
-6.91262
-6.90962
-6.90269
-6.88937
-6.87172
-6.84996
-6.82728
-6.80089
-6.77426
-6.75065
-6.73163
-6.71642
-6.70673
-6.70038
-6.70027
-6.70595
-6.7164
-6.73029
-6.75081
-6.77281
-6.79816
-6.8252
-6.84667
-6.86567
-6.87927
-6.88543
-6.88805
-6.88791
-6.88701
-6.88748
-6.88939
-6.89594
-6.90158
-6.90849
-6.91652
-6.92392
-6.92936
-6.93394
-6.93787
-6.93827
-6.93638
-6.93401
-6.92528
-6.92135
-6.91349
-6.90888
-6.90446
-6.90184
-6.89778
-6.89342
-6.89078
-6.8824
-6.87207
-6.85707
-6.83749
-6.81259
-6.78428
-6.75811
-6.73543
-6.72208
-6.72042
-6.73131
-6.75332
-6.78362
-6.81529
-6.84448
-6.86965
-6.88649
-6.89669
-6.8971
-6.88877
-6.87831
-6.86654
-6.85491
-6.84531
-6.83627
-6.82788
-6.82079
-6.81511
-6.81248
-6.81111
-6.81581
-6.82524
-6.83531
-6.84673
-6.85577
-6.86275
-6.8642
-6.86477
-6.86207
-6.86065
-6.85849
-6.85839
-6.86003
-6.86376
-6.86682
-6.86945
-6.87327
-6.87676
-6.87745
-6.88012
-6.88666
-6.89161
-6.89796
-6.90279
-6.90393
-6.89986
-6.89469
-6.88213
-6.86609
-6.84548
-6.82357
-6.80503
-6.79059
-6.78224
-6.78305
-6.79404
-6.80672
-6.82431
-6.84051
-6.85723
-6.86826
-6.87638
-6.88168
-6.88412
-6.88238
-6.87832
-6.87604
-6.86953
-6.86322
-6.85495
-6.84588
-6.83488
-6.8191
-6.80216
-6.78575
-6.76734
-6.75592
-6.74758
-6.74693
-6.75327
-6.76236
-6.77685
-6.78956
-6.80372
-6.81744
-6.83042
-6.84051
-6.85148
-6.86172
-6.87239
-6.88475
-6.89509
-6.9051
-6.91035
-6.9123
-6.91225
-6.90795
-6.90619
-6.90262
-6.90003
-6.90265
-6.90742
-6.91014
-6.91189
-6.91205
-6.91435
-6.91412
-6.91319
-6.91161
-6.91068
-6.90772
-6.90006
-6.89449
-6.88212
-6.87304
-6.86258
-6.85139
-6.84061
-6.8261
-6.81371
-6.80233
-6.79367
-6.78687
-6.78199
-6.78365
-6.78569
-6.78761
-6.78968
-6.7917
-6.79263
-6.79304
-6.79028
-6.78702
-6.78238
-6.7725
-6.76454
-6.75553
-6.74503
-6.73967
-6.74092
-6.75108
-6.77132
-6.80148
-6.84083
-6.88253
-6.92372
-6.96069
-6.98895
-7.00816
-7.01765
-7.01659
-7.0053
-6.98981
-6.97441
-6.9599
-6.95124
-6.9444
-6.93528
-6.92562
-6.91641
-6.90335
-6.88722
-6.87071
-6.85414
-6.83985
-6.83048
-6.82722
-6.82513
-6.82773
-6.83213
-6.84042
-6.84743
-6.85629
-6.86405
-6.86927
-6.86865
-6.85967
-6.84717
-6.83259
-6.81622
-6.80682
-6.80326
-6.80359
-6.80789
-6.81864
-6.82931
-6.84213
-6.85609
-6.8681
-6.87724
-6.88225
-6.88362
-6.87961
-6.87191
-6.85536
-6.83681
-6.81643
-6.79462
-6.77667
-6.76512
-6.76403
-6.77635
-6.79864
-6.82503
-6.85759
-6.88562
-6.91193
-6.92322
-6.92605
-6.92002
-6.90477
-6.88777
-6.86897
-6.85358
-6.84498
-6.84516
-6.85306
-6.86798
-6.88284
-6.89838
-6.90841
-6.91195
-6.90907
-6.89981
-6.89125
-6.88035
-6.8697
-6.86564
-6.8656
-6.87149
-6.87581
-6.88524
-6.89515
-6.90602
-6.91185
-6.91735
-6.92115
-6.92175
-6.9183
-6.90997
-6.89822
-6.87844
-6.8518
-6.82804
-6.80882
-6.79586
-6.79066
-6.79577
-6.80636
-6.82231
-6.83964
-6.85802
-6.87224
-6.88318
-6.8889
-6.88783
-6.8812
-6.87003
-6.85601
-6.83534
-6.81741
-6.80119
-6.78824
-6.78354
-6.78526
-6.78913
-6.79622
-6.80371
-6.81368
-6.82568
-6.8429
-6.86322
-6.88056
-6.89707
-6.91144
-6.92262
-6.92727
-6.92343
-6.91161
-6.89498
-6.87456
-6.85553
-6.83678
-6.82466
-6.81513
-6.81298
-6.81743
-6.8237
-6.83668
-6.84721
-6.85547
-6.86623
-6.87522
-6.88188
-6.88392
-6.88457
-6.87805
-6.87019
-6.85673
-6.8407
-6.82314
-6.80874
-6.8021
-6.79725
-6.80834
-6.82251
-6.84118
-6.86516
-6.88575
-6.90277
-6.91437
-6.9193
-6.91867
-6.91385
-6.90519
-6.89131
-6.87697
-6.86109
-6.84528
-6.83169
-6.82095
-6.81217
-6.809
-6.80964
-6.81009
-6.80878
-6.81142
-6.81055
-6.81063
-6.80903
-6.81139
-6.81352
-6.81645
-6.81846
-6.81856
-6.81708
-6.81147
-6.80328
-6.79183
-6.7808
-6.76941
-6.7576
-6.74792
-6.74789
-6.75189
-6.76714
-6.78786
-6.81831
-6.84855
-6.87674
-6.89726
-6.91125
-6.91443
-6.9129
-6.90446
-6.8982
-6.88925
-6.88294
-6.88119
-6.87942
-6.8782
-6.87667
-6.87652
-6.87357
-6.87047
-6.86601
-6.86487
-6.86564
-6.87011
-6.8818
-6.89569
-6.90945
-6.92421
-6.93476
-6.93865
-6.93478
-6.92175
-6.90262
-6.87504
-6.84051
-6.80548
-6.77013
-6.74343
-6.72572
-6.71978
-6.73079
-6.75213
-6.77728
-6.80807
-6.84035
-6.86939
-6.89156
-6.90533
-6.90759
-6.90343
-6.89279
-6.87827
-6.85997
-6.84654
-6.83688
-6.82968
-6.82772
-6.83048
-6.8402
-6.85713
-6.87359
-6.89024
-6.90929
-6.92502
-6.93635
-6.94195
-6.94826
-6.94567
-6.93486
-6.92228
-6.9048
-6.8837
-6.86111
-6.8395
-6.82166
-6.80847
-6.8049
-6.80924
-6.82193
-6.84384
-6.86592
-6.8812
-6.89061
-6.89116
-6.88202
-6.86954
-6.85443
-6.8433
-6.83569
-6.83358
-6.83819
-6.84578
-6.85257
-6.85753
-6.85929
-6.85605
-6.84964
-6.84189
-6.83334
-6.82368
-6.81284
-6.80902
-6.80504
-6.80085
-6.80087
-6.79988
-6.79832
-6.79642
-6.79626
-6.79756
-6.79925
-6.80317
-6.80858
-6.81521
-6.82648
-6.84116
-6.85526
-6.83914
-6.81249
-6.78432
-6.7562
-6.72873
-6.70176
-6.67593
-6.65157
-6.62883
-6.61222
-6.60317
-6.60538
-6.61491
-6.63367
-6.65856
-6.68507
-6.71071
-6.73085
-6.74303
-6.74584
-6.74278
-6.73101
-6.71691
-6.70056
-6.68591
-6.67768
-6.67313
-6.67664
-6.68472
-6.69639
-6.70965
-6.7224
-6.73531
-6.74945
-6.75983
-6.77152
-6.77925
-6.79069
-6.80167
-6.81643
-6.83269
-6.85248
-6.87392
-6.89452
-6.90755
-6.91291
-6.90947
-6.89481
-6.86847
-6.83521
-6.7997
-6.76264
-6.73025
-6.70636
-6.69354
-6.68982
-6.69956
-6.71636
-6.73873
-6.76201
-6.78266
-6.79657
-6.80452
-6.80289
-6.79215
-6.77449
-6.75184
-6.72596
-6.69989
-6.67411
-6.65464
-6.63742
-6.62566
-6.61888
-6.61575
-6.617
-6.62751
-6.64306
-6.66509
-6.6895
-6.71529
-6.73624
-6.75371
-6.76781
-6.77652
-6.78343
-6.78491
-6.78419
-6.78213
-6.7809
-6.77953
-6.78087
-6.78719
-6.7964
-6.8074
-6.81438
-6.82181
-6.82559
-6.82252
-6.81166
-6.79443
-6.77349
-6.75173
-6.73154
-6.71525
-6.70545
-6.70151
-6.70542
-6.71509
-6.72944
-6.74595
-6.76633
-6.78565
-6.80338
-6.81474
-6.82379
-6.82761
-6.82734
-6.81914
-6.81062
-6.79875
-6.78976
-6.7833
-6.77954
-6.77421
-6.77033
-6.76304
-6.75254
-6.74205
-6.72861
-6.72235
-6.71958
-6.72332
-6.7302
-6.73597
-6.73965
-6.7444
-6.74729
-6.74826
-6.74701
-6.74661
-6.74071
-6.73219
-6.72065
-6.70916
-6.69676
-6.68632
-6.67606
-6.67103
-6.67122
-6.6786
-6.69219
-6.71143
-6.73246
-6.75647
-6.7796
-6.79924
-6.81122
-6.81568
-6.81416
-6.80333
-6.78597
-6.76952
-6.75203
-6.74268
-6.73623
-6.74182
-6.75219
-6.76253
-6.77363
-6.78239
-6.7885
-6.79349
-6.79721
-6.80036
-6.80548
-6.80643
-6.80516
-6.80258
-6.7941
-6.78357
-6.77128
-6.76354
-6.7542
-6.74701
-6.7396
-6.73326
-6.72699
-6.72592
-6.71715
-6.70949
-6.70518
-6.70579
-6.71069
-6.72036
-6.73307
-6.74577
-6.76188
-6.77534
-6.78495
-6.79122
-6.791
-6.78438
-6.77357
-6.76051
-6.74714
-6.73534
-6.72691
-6.72143
-6.71987
-6.72292
-6.73347
-6.74891
-6.76415
-6.7816
-6.79764
-6.80668
-6.80971
-6.80749
-6.79729
-6.78553
-6.76705
-6.74618
-6.72157
-6.69828
-6.67497
-6.65653
-6.64446
-6.63675
-6.63661
-6.64257
-6.65465
-6.67054
-6.68552
-6.70074
-6.71272
-6.7193
-6.72333
-6.7293
-6.73727
-6.75025
-6.76603
-6.78517
-6.80905
-6.83452
-6.85465
-6.87034
-6.88463
-6.8946
-6.90099
-6.90414
-6.90397
-6.89875
-6.88443
-6.8643
-6.83998
-6.81072
-6.78405
-6.75736
-6.73837
-6.72465
-6.71884
-6.72118
-6.73117
-6.74738
-6.76166
-6.77167
-6.77917
-6.77709
-6.76379
-6.74228
-6.71766
-6.69048
-6.66913
-6.65139
-6.64043
-6.64078
-6.64789
-6.65636
-6.66698
-6.67671
-6.68458
-6.68942
-6.69211
-6.6946
-6.70017
-6.70673
-6.71346
-6.72089
-6.72979
-6.73394
-6.73575
-6.73828
-6.73968
-6.74038
-6.73969
-6.73366
-6.72784
-6.72195
-6.72103
-6.72891
-6.74288
-6.76278
-6.78449
-6.80629
-6.82194
-6.82947
-6.83318
-6.82918
-6.81787
-6.80387
-6.78385
-6.77136
-6.76429
-6.76159
-6.76546
-6.77294
-6.78209
-6.7895
-6.79581
-6.8017
-6.80662
-6.80836
-6.80606
-6.79949
-6.78883
-6.77046
-6.74586
-6.72019
-6.69432
-6.67613
-6.66989
-6.67832
-6.69848
-6.72677
-6.75967
-6.78981
-6.81131
-6.82375
-6.82103
-6.80832
-6.79421
-6.77354
-6.75467
-6.73495
-6.72158
-6.71184
-6.70748
-6.7113
-6.72222
-6.73094
-6.7392
-6.74618
-6.74929
-6.74982
-6.75065
-6.75268
-6.75829
-6.76571
-6.77997
-6.79645
-6.81159
-6.82231
-6.836
-6.84133
-6.84298
-6.83784
-6.82924
-6.81409
-6.79565
-6.77574
-6.75641
-6.73765
-6.72004
-6.70872
-6.703
-6.70068
-6.70159
-6.70533
-6.71364
-6.71951
-6.72417
-6.7292
-6.73256
-6.73621
-6.73991
-6.74175
-6.74092
-6.73948
-6.73917
-6.7391
-6.73855
-6.73638
-6.73349
-6.7303
-6.72629
-6.72293
-6.7182
-6.71496
-6.71203
-6.71198
-6.71531
-6.72422
-6.73886
-6.75538
-6.77609
-6.79486
-6.81387
-6.82953
-6.84537
-6.85631
-6.86375
-6.86657
-6.8646
-6.85492
-6.84383
-6.82547
-6.80447
-6.78078
-6.75378
-6.72858
-6.70289
-6.68203
-6.66168
-6.64631
-6.62837
-6.61876
-6.61405
-6.61742
-6.62725
-6.64664
-6.67272
-6.70154
-6.73169
-6.76333
-6.79183
-6.81661
-6.83409
-6.84434
-6.84908
-6.84897
-6.84415
-6.83416
-6.82072
-6.80804
-6.79222
-6.77665
-6.7647
-6.75775
-6.75609
-6.75993
-6.77005
-6.78104
-6.7886
-6.79274
-6.79394
-6.79137
-6.78413
-6.77535
-6.76383
-6.75212
-6.74041
-6.72819
-6.71728
-6.70733
-6.69902
-6.69743
-6.69698
-6.69856
-6.70022
-6.70418
-6.70732
-6.70861
-6.70809
-6.70591
-6.70292
-6.69668
-6.68798
-6.67843
-6.67177
-6.66315
-6.65785
-6.66259
-6.67482
-6.69571
-6.72507
-6.7581
-6.79508
-6.82839
-6.85605
-6.87638
-6.89013
-6.89534
-6.89405
-6.88233
-6.86706
-6.84701
-6.82142
-6.79236
-6.76546
-6.73587
-6.70365
-6.68025
-6.66664
-6.66344
-6.67342
-6.69334
-6.71863
-6.7427
-6.7597
-6.77008
-6.76962
-6.75883
-6.74114
-6.72358
-6.7103
-6.70715
-6.71291
-6.72929
-6.74733
-6.76335
-6.77108
-6.77386
-6.7706
-6.76443
-6.75566
-6.74566
-6.73315
-6.72892
-6.72609
-6.72431
-6.72741
-6.73346
-6.74402
-6.75675
-6.77477
-6.79415
-6.80993
-6.82435
-6.83443
-6.84008
-6.83881
-6.83146
-6.81893
-6.80176
-6.78054
-6.75621
-6.73478
-6.71731
-6.70858
-6.70553
-6.70847
-6.71265
-6.72103
-6.73503
-6.74947
-6.76819
-6.7852
-6.80038
-6.81271
-6.8186
-6.81846
-6.80875
-6.79299
-6.77252
-6.75221
-6.73234
-6.71709
-6.70817
-6.70006
-6.69979
-6.70038
-6.70438
-6.7102
-6.71181
-6.7088
-6.70392
-6.69584
-6.6848
-6.67733
-6.67228
-6.67438
-6.68347
-6.69782
-6.71925
-6.74557
-6.76744
-6.7873
-6.80394
-6.81869
-6.833
-6.84541
-6.85708
-6.86699
-6.87315
-6.87529
-6.87733
-6.86937
-6.86237
-6.85302
-6.84134
-6.83434
-6.82466
-6.81465
-6.80357
-6.78608
-6.76667
-6.74472
-6.72555
-6.71114
-6.70207
-6.69948
-6.70233
-6.70774
-6.71663
-6.72611
-6.73345
-6.73492
-6.73448
-6.73001
-6.72556
-6.71633
-6.71125
-6.70487
-6.70365
-6.70565
-6.70882
-6.71427
-6.721
-6.72323
-6.73008
-6.73478
-6.74282
-6.74999
-6.76175
-6.77142
-6.78273
-6.79231
-6.79632
-6.79751
-6.79138
-6.7769
-6.76013
-6.73746
-6.71467
-6.69372
-6.67554
-6.66482
-6.65906
-6.6603
-6.6653
-6.67383
-6.68997
-6.70959
-6.72834
-6.75023
-6.77442
-6.79517
-6.81373
-6.82802
-6.83546
-6.83686
-6.83377
-6.82534
-6.81305
-6.80198
-6.78317
-6.76336
-6.74639
-6.7321
-6.71958
-6.71365
-6.71401
-6.72176
-6.73334
-6.74344
-6.75055
-6.75442
-6.75558
-6.75234
-6.74747
-6.74114
-6.73451
-6.72911
-6.72305
-6.72024
-6.71975
-6.72274
-6.72407
-6.72728
-6.72686
-6.72541
-6.72069
-6.71564
-6.71479
-6.72045
-6.73185
-6.74714
-6.76746
-6.78384
-6.79745
-6.80826
-6.81408
-6.81651
-6.81545
-6.80844
-6.79694
-6.78142
-6.76308
-6.74285
-6.72316
-6.70131
-6.6836
-6.67158
-6.66529
-6.66463
-6.66842
-6.67707
-6.68941
-6.70457
-6.72706
-6.74767
-6.77054
-6.79282
-6.81451
-6.83174
-6.8406
-6.84339
-6.83812
-6.82561
-6.80631
-6.7814
-6.75198
-6.72331
-6.70126
-6.68336
-6.67235
-6.66618
-6.66965
-6.68093
-6.69236
-6.70475
-6.72145
-6.73463
-6.7449
-6.75689
-6.76943
-6.779
-6.78959
-6.79591
-6.79949
-6.80105
-6.80361
-6.80506
-6.80358
-6.79675
-6.78857
-6.77858
-6.76328
-6.74648
-6.73062
-6.71614
-6.70344
-6.6952
-6.69311
-6.70043
-6.71505
-6.73859
-6.76997
-6.80265
-6.83425
-6.8568
-6.87065
-6.87436
-6.86395
-6.84456
-6.81776
-6.78973
-6.76179
-6.73551
-6.71727
-6.70536
-6.7018
-6.70196
-6.70891
-6.71776
-6.7312
-6.74545
-6.757
-6.76928
-6.77885
-6.78518
-6.7858
-6.77634
-6.7605
-6.74167
-6.71903
-6.69647
-6.67649
-6.66159
-6.6504
-6.64554
-6.64609
-6.65295
-6.65871
-6.66769
-6.68161
-6.69959
-6.72039
-6.74855
-6.78171
-6.81899
-6.86022
-6.89773
-6.92733
-6.95203
-6.9631
-6.95805
-6.9403
-6.91227
-6.87597
-6.83409
-6.79854
-6.76729
-6.74499
-6.73087
-6.72314
-6.72145
-6.72328
-6.72917
-6.73555
-6.73859
-6.73944
-6.73268
-6.7215
-6.69933
-6.67949
-6.65848
-6.64315
-6.6365
-6.63915
-6.6474
-6.66404
-6.67956
-6.69754
-6.71753
-6.7357
-6.75517
-6.77514
-6.79385
-6.80693
-6.8174
-6.82122
-6.82522
-6.82012
-6.81271
-6.80594
-6.7952
-6.78499
-6.76981
-6.75612
-6.74361
-6.7358
-6.73089
-6.72826
-6.72589
-6.72288
-6.71974
-6.71887
-6.71985
-6.72021
-6.72132
-6.72423
-6.73197
-6.74538
-6.7601
-6.77632
-6.7942
-6.80533
-6.80911
-6.80556
-6.79537
-6.77964
-6.76498
-6.75511
-6.74807
-6.74352
-6.74173
-6.74373
-6.74125
-6.73623
-6.72606
-6.71377
-6.69977
-6.6828
-6.67316
-6.66828
-6.66916
-6.66717
-6.66981
-6.67114
-6.67095
-6.67203
-6.67755
-6.68505
-6.69593
-6.71314
-6.73308
-6.75526
-6.78037
-6.80027
-6.81903
-6.83001
-6.83743
-6.83671
-6.8295
-6.81762
-6.8051
-6.7886
-6.77415
-6.75764
-6.74554
-6.73562
-6.73179
-6.73376
-6.74413
-6.76003
-6.77768
-6.80186
-6.82106
-6.83812
-6.84995
-6.85481
-6.85165
-6.84162
-6.82672
-6.80475
-6.77745
-6.74595
-6.71576
-6.68196
-6.65144
-6.6267
-6.60847
-6.60499
-6.61673
-6.64102
-6.67716
-6.7183
-6.75633
-6.78803
-6.81336
-6.82813
-6.83741
-6.83976
-6.84202
-6.83869
-6.82976
-6.82328
-6.81462
-6.80689
-6.79756
-6.7857
-6.77463
-6.76033
-6.74691
-6.73226
-6.72003
-6.70567
-6.69169
-6.68129
-6.67273
-6.6659
-6.66566
-6.66855
-6.67651
-6.68642
-6.69791
-6.71001
-6.72405
-6.73446
-6.74464
-6.75626
-6.7733
-6.79601
-6.82379
-6.85541
-6.88585
-6.9119
-6.92933
-6.9392
-6.94018
-6.93132
-6.91022
-6.87543
-6.83339
-6.78196
-6.72775
-6.67696
-6.63887
-6.6358
-6.64443
-6.65777
-6.67289
-6.69328
-6.71213
-6.73189
-6.74648
-6.75049
-6.73964
-6.72015
-6.69436
-6.66389
-6.63413
-6.60895
-6.59028
-6.58013
-6.57251
-6.56617
-6.55741
-6.54616
-6.53257
-6.51625
-6.50664
-6.50135
-6.50219
-6.51054
-6.52549
-6.54385
-6.56567
-6.58702
-6.60776
-6.62947
-6.64666
-6.66254
-6.67427
-6.68568
-6.69295
-6.70006
-6.70626
-6.7134
-6.71729
-6.72114
-6.71949
-6.7168
-6.70822
-6.69565
-6.6822
-6.66771
-6.65091
-6.63581
-6.62468
-6.61533
-6.61138
-6.61228
-6.6136
-6.61444
-6.61681
-6.61938
-6.61908
-6.62054
-6.62365
-6.62338
-6.62316
-6.62038
-6.61382
-6.60704
-6.5978
-6.58822
-6.58256
-6.57965
-6.57937
-6.58517
-6.59435
-6.60402
-6.6156
-6.62963
-6.63959
-6.64245
-6.63941
-6.63729
-6.63313
-6.63252
-6.63414
-6.64019
-6.64845
-6.65797
-6.66859
-6.68395
-6.70626
-6.73347
-6.76276
-6.79145
-6.81367
-6.81969
-6.81168
-6.79011
-6.75921
-6.72362
-6.683
-6.64541
-6.61547
-6.59128
-6.57541
-6.56543
-6.56412
-6.5668
-6.57136
-6.57274
-6.56736
-6.55649
-6.54252
-6.52579
-6.51149
-6.50126
-6.49921
-6.50704
-6.53083
-6.56026
-6.59903
-6.63909
-6.6779
-6.7074
-6.72702
-6.73895
-6.73837
-6.72835
-6.71825
-6.71033
-6.71146
-6.71947
-6.73991
-6.76017
-6.77928
-6.79254
-6.79823
-6.79252
-6.77564
-6.75021
-6.72096
-6.69271
-6.66876
-6.65337
-6.64536
-6.64204
-6.63751
-6.6331
-6.62818
-6.62318
-6.62272
-6.6226
-6.62802
-6.63241
-6.6368
-6.6396
-6.63909
-6.63383
-6.62316
-6.61234
-6.59958
-6.58802
-6.57514
-6.56706
-6.56525
-6.57224
-6.58475
-6.60365
-6.62617
-6.65262
-6.67671
-6.69812
-6.71743
-6.72786
-6.73107
-6.73036
-6.72149
-6.70973
-6.69655
-6.68231
-6.67266
-6.66333
-6.65451
-6.6495
-6.64508
-6.64083
-6.63512
-6.62928
-6.62306
-6.61875
-6.62003
-6.62693
-6.63729
-6.65288
-6.67347
-6.69542
-6.71875
-6.74094
-6.75734
-6.76508
-6.75708
-6.73642
-6.70049
-6.65262
-6.59543
-6.53496
-6.48132
-6.44002
-6.42477
-6.43232
-6.46186
-6.50729
-6.56172
-6.61944
-6.67577
-6.72388
-6.76126
-6.78875
-6.80179
-6.80358
-6.79194
-6.77067
-6.74091
-6.7043
-6.66979
-6.63882
-6.61333
-6.59751
-6.59149
-6.59663
-6.60729
-6.62291
-6.63584
-6.64623
-6.64954
-6.64858
-6.64742
-6.64612
-6.6453
-6.64697
-6.64555
-6.64451
-6.64362
-6.64727
-6.64735
-6.64597
-6.64288
-6.63816
-6.63102
-6.62504
-6.61313
-6.60304
-6.5939
-6.5888
-6.59112
-6.6052
-6.62762
-6.66145
-6.70009
-6.73883
-6.77037
-6.79469
-6.80103
-6.79427
-6.77318
-6.74388
-6.70598
-6.66781
-6.62998
-6.59599
-6.5696
-6.54941
-6.53921
-6.5361
-6.53973
-6.54772
-6.55596
-6.56583
-6.57845
-6.5936
-6.61073
-6.62925
-6.64788
-6.66582
-6.67945
-6.68197
-6.68008
-6.67335
-6.66564
-6.66315
-6.66376
-6.66948
-6.67727
-6.68122
-6.6838
-6.68638
-6.68983
-6.69682
-6.70747
-6.71774
-6.72777
-6.73668
-6.73686
-6.73255
-6.7173
-6.6967
-6.67211
-6.6448
-6.61746
-6.5949
-6.579
-6.56843
-6.56635
-6.57127
-6.57916
-6.59354
-6.60876
-6.62432
-6.63691
-6.64107
-6.64148
-6.6329
-6.62
-6.60444
-6.5864
-6.57082
-6.56143
-6.56222
-6.57267
-6.5935
-6.62051
-6.65224
-6.68046
-6.70675
-6.72522
-6.73814
-6.74506
-6.74388
-6.73732
-6.72553
-6.7126
-6.698
-6.68133
-6.66471
-6.64616
-6.62716
-6.61079
-6.59589
-6.58922
-6.5871
-6.58662
-6.59033
-6.59576
-6.60561
-6.61836
-6.63318
-6.65138
-6.66773
-6.68258
-6.69346
-6.70167
-6.70005
-6.69276
-6.68062
-6.66348
-6.64357
-6.62654
-6.61033
-6.60295
-6.60287
-6.61113
-6.6277
-6.65
-6.67637
-6.70243
-6.72451
-6.74707
-6.76466
-6.77179
-6.77454
-6.77487
-6.76343
-6.74356
-6.71587
-6.68714
-6.65942
-6.63843
-6.62676
-6.62303
-6.62894
-6.63775
-6.64877
-6.66045
-6.66911
-6.67699
-6.67981
-6.67689
-6.66761
-6.65452
-6.6301
-6.60261
-6.57408
-6.54967
-6.53534
-6.53198
-6.53848
-6.55206
-6.56716
-6.58244
-6.5961
-6.60483
-6.61566
-6.62383
-6.63199
-6.64242
-6.65572
-6.66581
-6.67414
-6.68221
-6.68427
-6.68198
-6.67962
-6.67774
-6.68049
-6.68426
-6.68832
-6.69526
-6.7018
-6.7094
-6.71491
-6.72099
-6.72571
-6.72574
-6.72039
-6.70576
-6.68239
-6.65103
-6.61453
-6.58317
-6.55622
-6.54269
-6.54105
-6.55178
-6.57079
-6.59812
-6.62681
-6.655
-6.67814
-6.69768
-6.70889
-6.71231
-6.70361
-6.68838
-6.66744
-6.6463
-6.62634
-6.6141
-6.60832
-6.60722
-6.614
-6.62696
-6.63853
-6.65341
-6.66709
-6.67885
-6.6849
-6.68493
-6.68069
-6.67494
-6.67127
-6.66648
-6.66179
-6.65962
-6.65453
-6.6494
-6.64205
-6.63561
-6.63103
-6.62661
-6.62543
-6.62092
-6.61651
-6.61263
-6.60733
-6.60434
-6.60239
-6.59989
-6.59772
-6.59973
-6.60016
-6.60086
-6.60523
-6.60999
-6.61293
-6.62452
-6.6429
-6.6655
-6.69353
-6.7249
-6.7551
-6.7796
-6.79721
-6.80416
-6.80596
-6.80097
-6.78959
-6.77333
-6.75768
-6.7429
-6.72908
-6.71583
-6.70361
-6.68839
-6.67542
-6.66054
-6.64513
-6.62529
-6.60282
-6.57848
-6.55417
-6.53519
-6.526
-6.5274
-6.53889
-6.55609
-6.57901
-6.60208
-6.62501
-6.64498
-6.66016
-6.6716
-6.67832
-6.68315
-6.68599
-6.68609
-6.68879
-6.68905
-6.68821
-6.68216
-6.67421
-6.6596
-6.63884
-6.61701
-6.59528
-6.57417
-6.55799
-6.54644
-6.54334
-6.55233
-6.56794
-6.58973
-6.61368
-6.63895
-6.66307
-6.68007
-6.6914
-6.69715
-6.69582
-6.69353
-6.68685
-6.67987
-6.66956
-6.65971
-6.64945
-6.63979
-6.63459
-6.63238
-6.63431
-6.6419
-6.65412
-6.67036
-6.68715
-6.6985
-6.70348
-6.70276
-6.6994
-6.69012
-6.68449
-6.68483
-6.68642
-6.69104
-6.69738
-6.7025
-6.70891
-6.71102
-6.71251
-6.70651
-6.69363
-6.67624
-6.6536
-6.63034
-6.61102
-6.6006
-6.59988
-6.60677
-6.6129
-6.6188
-6.6146
-6.60507
-6.58944
-6.57443
-6.5561
-6.54305
-6.53334
-6.53255
-6.53665
-6.54516
-6.55454
-6.56394
-6.56893
-6.57003
-6.57554
-6.58526
-6.59931
-6.62033
-6.64846
-6.68081
-6.71231
-6.73668
-6.75572
-6.77239
-6.7865
-6.7943
-6.79338
-6.78283
-6.76515
-6.73522
-6.69427
-6.64881
-6.5999
-6.5605
-6.53401
-6.5275
-6.54147
-6.56704
-6.59708
-6.62666
-6.65668
-6.6782
-6.69708
-6.7123
-6.72481
-6.73371
-6.7374
-6.74038
-6.73456
-6.72832
-6.71637
-6.70499
-6.69214
-6.67707
-6.66193
-6.64804
-6.64112
-6.64176
-6.65815
-6.68231
-6.70688
-6.72584
-6.72856
-6.71922
-6.69727
-6.66682
-6.63103
-6.59565
-6.56546
-6.54343
-6.53056
-6.52763
-6.53105
-6.53554
-6.54025
-6.54746
-6.55344
-6.56225
-6.56955
-6.57621
-6.5794
-6.58315
-6.58192
-6.58668
-6.59514
-6.60668
-6.62226
-6.63711
-6.65145
-6.66042
-6.66307
-6.65968
-6.65099
-6.64477
-6.64077
-6.64359
-6.6506
-6.65707
-6.66503
-6.67159
-6.67895
-6.68471
-6.69117
-6.69381
-6.69822
-6.70382
-6.70856
-6.70934
-6.70609
-6.69446
-6.68238
-6.66123
-6.63811
-6.60919
-6.58202
-6.55441
-6.5327
-6.51291
-6.50184
-6.50037
-6.51039
-6.53298
-6.56457
-6.60277
-6.64418
-6.68245
-6.71835
-6.74845
-6.77414
-6.79163
-6.80213
-6.80499
-6.79831
-6.7883
-6.77447
-6.76162
-6.75248
-6.74193
-6.73403
-6.72612
-6.71654
-6.7093
-6.69846
-6.687
-6.67694
-6.6684
-6.65415
-6.63987
-6.6176
-6.59203
-6.56676
-6.54312
-6.52405
-6.51034
-6.50491
-6.50577
-6.51047
-6.51749
-6.52834
-6.5398
-6.55143
-6.56141
-6.56997
-6.58106
-6.5894
-6.59838
-6.60826
-6.61816
-6.62778
-6.6352
-6.64288
-6.65217
-6.6604
-6.66999
-6.68226
-6.69784
-6.71724
-6.73838
-6.75833
-6.77822
-6.79212
-6.79722
-6.79399
-6.77807
-6.75619
-6.73084
-6.70646
-6.68438
-6.67005
-6.66719
-6.67197
-6.68393
-6.6974
-6.70783
-6.71029
-6.70588
-6.69353
-6.67122
-6.6446
-6.6193
-6.5959
-6.57155
-6.55475
-6.54368
-6.5373
-6.53774
-6.5434
-6.5532
-6.55993
-6.56549
-6.57113
-6.57654
-6.58873
-6.60757
-6.63062
-6.65779
-6.68449
-6.71185
-6.73136
-6.74152
-6.74788
-6.74755
-6.74373
-6.73353
-6.7211
-6.70387
-6.68462
-6.66505
-6.64392
-6.62497
-6.60969
-6.59794
-6.59238
-6.59201
-6.59603
-6.60709
-6.62261
-6.64114
-6.65772
-6.67496
-6.68816
-6.69907
-6.70589
-6.7076
-6.70369
-6.69338
-6.67308
-6.65307
-6.62971
-6.60655
-6.585
-6.57218
-6.56478
-6.56775
-6.57819
-6.59041
-6.60669
-6.62342
-6.64169
-6.65735
-6.6725
-6.68754
-6.69842
-6.70865
-6.71454
-6.71722
-6.71308
-6.70418
-6.69424
-6.67871
-6.65945
-6.63696
-6.61369
-6.59787
-6.5883
-6.58336
-6.58109
-6.58586
-6.59414
-6.60106
-6.6102
-6.61908
-6.62341
-6.62764
-6.62563
-6.62675
-6.62667
-6.62878
-6.63622
-6.64724
-6.65884
-6.67259
-6.68705
-6.70236
-6.71681
-6.72991
-6.73744
-6.73625
-6.72919
-6.71732
-6.70082
-6.681
-6.66653
-6.6537
-6.64866
-6.65134
-6.66174
-6.67703
-6.68911
-6.69761
-6.69848
-6.68635
-6.67233
-6.65243
-6.63297
-6.61881
-6.60868
-6.60433
-6.6057
-6.60924
-6.6175
-6.62708
-6.63807
-6.64564
-6.65247
-6.65509
-6.65414
-6.64794
-6.63825
-6.63147
-6.62552
-6.62287
-6.62361
-6.62405
-6.62639
-6.62855
-6.63298
-6.63833
-6.64743
-6.66229
-6.68193
-6.705
-6.72989
-6.75237
-6.76269
-6.76442
-6.75654
-6.7401
-6.71607
-6.68871
-6.66522
-6.6445
-6.62642
-6.61735
-6.61782
-6.62338
-6.63064
-6.6358
-6.64044
-6.63731
-6.62662
-6.61059
-6.59056
-6.56816
-6.54957
-6.53759
-6.53178
-6.53418
-6.55195
-6.57804
-6.61256
-6.64924
-6.68067
-6.7095
-6.73349
-6.7472
-6.75625
-6.75662
-6.75183
-6.73811
-6.72355
-6.70714
-6.68941
-6.67352
-6.66045
-6.65085
-6.6439
-6.63856
-6.63547
-6.63847
-6.63958
-6.64012
-6.64024
-6.64324
-6.6441
-6.64504
-6.64621
-6.64417
-6.63972
-6.6366
-6.63389
-6.63488
-6.63786
-6.64055
-6.63623
-6.62927
-6.62042
-6.61436
-6.61199
-6.61694
-6.62466
-6.64477
-6.67468
-6.70647
-6.74086
-6.77749
-6.80766
-6.82794
-6.83624
-6.82399
-6.80076
-6.7679
-6.7269
-6.68482
-6.64405
-6.60887
-6.58155
-6.56278
-6.55359
-6.55334
-6.5623
-6.57296
-6.58153
-6.58827
-6.5908
-6.58773
-6.57652
-6.56401
-6.54908
-6.53339
-6.52214
-6.51772
-6.5194
-6.52692
-6.53717
-6.55112
-6.56833
-6.5858
-6.6015
-6.61771
-6.63352
-6.64639
-6.66134
-6.67223
-6.68089
-6.68805
-6.6912
-6.6951
-6.69764
-6.70089
-6.70348
-6.706
-6.70829
-6.70799
-6.70392
-6.69533
-6.68955
-6.68188
-6.67366
-6.67229
-6.67545
-6.68196
-6.68987
-6.69784
-6.70346
-6.70335
-6.69868
-6.6949
-6.69079
-6.68459
-6.68242
-6.68145
-6.67728
-6.67241
-6.66461
-6.65618
-6.64619
-6.63766
-6.62982
-6.62387
-6.62251
-6.6228
-6.62267
-6.62424
-6.62557
-6.62628
-6.62522
-6.62451
-6.62178
-6.61944
-6.61943
-6.62172
-6.62585
-6.63013
-6.63097
-6.6314
-6.63032
-6.63017
-6.63229
-6.63705
-6.6391
-6.63927
-6.63654
-6.62914
-6.61935
-6.6059
-6.59183
-6.57892
-6.57015
-6.56547
-6.56612
-6.56924
-6.57302
-6.58133
-6.59059
-6.60007
-6.60714
-6.61433
-6.62026
-6.62797
-6.63305
-6.63822
-6.64419
-6.64816
-6.6485
-6.64506
-6.63794
-6.62878
-6.61703
-6.60413
-6.5979
-6.59618
-6.59975
-6.61031
-6.62803
-6.65097
-6.68211
-6.71716
-6.75468
-6.78896
-6.81861
-6.836
-6.83845
-6.83138
-6.81336
-6.79028
-6.76258
-6.73456
-6.71043
-6.68639
-6.66452
-6.64464
-6.62207
-6.60195
-6.58349
-6.56871
-6.55726
-6.55224
-6.5486
-6.54881
-6.54908
-6.55037
-6.55642
-6.56443
-6.5725
-6.58017
-6.59056
-6.60379
-6.62078
-6.64021
-6.66331
-6.69164
-6.71858
-6.74686
-6.77308
-6.79285
-6.80222
-6.80182
-6.78888
-6.76791
-6.74459
-6.7197
-6.69897
-6.68124
-6.66579
-6.65678
-6.65766
-6.66063
-6.66412
-6.66825
-6.67298
-6.6725
-6.66217
-6.64972
-6.63452
-6.62042
-6.60919
-6.60381
-6.60455
-6.60807
-6.61525
-6.62334
-6.63442
-6.65051
-6.6679
-6.68352
-6.69439
-6.69647
-6.69566
-6.68957
-6.67813
-6.66359
-6.64854
-6.63302
-6.6181
-6.60803
-6.59695
-6.59123
-6.58951
-6.5946
-6.60622
-6.62501
-6.64627
-6.66558
-6.67928
-6.68654
-6.68673
-6.68165
-6.67387
-6.65908
-6.64201
-6.62692
-6.61213
-6.59944
-6.59293
-6.58993
-6.59071
-6.59794
-6.60855
-6.62271
-6.63865
-6.65634
-6.67135
-6.68112
-6.68738
-6.68797
-6.6879
-6.68707
-6.68897
-6.69031
-6.6934
-6.69657
-6.69995
-6.70444
-6.70464
-6.70481
-6.70468
-6.6999
-6.69264
-6.68207
-6.66775
-6.65177
-6.63528
-6.61916
-6.60604
-6.60032
-6.60178
-6.60986
-6.62008
-6.63376
-6.64299
-6.64996
-6.65053
-6.65006
-6.65169
-6.65655
-6.66967
-6.68881
-6.71487
-6.73751
-6.75495
-6.76632
-6.76481
-6.74682
-6.71836
-6.67901
-6.63458
-6.58607
-6.53935
-6.50387
-6.48473
-6.48344
-6.49702
-6.52713
-6.56121
-6.60068
-6.64148
-6.67745
-6.70888
-6.7286
-6.74011
-6.74109
-6.73495
-6.72277
-6.70615
-6.68887
-6.6705
-6.65342
-6.64272
-6.63687
-6.6363
-6.63906
-6.64362
-6.64977
-6.6577
-6.66416
-6.66804
-6.67171
-6.67418
-6.67661
-6.6756
-6.67739
-6.67682
-6.67542
-6.67939
-6.68388
-6.69019
-6.6968
-6.7038
-6.70665
-6.7044
-6.69999
-6.68544
-6.66252
-6.63809
-6.60895
-6.58017
-6.55935
-6.54923
-6.55402
-6.57258
-6.60429
-6.63955
-6.67371
-6.7028
-6.7216
-6.72895
-6.72959
-6.7226
-6.70337
-6.67905
-6.65678
-6.63723
-6.61948
-6.61269
-6.61199
-6.61322
-6.61963
-6.62638
-6.63147
-6.63792
-6.64159
-6.64703
-6.6579
-6.67346
-6.68943
-6.70109
-6.70409
-6.69698
-6.68079
-6.6578
-6.63548
-6.61479
-6.59597
-6.5842
-6.58032
-6.58418
-6.58977
-6.59385
-6.59971
-6.60701
-6.6089
-6.60665
-6.60013
-6.59362
-6.58307
-6.57479
-6.57507
-6.58801
-6.61083
-6.64238
-6.67775
-6.70963
-6.73798
-6.75727
-6.7664
-6.76063
-6.74277
-6.71051
-6.67225
-6.63194
-6.59852
-6.57238
-6.56207
-6.56356
-6.58005
-6.60361
-6.63505
-6.66883
-6.70352
-6.73261
-6.75342
-6.76686
-6.77228
-6.7659
-6.74682
-6.71938
-6.68704
-6.65668
-6.62676
-6.60284
-6.58528
-6.5744
-6.57042
-6.56931
-6.57229
-6.58158
-6.59177
-6.60591
-6.62234
-6.63647
-6.64597
-6.6506
-6.64962
-6.64526
-6.63369
-6.61802
-6.60456
-6.59548
-6.59277
-6.59912
-6.61008
-6.63011
-6.65437
-6.67783
-6.69963
-6.71533
-6.72478
-6.72598
-6.71989
-6.70379
-6.6828
-6.66098
-6.64139
-6.62667
-6.6168
-6.61594
-6.62597
-6.64079
-6.6633
-6.69529
-6.72779
-6.75621
-6.78136
-6.79915
-6.8047
-6.79778
-6.78243
-6.75307
-6.71961
-6.67768
-6.64069
-6.61122
-6.5947
-6.58383
-6.58001
-6.57694
-6.58015
-6.5869
-6.59716
-6.60802
-6.62017
-6.62925
-6.63936
-6.64437
-6.64437
-6.63987
-6.63102
-6.62278
-6.61626
-6.61453
-6.61651
-6.61985
-6.6213
-6.62492
-6.63347
-6.6404
-6.6547
-6.6685
-6.68255
-6.70014
-6.71293
-6.72388
-6.72891
-6.72536
-6.71693
-6.69994
-6.67963
-6.65496
-6.63006
-6.60426
-6.58301
-6.56597
-6.56087
-6.566
-6.5783
-6.59517
-6.61589
-6.63711
-6.65541
-6.66955
-6.67962
-6.68333
-6.67872
-6.66971
-6.65667
-6.64202
-6.62298
-6.60863
-6.59593
-6.59055
-6.58525
-6.58283
-6.58393
-6.58482
-6.58811
-6.59019
-6.59131
-6.58987
-6.58739
-6.58338
-6.58045
-6.58436
-6.59651
-6.61205
-6.63821
-6.6692
-6.70219
-6.73478
-6.7642
-6.78417
-6.795
-6.79332
-6.77831
-6.75469
-6.72722
-6.69298
-6.659
-6.63278
-6.61396
-6.60447
-6.60148
-6.60437
-6.61598
-6.62821
-6.64048
-6.65616
-6.66822
-6.67893
-6.68626
-6.68809
-6.68168
-6.66275
-6.64064
-6.6102
-6.58289
-6.56709
-6.56173
-6.57046
-6.58998
-6.61715
-6.64365
-6.6666
-6.68206
-6.68602
-6.68046
-6.66868
-6.6542
-6.63957
-6.6287
-6.62586
-6.62857
-6.63549
-6.64967
-6.6682
-6.68275
-6.69403
-6.69456
-6.68284
-6.66468
-6.64609
-6.63002
-6.62541
-6.63099
-6.64659
-6.66026
-6.67126
-6.67418
-6.66943
-6.65418
-6.63653
-6.61922
-6.60187
-6.5898
-6.58346
-6.58225
-6.58512
-6.59133
-6.59922
-6.60807
-6.6136
-6.6203
-6.6262
-6.63373
-6.64522
-6.65828
-6.67148
-6.68465
-6.69723
-6.70485
-6.70646
-6.7022
-6.69614
-6.68723
-6.67859
-6.66801
-6.65581
-6.64657
-6.63996
-6.63413
-6.63371
-6.63792
-6.6471
-6.65447
-6.66329
-6.6681
-6.67218
-6.67044
-6.66484
-6.65975
-6.64734
-6.63853
-6.63093
-6.62581
-6.62329
-6.61801
-6.61179
-6.60401
-6.59859
-6.59837
-6.6005
-6.60569
-6.61457
-6.62456
-6.63675
-6.64754
-6.65624
-6.66255
-6.66892
-6.67293
-6.67762
-6.67691
-6.67262
-6.66759
-6.66495
-6.6693
-6.67648
-6.6918
-6.70685
-6.72243
-6.72984
-6.73001
-6.7228
-6.70801
-6.69196
-6.67572
-6.66006
-6.64691
-6.63772
-6.63067
-6.6236
-6.61931
-6.61445
-6.61155
-6.60824
-6.61117
-6.61473
-6.61883
-6.6226
-6.62018
-6.61349
-6.60228
-6.58308
-6.56219
-6.54422
-6.53553
-6.53915
-6.55439
-6.5815
-6.61643
-6.65494
-6.69117
-6.72508
-6.75111
-6.77123
-6.78283
-6.78534
-6.78171
-6.7709
-6.75587
-6.73803
-6.71848
-6.6947
-6.67008
-6.64457
-6.62103
-6.59987
-6.58339
-6.5692
-6.56284
-6.56124
-6.56325
-6.57212
-6.58421
-6.59934
-6.61838
-6.63943
-6.66274
-6.68805
-6.71301
-6.73831
-6.75787
-6.77477
-6.78537
-6.79149
-6.78837
-6.78402
-6.77475
-6.7621
-6.74756
-6.73461
-6.71713
-6.69727
-6.6711
-6.64068
-6.60551
-6.56959
-6.53403
-6.50407
-6.47983
-6.47028
-6.47519
-6.49395
-6.52704
-6.56686
-6.61191
-6.65833
-6.69956
-6.72936
-6.75048
-6.75852
-6.75577
-6.74433
-6.72121
-6.69171
-6.65726
-6.62027
-6.58603
-6.55689
-6.53694
-6.5319
-6.53902
-6.55869
-6.58739
-6.62403
-6.65847
-6.68717
-6.70674
-6.71584
-6.71547
-6.70681
-6.68693
-6.66617
-6.64351
-6.6216
-6.60701
-6.5939
-6.58968
-6.59504
-6.60491
-6.62106
-6.63801
-6.65343
-6.67191
-6.69055
-6.70748
-6.72295
-6.73728
-6.75118
-6.75765
-6.75927
-6.75672
-6.7518
-6.74131
-6.7248
-6.71023
-6.69349
-6.68245
-6.67577
-6.67422
-6.68005
-6.68648
-6.69675
-6.70329
-6.7077
-6.70677
-6.69882
-6.68677
-6.67441
-6.66232
-6.65268
-6.64948
-6.6493
-6.65481
-6.66011
-6.66055
-6.6603
-6.65374
-6.64216
-6.62541
-6.60797
-6.59047
-6.57633
-6.56686
-6.56385
-6.56491
-6.56875
-6.57565
-6.5865
-6.59856
-6.61055
-6.61791
-6.62093
-6.61674
-6.60855
-6.59587
-6.58495
-6.5759
-6.57493
-6.58014
-6.5913
-6.60479
-6.62441
-6.64638
-6.67395
-6.70115
-6.72937
-6.75585
-6.77991
-6.79858
-6.80436
-6.80275
-6.7912
-6.77294
-6.75481
-6.73817
-6.72452
-6.71642
-6.71184
-6.70594
-6.7002
-6.68574
-6.6669
-6.64343
-6.61708
-6.59027
-6.5703
-6.55509
-6.54611
-6.54802
-6.56008
-6.58105
-6.60395
-6.632
-6.65225
-6.66831
-6.6794
-6.68618
-6.69365
-6.701
-6.70854
-6.71472
-6.71829
-6.71447
-6.69846
-6.6741
-6.64253
-6.61162
-6.58295
-6.56212
-6.55286
-6.55683
-6.57433
-6.59973
-6.6224
-6.63854
-6.64835
-6.65072
-6.65085
-6.64973
-6.64752
-6.65166
-6.65831
-6.6676
-6.67868
-6.69176
-6.69943
-6.70397
-6.70429
-6.70031
-6.69588
-6.69015
-6.68141
-6.67525
-6.66554
-6.65599
-6.64456
-6.63265
-6.62044
-6.60698
-6.59507
-6.58797
-6.58825
-6.5971
-6.61293
-6.63795
-6.66957
-6.69947
-6.72185
-6.73019
-6.72785
-6.71459
-6.69038
-6.66552
-6.64292
-6.62279
-6.60847
-6.60165
-6.60013
-6.60102
-6.60524
-6.61142
-6.62199
-6.63103
-6.64297
-6.65329
-6.66171
-6.66815
-6.67207
-6.67324
-6.67148
-6.66703
-6.66068
-6.65942
-6.65495
-6.65169
-6.64405
-6.63285
-6.62109
-6.6071
-6.59864
-6.59788
-6.60754
-6.62019
-6.63867
-6.65444
-6.66863
-6.68204
-6.69609
-6.70619
-6.71227
-6.71653
-6.71699
-6.71542
-6.71298
-6.71144
-6.71277
-6.71477
-6.71441
-6.71569
-6.71476
-6.71408
-6.71492
-6.7112
-6.71166
-6.71134
-6.71294
-6.71644
-6.7213
-6.73093
-6.73524
-6.7389
-6.7319
-6.72177
-6.70716
-6.68801
-6.66781
-6.64762
-6.63014
-6.61464
-6.60246
-6.59293
-6.5861
-6.58208
-6.58346
-6.5912
-6.60672
-6.62628
-6.64986
-6.68016
-6.71319
-6.74412
-6.77529
-6.80275
-6.82462
-6.83324
-6.83313
-6.82352
-6.80649
-6.78579
-6.76215
-6.73987
-6.71726
-6.69795
-6.68279
-6.67095
-6.6623
-6.65934
-6.65706
-6.65709
-6.65675
-6.65827
-6.65858
-6.65432
-6.64507
-6.62965
-6.61311
-6.59325
-6.57503
-6.56207
-6.55724
-6.56248
-6.57535
-6.59159
-6.60821
-6.62363
-6.63484
-6.6432
-6.6513
-6.65631
-6.66164
-6.6654
-6.66533
-6.66354
-6.65965
-6.65969
-6.65846
-6.66161
-6.67188
-6.69066
-6.71382
-6.73961
-6.76504
-6.78688
-6.80253
-6.81267
-6.81442
-6.80661
-6.79062
-6.77081
-6.74504
-6.71892
-6.69848
-6.67939
-6.67247
-6.66973
-6.67303
-6.67369
-6.67551
-6.67114
-6.66481
-6.65126
-6.63495
-6.62102
-6.61132
-6.60814
-6.61581
-6.62909
-6.64649
-6.66601
-6.68073
-6.69214
-6.69801
-6.69692
-6.69154
-6.68758
-6.68407
-6.6801
-6.67796
-6.68018
-6.68301
-6.68645
-6.68993
-6.69171
-6.69175
-6.68989
-6.68572
-6.67736
-6.66709
-6.6538
-6.63499
-6.61277
-6.59084
-6.56799
-6.54917
-6.53455
-6.5278
-6.52993
-6.53969
-6.55652
-6.58129
-6.61224
-6.64621
-6.67604
-6.7072
-6.73326
-6.75461
-6.77221
-6.78781
-6.79578
-6.80241
-6.80827
-6.81095
-6.81182
-6.80947
-6.80351
-6.78968
-6.7745
-6.75625
-6.73768
-6.71832
-6.69825
-6.67834
-6.6597
-6.64655
-6.64008
-6.63971
-6.64425
-6.65033
-6.65703
-6.66326
-6.66411
-6.66062
-6.65018
-6.63742
-6.61682
-6.59426
-6.57196
-6.55237
-6.54244
-6.54277
-6.55734
-6.57951
-6.61312
-6.65024
-6.68916
-6.72248
-6.7541
-6.7762
-6.7934
-6.807
-6.81017
-6.80731
-6.79697
-6.78056
-6.76342
-6.74187
-6.72495
-6.71032
-6.7
-6.68971
-6.68446
-6.67821
-6.66968
-6.66296
-6.65721
-6.65267
-6.64866
-6.64856
-6.64853
-6.6494
-6.65187
-6.65601
-6.66013
-6.66708
-6.6708
-6.67503
-6.67447
-6.6698
-6.65707
-6.63851
-6.61869
-6.59846
-6.58437
-6.58101
-6.58812
-6.60676
-6.63579
-6.66843
-6.70588
-6.74054
-6.77021
-6.79377
-6.80673
-6.8086
-6.79587
-6.7716
-6.74052
-6.70638
-6.67148
-6.64378
-6.62501
-6.61414
-6.61278
-6.6187
-6.6293
-6.63915
-6.64625
-6.65394
-6.65936
-6.66485
-6.67301
-6.68287
-6.69016
-6.69469
-6.69522
-6.69171
-6.68515
-6.6765
-6.66517
-6.65731
-6.65105
-6.64586
-6.64518
-6.6463
-6.65608
-6.66971
-6.68607
-6.70709
-6.72619
-6.73972
-6.75107
-6.75594
-6.75777
-6.76025
-6.75488
-6.75254
-6.7511
-6.74908
-6.74595
-6.73932
-6.72771
-6.71121
-6.69042
-6.66792
-6.65214
-6.63735
-6.62936
-6.62892
-6.63751
-6.64858
-6.66298
-6.67854
-6.69041
-6.6977
-6.69801
-6.69212
-6.68531
-6.67643
-6.67263
-6.66887
-6.66667
-6.66409
-6.65521
-6.64768
-6.63921
-6.63244
-6.62398
-6.62256
-6.6248
-6.63593
-6.65167
-6.66813
-6.68251
-6.69457
-6.70505
-6.7113
-6.71535
-6.7135
-6.70578
-6.69603
-6.68349
-6.67125
-6.65876
-6.64836
-6.64431
-6.64411
-6.64968
-6.65962
-6.67089
-6.68285
-6.69268
-6.70171
-6.70982
-6.71391
-6.71512
-6.71854
-6.71874
-6.7178
-6.71216
-6.70552
-6.69371
-6.68153
-6.66648
-6.65345
-6.6448
-6.64066
-6.64374
-6.65485
-6.67541
-6.70065
-6.72434
-6.74146
-6.75026
-6.74821
-6.73903
-6.72541
-6.71197
-6.69965
-6.69321
-6.68412
-6.67903
-6.67415
-6.66403
-6.64787
-6.62959
-6.61027
-6.59375
-6.58357
-6.58776
-6.60243
-6.62781
-6.6648
-6.70854
-6.75373
-6.79407
-6.82178
-6.8388
-6.84016
-6.82894
-6.8055
-6.77482
-6.73983
-6.70924
-6.68266
-6.66394
-6.64923
-6.63627
-6.61941
-6.60386
-6.58743
-6.57499
-6.57093
-6.57896
-6.60182
-6.63191
-6.6656
-6.6945
-6.71682
-6.72581
-6.72502
-6.71801
-6.70572
-6.68907
-6.67842
-6.66955
-6.66642
-6.66999
-6.67667
-6.68853
-6.70302
-6.7211
-6.7398
-6.75748
-6.77132
-6.78074
-6.78426
-6.77921
-6.76329
-6.74049
-6.71233
-6.68176
-6.65336
-6.63014
-6.61597
-6.6142
-6.62158
-6.64078
-6.66276
-6.68263
-6.6991
-6.71037
-6.71484
-6.71683
-6.71136
-6.70501
-6.69769
-6.68692
-6.67599
-6.66797
-6.66042
-6.65606
-6.65562
-6.65674
-6.66166
-6.66909
-6.67644
-6.68173
-6.68661
-6.69079
-6.69633
-6.69885
-6.70105
-6.70344
-6.70612
-6.70747
-6.70928
-6.70977
-6.7079
-6.70357
-6.6962
-6.68626
-6.67564
-6.66741
-6.66639
-6.67424
-6.68871
-6.7068
-6.72561
-6.74239
-6.75755
-6.76454
-6.76852
-6.76369
-6.757
-6.7495
-6.7365
-6.72096
-6.70204
-6.67921
-6.65264
-6.62585
-6.60359
-6.58434
-6.56857
-6.56434
-6.56599
-6.57358
-6.59175
-6.61363
-6.6392
-6.66817
-6.69673
-6.72514
-6.74925
-6.76959
-6.78121
-6.78239
-6.77335
-6.75898
-6.73697
-6.71844
-6.70182
-6.69328
-6.6921
-6.6964
-6.70454
-6.71184
-6.71622
-6.71972
-6.71844
-6.70853
-6.69276
-6.67451
-6.65433
-6.64115
-6.63445
-6.64215
-6.65693
-6.67777
-6.7038
-6.72762
-6.74924
-6.76201
-6.76519
-6.75843
-6.74153
-6.72182
-6.69456
-6.66708
-6.63769
-6.61045
-6.58207
-6.55781
-6.53314
-6.51538
-6.50636
-6.51122
-6.5281
-6.55613
-6.59371
-6.63331
-6.67129
-6.7058
-6.73441
-6.75567
-6.76958
-6.78036
-6.78571
-6.7852
-6.77845
-6.76414
-6.74388
-6.71912
-6.69164
-6.66075
-6.63175
-6.61135
-6.59993
-6.60319
-6.61814
-6.64536
-6.67621
-6.70282
-6.71853
-6.72128
-6.71113
-6.68619
-6.65636
-6.62502
-6.5989
-6.58027
-6.57163
-6.57018
-6.57566
-6.58727
-6.60533
-6.63274
-6.66741
-6.70835
-6.74971
-6.78287
-6.8075
-6.81657
-6.80941
-6.78907
-6.75807
-6.72276
-6.69011
-6.66123
-6.64069
-6.63518
-6.64436
-6.66668
-6.69696
-6.7313
-6.76577
-6.7928
-6.81123
-6.81984
-6.81469
-6.79964
-6.77686
-6.74828
-6.72014
-6.69742
-6.6817
-6.67157
-6.66518
-6.66069
-6.65097
-6.63843
-6.62342
-6.6044
-6.58986
-6.5839
-6.58797
-6.60028
-6.61919
-6.63556
-6.65199
-6.66356
-6.67133
-6.67771
-6.68379
-6.68904
-6.69057
-6.69351
-6.69001
-6.67766
-6.66356
-6.64824
-6.64246
-6.64871
-6.6655
-6.68963
-6.71504
-6.73773
-6.75299
-6.76423
-6.7703
-6.76882
-6.76304
-6.75308
-6.7342
-6.71396
-6.69317
-6.67464
-6.66138
-6.65718
-6.6649
-6.68306
-6.7071
-6.72987
-6.75398
-6.76868
-6.7739
-6.76999
-6.75494
-6.72804
-6.69791
-6.66757
-6.64265
-6.62509
-6.61565
-6.60946
-6.6065
-6.60656
-6.61167
-6.61537
-6.62259
-6.63272
-6.64529
-6.65897
-6.67184
-6.68192
-6.68608
-6.68989
-6.69432
-6.70056
-6.70454
-6.71025
-6.71885
-6.72308
-6.72779
-6.73084
-6.73273
-6.73006
-6.72741
-6.72325
-6.71779
-6.70865
-6.70109
-6.69112
-6.68217
-6.67429
-6.66448
-6.65517
-6.65427
-6.66348
-6.68319
-6.71029
-6.7431
-6.77426
-6.79879
-6.81963
-6.83032
-6.83403
-6.82731
-6.81451
-6.79386
-6.76699
-6.73439
-6.69969
-6.66206
-6.62383
-6.59086
-6.5674
-6.55479
-6.54846
-6.55137
-6.55664
-6.56333
-6.57421
-6.58338
-6.59478
-6.60589
-6.6186
-6.63549
-6.65118
-6.67319
-6.6933
-6.71658
-6.7347
-6.74873
-6.76014
-6.76436
-6.76234
-6.75124
-6.73307
-6.70908
-6.6786
-6.64499
-6.61546
-6.58893
-6.56964
-6.55815
-6.55971
-6.57024
-6.58812
-6.6139
-6.64258
-6.6781
-6.7164
-6.75859
-6.79774
-6.8358
-6.86348
-6.88199
-6.89029
-6.88916
-6.87559
-6.85298
-6.82411
-6.79295
-6.76063
-6.72876
-6.69925
-6.67542
-6.6545
-6.64075
-6.63392
-6.63517
-6.6396
-6.64391
-6.64232
-6.63649
-6.62102
-6.59614
-6.56747
-6.53407
-6.50439
-6.48106
-6.472
-6.473
-6.48551
-6.5039
-6.52729
-6.55482
-6.58226
-6.60605
-6.62715
-6.64533
-6.66739
-6.6917
-6.71787
-6.74748
-6.77416
-6.79923
-6.81119
-6.81095
-6.79553
-6.77336
-6.74008
-6.69957
-6.66076
-6.62429
-6.59567
-6.58259
-6.58354
-6.60111
-6.62877
-6.66556
-6.70594
-6.74535
-6.77863
-6.8013
-6.81056
-6.80631
-6.7897
-6.76596
-6.73766
-6.70461
-6.66881
-6.63684
-6.61492
-6.59911
-6.59502
-6.60477
-6.6245
-6.65464
-6.68461
-6.71617
-6.74104
-6.75698
-6.76218
-6.75835
-6.74749
-6.73331
-6.71951
-6.70831
-6.69797
-6.69569
-6.69736
-6.70222
-6.70943
-6.71733
-6.72502
-6.73279
-6.73652
-6.73634
-6.73482
-6.72882
-6.72287
-6.71542
-6.70901
-6.70341
-6.69866
-6.69591
-6.70108
-6.70549
-6.70635
-6.70191
-6.69144
-6.6788
-6.66396
-6.64677
-6.62858
-6.60645
-6.58671
-6.56957
-6.56112
-6.56188
-6.57218
-6.59303
-6.61621
-6.64254
-6.6681
-6.69171
-6.71136
-6.72831
-6.74468
-6.75964
-6.77181
-6.78006
-6.78397
-6.78142
-6.76844
-6.74522
-6.7138
-6.68005
-6.64865
-6.62329
-6.61201
-6.60906
-6.61866
-6.63415
-6.65589
-6.67579
-6.68859
-6.6988
-6.70285
-6.70358
-6.70332
-6.70311
-6.70723
-6.71396
-6.72909
-6.73924
-6.74518
-6.74714
-6.74229
-6.72971
-6.71706
-6.7042
-6.69432
-6.69087
-6.69231
-6.69829
-6.70087
-6.70391
-6.70487
-6.70616
-6.70995
-6.71312
-6.71751
-6.71736
-6.71191
-6.69617
-6.67703
-6.65378
-6.63654
-6.62489
-6.62532
-6.64008
-6.6644
-6.69655
-6.72945
-6.75367
-6.77007
-6.77224
-6.76348
-6.74846
-6.72362
-6.69457
-6.66035
-6.624
-6.58716
-6.55077
-6.52292
-6.50459
-6.50036
-6.51136
-6.53606
-6.57168
-6.61535
-6.6649
-6.7165
-6.76532
-6.80837
-6.84631
-6.87285
-6.89069
-6.89595
-6.88931
-6.87311
-6.84494
-6.81341
-6.77811
-6.7435
-6.71154
-6.68594
-6.66574
-6.65269
-6.64184
-6.63084
-6.62391
-6.61597
-6.6074
-6.59863
-6.588
-6.5792
-6.56708
-6.55805
-6.55564
-6.56225
-6.57835
-6.60398
-6.63789
-6.67422
-6.70863
-6.73955
-6.76857
-6.79108
