0.820738
0.891377
0.990154
1.09661
1.19761
1.28602
1.35846
1.41381
1.45241
1.47538
1.48432
1.48112
1.46782
1.44652
1.41932
1.38836
1.35579
1.32377
1.29428
1.26902
1.24915
1.23515
1.22694
1.22389
1.22505
1.22921
1.2351
1.24137
1.24679
1.25024
1.25079
1.24783
1.24111
1.23076
1.21737
1.20202
1.18615
1.17153
1.15997
1.153
1.15161
1.15605
1.16585
1.1799
1.19675
1.21481
1.23263
1.24896
1.26293
1.27392
1.2817
1.28622
1.28774
1.28673
1.28377
1.27946
1.27447
1.26933
1.26449
1.26019
1.25649
1.25324
1.25011
1.24664
1.24232
1.23677
1.22987
1.22179
1.2131
1.2046
1.19727
1.19206
1.18964
1.1902
1.19343
1.19858
1.20467
1.21083
1.21642
1.22107
1.22463
1.22714
1.2287
1.22951
1.22985
1.23012
1.23085
1.23259
1.23582
1.24083
1.24768
1.25617
1.26596
1.27663
1.28776
1.29898
1.30998
1.32045
1.33005
1.33835
1.34486
1.34907
1.35048
1.3486
1.34302
1.33345
1.31981
1.30236
1.28169
1.25876
1.23491
1.2116
1.19028
1.17208
1.15771
1.14738
1.14098
1.13825
1.13893
1.14281
1.14969
1.15922
1.17097
1.18433
1.19871
1.21354
1.22841
1.24296
1.25693
1.27009
1.28218
1.29286
1.30174
1.30842
1.31258
1.31414
1.31323
1.3103
1.306
1.30115
1.29646
1.29246
1.28945
1.28736
1.2858
1.2841
1.28155
1.27745
1.27138
1.26323
1.25327
1.24219
1.23103
1.22103
1.21338
1.20903
1.20831
1.21088
1.21579
1.22174
1.2275
1.23212
1.23502
1.236
1.23516
1.23273
1.22904
1.2245
1.21949
1.2144
1.20961
1.20535
1.2018
1.19906
1.19722
1.19643
1.19698
1.19921
1.20346
1.20991
1.2185
1.22881
1.2402
1.25181
1.26282
1.27255
1.28069
1.28721
1.29233
1.29643
1.29984
1.30272
1.30504
1.30653
1.30677
1.30529
1.30161
1.29534
1.28632
1.27467
1.26085
1.24561
1.22987
1.21462
1.2009
1.18967
1.1818
1.1779
1.17817
1.18242
1.19012
1.20046
1.21242
1.22497
1.23721
1.24849
1.25844
1.26699
1.27409
1.27953
1.28304
1.28441
1.28362
1.28089
1.27667
1.2715
1.26589
1.26033
1.25516
1.25063
1.24684
1.24381
1.24148
1.23972
1.23836
1.23718
1.23602
1.23479
1.23357
1.23256
1.23206
1.23228
1.23339
1.23544
1.23836
1.24207
1.24646
1.25145
1.25696
1.26289
1.26896
1.27477
1.27975
1.28331
1.28494
1.28444
1.28197
1.27799
1.2731
1.26791
1.26288
1.25821
1.25393
1.24992
1.24607
1.24225
1.23841
1.23446
1.23027
1.22568
1.2206
1.2151
1.20945
1.20419
1.20005
1.19785
1.1983
1.20189
1.20871
1.21845
1.23044
1.24372
1.25718
1.26974
1.28042
1.28848
1.29346
1.29527
1.2941
1.2904
1.28473
1.27774
1.27005
1.26219
1.25467
1.24785
1.24202
1.23737
1.23407
1.23227
1.23203
1.23343
1.23649
1.2411
1.24713
1.25441
1.2627
1.27164
1.28081
1.28955
1.29704
1.30227
1.30432
1.3025
1.29654
1.28661
1.27338
1.25788
1.24135
1.22508
1.21033
1.19815
1.18935
1.18441
1.18342
1.18616
1.19212
1.2006
1.21082
1.22194
1.2331
1.24346
1.25227
1.25899
1.26331
1.26512
1.26447
1.26153
1.25661
1.25011
1.24257
1.23455
1.22673
1.2198
1.21448
1.21148
1.21137
1.21447
1.22069
1.22952
1.24002
1.25106
1.26152
1.27051
1.27741
1.28194
1.28401
1.28358
1.28068
1.27537
1.2678
1.25835
1.24769
1.23674
1.22665
1.21857
1.21347
1.21192
1.21407
1.21968
1.22814
1.23863
1.25009
1.26137
1.27136
1.27918
1.28433
1.28666
1.28637
1.28383
1.27951
1.27388
1.26741
1.26048
1.2535
1.24679
1.24064
1.23517
1.23045
1.22646
1.22315
1.22053
1.21865
1.21765
1.21765
1.21876
1.22097
1.22424
1.22853
1.23381
1.24008
1.24736
1.2557
1.26498
1.27485
1.28457
1.2932
1.29973
1.30326
1.30321
1.29941
1.2921
1.28196
1.26989
1.25706
1.24467
1.23382
1.22536
1.21974
1.217
1.21689
1.21893
1.22264
1.22753
1.23313
1.23901
1.24472
1.24991
1.25427
1.25758
1.2596
1.26015
1.25901
1.25601
1.25111
1.24446
1.23645
1.22778
1.21932
1.21204
1.20673
1.20387
1.20347
1.20521
1.2086
1.21313
1.21836
1.22391
1.2295
1.23481
1.23958
1.24363
1.2469
1.24951
1.25169
1.25377
1.25606
1.25873
1.26185
1.26533
1.26892
1.2723
1.27511
1.27706
1.27803
1.27806
1.27734
1.27611
1.27468
1.27326
1.27186
1.27047
1.26901
1.26746
1.26583
1.26418
1.26251
1.26066
1.25841
1.25558
1.25213
1.24813
1.24386
1.23977
1.2364
1.23421
1.23353
1.2344
1.23667
1.23995
1.24377
1.24759
1.25094
1.25337
1.25455
1.25427
1.25251
1.24939
1.2452
1.24038
1.23541
1.23075
1.22679
1.22369
1.22153
1.22033
1.22011
1.22094
1.22291
1.22606
1.23026
1.23515
1.24007
1.24425
1.24692
1.24753
1.24597
1.24258
1.2382
1.23398
1.23101
1.23009
1.23155
1.23524
1.24068
1.24725
1.25426
1.26109
1.26715
1.27201
1.27541
1.2772
1.27741
1.27621
1.27391
1.27083
1.2673
1.2635
1.25944
1.25507
1.25043
1.24558
1.24071
1.23612
1.23211
1.22899
1.22691
1.22594
1.22612
1.22748
1.22996
1.23342
1.23759
1.2422
1.24685
1.25119
1.25492
1.25787
1.25988
1.26087
1.26083
1.25985
1.25811
1.25589
1.25355
1.25135
1.24951
1.24816
1.24741
1.24746
1.24854
1.25077
1.25415
1.25835
1.26285
1.26699
1.27009
1.2716
1.27121
1.26877
1.26435
1.25816
1.25059
1.24218
1.23356
1.22547
1.21869
1.21391
1.21166
1.21215
1.21524
1.22033
1.22648
1.23259
1.23758
1.24066
1.24148
1.24013
1.23708
1.23318
1.22936
1.22658
1.2256
1.22703
1.23116
1.23797
1.24705
1.25777
1.26926
1.28053
1.29064
1.29883
1.30458
1.30761
1.30784
1.30538
1.3005
1.29359
1.28518
1.27594
1.26658
1.25773
1.24971
1.24257
1.23616
1.23034
1.22514
1.22082
1.21767
1.21601
1.21603
1.21777
1.22114
1.22584
1.23149
1.23759
1.24357
1.24888
1.25306
1.25588
1.25733
1.25767
1.25734
1.25686
1.25652
1.25628
1.25574
1.25443
1.25212
1.24907
1.24605
1.24407
1.24396
1.24603
1.24997
1.25501
1.26021
1.26467
1.26777
1.26918
1.26884
1.26689
1.26357
1.2591
1.2537
1.24758
1.24115
1.23494
1.22955
1.22552
1.22315
1.22247
1.22327
1.22516
1.22763
1.23012
1.23206
1.23292
1.23225
1.22985
1.22587
1.22082
1.21554
1.21104
1.20833
1.20824
1.21124
1.21736
1.22623
1.23719
1.24947
1.26235
1.2752
1.28745
1.29856
1.30791
1.31485
1.31873
1.31897
1.31523
1.30748
1.29613
1.28199
1.26624
1.25031
1.23573
1.22391
1.21595
1.21249
1.21356
1.21859
1.22653
1.23583
1.24487
1.25202
1.25598
1.2559
1.25158
1.24348
1.23262
1.22047
1.20878
1.1993
1.19344
1.19204
1.19528
1.20267
1.2133
1.22609
1.24006
1.25433
1.26817
1.28097
1.29219
1.30132
1.3079
1.31148
1.31173
1.30845
1.30162
1.2915
1.27864
1.26392
1.24847
1.23352
1.22031
1.20985
1.20298
1.20024
1.20186
1.20771
1.21713
1.22906
1.24211
1.25469
1.26525
1.27252
1.27577
1.27489
1.27043
1.26344
1.25531
1.24752
1.24136
1.23782
1.23745
1.24039
1.24634
1.25462
1.26428
1.27425
1.28342
1.29075
1.2954
1.29682
1.2948
1.28941
1.28111
1.27064
1.25897
1.24716
1.23627
1.22716
1.22044
1.21633
1.21475
1.21527
1.21729
1.22015
1.22322
1.22608
1.22852
1.2305
1.23211
1.23344
1.23458
1.2356
1.23649
1.23721
1.2377
1.23782
1.23745
1.2365
1.23507
1.23339
1.23186
1.23106
1.2316
1.23389
1.23805
1.24372
1.25022
1.2567
1.26233
1.26652
1.26894
1.2695
1.26833
1.26572
1.26199
1.2575
1.2526
1.24758
1.24274
1.23836
1.23472
1.23216
1.23108
1.23189
1.23487
1.24011
1.24737
1.25602
1.26516
1.27377
1.28092
1.28595
1.28838
1.2881
1.28529
1.28036
1.27387
1.26656
1.25928
1.25284
1.2479
1.24486
1.24382
1.24455
1.24659
1.2493
1.25195
1.25386
1.25451
1.2535
1.25068
1.24614
1.24026
1.23362
1.22693
1.22091
1.21615
1.21302
1.21171
1.21219
1.21433
1.21783
1.22232
1.22739
1.23254
1.23728
1.2413
1.24444
1.24683
1.24879
1.25064
1.2527
1.25503
1.25758
1.26018
1.26255
1.2644
1.26542
1.26542
1.26435
1.26231
1.25951
1.25621
1.25255
1.24858
1.24425
1.23955
1.23462
1.22981
1.22564
1.22266
1.2214
1.22217
1.22503
1.22979
1.23599
1.24296
1.25001
1.25651
1.262
1.2663
1.26946
1.27168
1.27319
1.27413
1.27458
1.27455
1.274
1.27288
1.27121
1.26905
1.26648
1.26363
1.26066
1.25786
1.25564
1.25445
1.25473
1.25665
1.26002
1.2641
1.26781
1.27011
1.27017
1.26769
1.26284
1.25618
1.24846
1.24049
1.23304
1.22672
1.22197
1.21898
1.21767
1.21779
1.21895
1.22079
1.22302
1.22536
1.22755
1.22934
1.23052
1.23094
1.23064
1.22988
1.22906
1.22869
1.22921
1.23093
1.23394
1.23796
1.24248
1.24679
1.25028
1.25245
1.25309
1.25219
1.24994
1.24673
1.24313
1.23989
1.23781
1.2376
1.23978
1.24457
1.25183
1.26113
1.27173
1.2827
1.29298
1.3016
1.30781
1.31115
1.31157
1.30935
1.30507
1.29944
1.2932
1.28701
1.28133
1.27626
1.27169
1.26737
1.26307
1.25861
1.25392
1.249
1.24383
1.23832
1.23232
1.22589
1.21933
1.21313
1.20793
1.20434
0.797503
0.786674
0.769113
0.747143
0.723448
0.700596
0.680619
0.66475
0.653416
0.646393
0.642985
0.642213
0.642959
0.644335
0.645675
0.646715
0.647556
0.648499
0.649853
0.651701
0.653764
0.655482
0.656184
0.655341
0.652679
0.648193
0.642081
0.634606
0.626123
0.617137
0.608331
0.600589
0.595002
0.59269
0.594479
0.600566
0.610385
0.622678
0.635875
0.648479
0.659288
0.667497
0.672621
0.674518
0.673397
0.669885
0.665049
0.660235
0.656672
0.655089
0.655611
0.657815
0.661159
0.665291
0.670186
0.675902
0.682175
0.688205
0.692773
0.694672
0.692936
0.687082
0.67708
0.663287
0.646419
0.627599
0.608442
0.591083
0.577936
0.571232
0.572345
0.581218
0.596151
0.614305
0.632452
0.647878
0.659004
0.665598
0.668678
0.670168
0.672243
0.676675
0.684207
0.694316
0.705509
0.715781
0.723177
0.726189
0.723912
0.716115
0.70314
0.685763
0.665233
0.643458
0.623161
0.607613
0.599627
0.600377
0.608881
0.622643
0.638897
0.655422
0.670576
0.683189
0.692324
0.697366
0.698101
0.694894
0.688753
0.681263
0.674115
0.668644
0.665324
0.663733
0.66286
0.661539
0.658984
0.655016
0.650016
0.644833
0.640658
0.638724
0.639851
0.644224
0.651196
0.659516
0.667583
0.673902
0.677405
0.677467
0.674112
0.667854
0.659574
0.650529
0.64207
0.63558
0.632171
0.632545
0.636906
0.644819
0.655203
0.666412
0.676532
0.683744
0.686818
0.685321
0.67981
0.671552
0.662132
0.652952
0.644824
0.638067
0.632644
0.628489
0.625655
0.624266
0.624349
0.625655
0.627638
0.629516
0.63047
0.629929
0.62775
0.624262
0.620175
0.616355
0.613768
0.61325
0.615432
0.620619
0.628743
0.639424
0.652058
0.665822
0.67968
0.69249
0.702953
0.709803
0.712106
0.709556
0.702656
0.692497
0.68043
0.667757
0.65556
0.644734
0.635947
0.629681
0.626234
0.625642
0.627774
0.632309
0.638655
0.645958
0.65322
0.659463
0.663869
0.665952
0.665578
0.662953
0.658628
0.653527
0.648791
0.645638
0.644995
0.647162
0.651722
0.657723
0.664048
0.669894
0.674903
0.679142
0.682931
0.686511
0.689812
0.692407
0.693606
0.6927
0.689211
0.683123
0.674881
0.665347
0.655532
0.646384
0.638655
0.632754
0.628794
0.626738
0.626396
0.627416
0.629432
0.632093
0.635159
0.638397
0.641536
0.644129
0.645515
0.645084
0.642477
0.637823
0.631714
0.625129
0.619144
0.614716
0.612568
0.613166
0.616678
0.622933
0.631403
0.641307
0.651863
0.662364
0.672319
0.681349
0.689263
0.695937
0.70127
0.705261
0.707956
0.709551
0.710346
0.710711
0.710965
0.711291
0.711598
0.711599
0.710875
0.709002
0.705665
0.700643
0.693982
0.685984
0.67711
0.667861
0.658559
0.649319
0.640086
0.630679
0.620879
0.610591
0.599959
0.589408
0.57968
0.57165
0.566258
0.564199
0.565777
0.570763
0.578446
0.587867
0.598073
0.608209
0.617701
0.626118
0.633109
0.638429
0.642081
0.644307
0.645658
0.64702
0.649495
0.654181
0.661831
0.672583
0.685975
0.700871
0.715792
0.72926
0.739956
0.746999
0.750001
0.749062
0.744734
0.737894
0.729555
0.720705
0.712159
0.704373
0.697365
0.690764
0.683983
0.676299
0.667061
0.655847
0.642658
0.628089
0.613272
0.599661
0.588545
0.58078
0.576648
0.576024
0.578699
0.584439
0.592846
0.603174
0.614341
0.625099
0.634349
0.64141
0.646153
0.649045
0.651001
0.653263
0.656953
0.662654
0.67027
0.67903
0.687737
0.695119
0.700151
0.702261
0.701429
0.698057
0.692904
0.686775
0.680226
0.673327
0.665719
0.656964
0.646947
0.635983
0.624561
0.613168
0.602161
0.591992
0.583262
0.576791
0.573505
0.574366
0.580071
0.59086
0.60625
0.624756
0.644185
0.662241
0.677237
0.688477
0.696277
0.7017
0.706161
0.711031
0.717285
0.725402
0.735139
0.745618
0.755425
0.763002
0.767043
0.766682
0.76177
0.752794
0.740761
0.726844
0.712134
0.697259
0.682501
0.667813
0.65314
0.638509
0.624008
0.609748
0.595847
0.582516
0.570085
0.559069
0.550134
0.543983
0.54131
0.542722
0.548494
0.558467
0.571896
0.587583
0.604125
0.620198
0.634789
0.647301
0.657452
0.665134
0.670423
0.67366
0.67537
0.676269
0.677118
0.67859
0.68116
0.685076
0.690338
0.696651
0.703447
0.710154
0.716277
0.721366
0.724857
0.726001
0.724009
0.718348
0.708951
0.696366
0.681653
0.666129
0.651141
0.637804
0.626917
0.618948
0.613999
0.611886
0.612167
0.614195
0.617295
0.620985
0.625078
0.62968
0.634913
0.640692
0.6466
0.652026
0.656356
0.65926
0.660802
0.661362
0.661537
0.661982
0.663329
0.666042
0.670216
0.675479
0.681057
0.686036
0.689711
0.691931
0.693158
0.694099
0.695286
0.69684
0.698292
0.698712
0.696925
0.691874
0.682994
0.670368
0.654783
0.637502
0.619911
0.603239
0.588363
0.575896
0.566189
0.559515
0.556146
0.556288
0.560074
0.567469
0.578241
0.591922
0.607669
0.624348
0.640649
0.655175
0.666763
0.67475
0.67907
0.680387
0.679861
0.678832
0.678497
0.679557
0.682193
0.686168
0.690991
0.696129
0.701062
0.705336
0.708608
0.710575
0.711061
0.710015
0.70757
0.704124
0.700215
0.696486
0.693406
0.691108
0.689363
0.687738
0.685694
0.682635
0.677915
0.670812
0.660594
0.646891
0.630079
0.611422
0.593116
0.577995
0.568882
0.567777
0.57525
0.590136
0.609904
0.631444
0.651771
0.668548
0.680205
0.686142
0.686634
0.682807
0.676268
0.668641
0.6611
0.654269
0.648241
0.642865
0.638139
0.634353
0.632165
0.632332
0.635253
0.640675
0.647602
0.654567
0.660162
0.663518
0.664485
0.66357
0.661775
0.66018
0.659604
0.660396
0.662354
0.664836
0.667092
0.668634
0.669451
0.670051
0.671161
0.67337
0.676869
0.681244
0.685694
0.689134
0.690538
0.689119
0.684378
0.676224
0.665098
0.652006
0.638479
0.626334
0.617359
0.612875
0.613411
0.61858
0.627249
0.637895
0.648911
0.658977
0.667191
0.673035
0.676357
0.677336
0.676387
0.674113
0.671083
0.667607
0.663616
0.658749
0.652488
0.644507
0.634848
0.62399
0.612829
0.602502
0.59424
0.589114
0.587815
0.590531
0.596804
0.605603
0.615587
0.625456
0.63439
0.642176
0.649123
0.655785
0.662615
0.669728
0.676886
0.683562
0.689156
0.69309
0.695036
0.695004
0.693432
0.691178
0.68923
0.68837
0.688824
0.690274
0.692086
0.693684
0.694871
0.695756
0.696466
0.696921
0.696729
0.695464
0.692841
0.688812
0.68359
0.677499
0.670803
0.663614
0.655938
0.647887
0.639725
0.631899
0.624959
0.619401
0.615512
0.61334
0.612717
0.613213
0.614279
0.615445
0.616359
0.616765
0.616386
0.614978
0.612372
0.608417
0.603126
0.59674
0.589868
0.583735
0.580162
0.581214
0.588633
0.603209
0.62439
0.650406
0.678634
0.706093
0.730092
0.748496
0.760012
0.764395
0.762394
0.755517
0.745842
0.735577
0.726553
0.7197
0.714701
0.710348
0.7052
0.698199
0.689062
0.678311
0.667091
0.656694
0.648246
0.642431
0.639394
0.638861
0.640375
0.643524
0.647974
0.653292
0.658766
0.663289
0.665478
0.664198
0.659077
0.650741
0.640813
0.631407
0.624496
0.621261
0.621913
0.625858
0.632157
0.639922
0.648463
0.657123
0.665129
0.671658
0.675861
0.676988
0.674529
0.668316
0.658577
0.646
0.631762
0.617655
0.60591
0.598853
0.598347
0.605261
0.619042
0.637711
0.658336
0.677669
0.692831
0.701872
0.703976
0.699522
0.690004
0.677808
0.665709
0.656311
0.651444
0.651778
0.656826
0.665261
0.675166
0.684445
0.691131
0.693923
0.692433
0.687342
0.680129
0.672645
0.666628
0.663269
0.663027
0.665663
0.670482
0.676551
0.682942
0.688893
0.693861
0.697525
0.699625
0.699814
0.697511
0.691959
0.682614
0.669642
0.654256
0.638633
0.625392
0.616753
0.613936
0.616911
0.624618
0.635466
0.647661
0.659485
0.669394
0.676257
0.679424
0.678708
0.67429
0.666628
0.656419
0.644578
0.632409
0.621599
0.613828
0.610044
0.610112
0.613124
0.618069
0.624359
0.631867
0.640732
0.651129
0.662951
0.675587
0.687889
0.698333
0.705351
0.707807
0.705248
0.698013
0.687144
0.674182
0.660844
0.648779
0.639405
0.633702
0.632051
0.634152
0.639197
0.646118
0.653785
0.661235
0.66776
0.672893
0.676251
0.677611
0.676751
0.673484
0.667595
0.659055
0.648368
0.636876
0.626634
0.620048
0.618973
0.623994
0.634305
0.648044
0.662949
0.67689
0.688236
0.695969
0.699691
0.699484
0.695837
0.689418
0.68103
0.671467
0.661531
0.65207
0.643871
0.637573
0.633449
0.631337
0.630683
0.630768
0.630972
0.631008
0.630859
0.630695
0.630706
0.630989
0.631542
0.632202
0.632678
0.632533
0.631325
0.628668
0.624285
0.618162
0.610593
0.60235
0.5947
0.589325
0.588013
0.592191
0.602354
0.617679
0.63625
0.655546
0.673039
0.686722
0.695396
0.698811
0.697579
0.693029
0.686919
0.680952
0.676311
0.673421
0.672023
0.671427
0.670835
0.669656
0.667689
0.665194
0.662867
0.661676
0.662623
0.666463
0.673397
0.682873
0.693555
0.703609
0.711069
0.714308
0.712163
0.704122
0.690291
0.671471
0.649103
0.625317
0.602831
0.584602
0.573232
0.570349
0.576179
0.58954
0.608249
0.629633
0.650937
0.669646
0.68378
0.692098
0.694253
0.690831
0.683091
0.672765
0.66164
0.651396
0.643448
0.63886
0.638203
0.641553
0.648462
0.658026
0.66921
0.68096
0.692366
0.702637
0.711052
0.716941
0.719636
0.718561
0.713509
0.704694
0.692823
0.678971
0.664347
0.650154
0.63783
0.629251
0.626226
0.629765
0.639304
0.652615
0.666468
0.67752
0.683361
0.683075
0.677415
0.668448
0.65881
0.650957
0.646536
0.645989
0.648634
0.653043
0.657571
0.660876
0.662046
0.66075
0.657131
0.651745
0.645397
0.638963
0.633245
0.628758
0.625671
0.623738
0.622457
0.621368
0.620324
0.61949
0.619167
0.619602
0.620948
0.623345
0.626948
0.632016
0.638884
0.647803
0.658714
0.785386
0.76848
0.75078
0.732898
0.715231
0.697903
0.680893
0.664441
0.649499
0.637779
0.631316
0.631705
0.639353
0.653155
0.670828
0.689579
0.70667
0.719884
0.727787
0.729875
0.726538
0.718906
0.708644
0.69775
0.6882
0.681634
0.679033
0.680507
0.685461
0.692811
0.701435
0.710362
0.718967
0.726885
0.73402
0.740515
0.746751
0.753298
0.760835
0.770031
0.781301
0.794493
0.80857
0.821656
0.831417
0.835639
0.832916
0.822923
0.806447
0.785138
0.761249
0.737409
0.71625
0.700109
0.690697
0.688866
0.694279
0.705475
0.720174
0.735695
0.749458
0.759378
0.764027
0.762728
0.755567
0.743363
0.727619
0.710148
0.692772
0.676881
0.663248
0.6522
0.643932
0.638761
0.637112
0.639456
0.646027
0.65661
0.670437
0.686273
0.702604
0.717868
0.73081
0.740639
0.747092
0.750408
0.751179
0.750266
0.748678
0.747429
0.747379
0.749136
0.752916
0.758408
0.764876
0.771255
0.776209
0.7783
0.776252
0.769442
0.758177
0.743785
0.728414
0.714306
0.703232
0.696271
0.693855
0.69603
0.702483
0.712476
0.72478
0.737936
0.750597
0.761766
0.770634
0.776452
0.778571
0.776881
0.772057
0.765516
0.758903
0.753553
0.750111
0.748254
0.746857
0.744483
0.740055
0.733487
0.725846
0.71883
0.714007
0.712163
0.713142
0.716006
0.719635
0.723164
0.726119
0.72826
0.729337
0.728935
0.726727
0.72258
0.71668
0.709422
0.701327
0.693061
0.685458
0.67948
0.676126
0.676254
0.680526
0.689154
0.701768
0.717297
0.733947
0.749586
0.762245
0.770447
0.773419
0.771112
0.764111
0.753615
0.741574
0.730559
0.723034
0.72046
0.722672
0.728288
0.7354
0.742366
0.748206
0.752714
0.756254
0.759385
0.762347
0.764895
0.766392
0.766194
0.763825
0.759252
0.752882
0.745551
0.738233
0.731794
0.726566
0.722275
0.718264
0.713866
0.708835
0.703636
0.699181
0.696521
0.696498
0.699545
0.705562
0.714032
0.724012
0.734318
0.743722
0.750994
0.755169
0.755674
0.752554
0.746425
0.738372
0.729677
0.721595
0.715108
0.711025
0.709988
0.712455
0.718623
0.728055
0.739502
0.751134
0.760963
0.767425
0.769659
0.767535
0.761381
0.751818
0.739495
0.725153
0.709612
0.693869
0.67919
0.666893
0.658203
0.653924
0.654266
0.658886
0.666936
0.6771
0.68773
0.697233
0.704571
0.709608
0.713158
0.716703
0.721805
0.729595
0.740329
0.753517
0.768139
0.78296
0.796816
0.808784
0.818308
0.825169
0.829436
0.831104
0.829911
0.825346
0.816885
0.804326
0.788117
0.769473
0.750182
0.732389
0.718222
0.709288
0.70628
0.708915
0.716006
0.725737
0.735899
0.744079
0.748003
0.745972
0.737532
0.723627
0.706352
0.688454
0.672707
0.661315
0.65552
0.655318
0.659628
0.666567
0.674081
0.680565
0.685161
0.68796
0.689752
0.691627
0.694477
0.698635
0.70377
0.709158
0.714013
0.717855
0.720574
0.722262
0.722975
0.722584
0.720826
0.717671
0.713791
0.710728
0.710545
0.714936
0.724252
0.7373
0.751771
0.765224
0.775656
0.781755
0.782933
0.779186
0.771217
0.760589
0.749622
0.740861
0.736147
0.735858
0.739088
0.74429
0.749955
0.755108
0.75932
0.762595
0.765011
0.766387
0.765935
0.762416
0.754661
0.7422
0.725804
0.707609
0.690798
0.678889
0.674727
0.679704
0.693139
0.712427
0.733716
0.752938
0.76684
0.773622
0.773103
0.766361
0.755226
0.74188
0.728437
0.716591
0.707673
0.702476
0.701296
0.703842
0.709178
0.715855
0.722226
0.726877
0.729167
0.72952
0.729211
0.729919
0.733009
0.739037
0.747679
0.758018
0.768757
0.778495
0.785892
0.789874
0.7899
0.78604
0.778791
0.768909
0.757269
0.744639
0.731756
0.719467
0.708807
0.700824
0.69615
0.694818
0.696285
0.699647
0.703885
0.708231
0.712201
0.715556
0.718228
0.720229
0.721617
0.722411
0.722718
0.722624
0.722201
0.721509
0.720494
0.719045
0.717121
0.714776
0.712106
0.709219
0.706278
0.703687
0.702165
0.702563
0.705647
0.711801
0.720915
0.732356
0.745086
0.758025
0.770268
0.781139
0.790187
0.797052
0.801362
0.80281
0.801281
0.796774
0.789378
0.77908
0.765943
0.750363
0.733231
0.715786
0.699088
0.683671
0.669675
0.657265
0.647033
0.639981
0.637276
0.639737
0.647583
0.660297
0.676815
0.695814
0.715913
0.73571
0.753847
0.769069
0.780511
0.787771
0.790935
0.790429
0.786782
0.780556
0.772248
0.762495
0.752167
0.742433
0.734682
0.730265
0.730025
0.733659
0.739758
0.74644
0.752124
0.75575
0.756764
0.75505
0.750874
0.744803
0.737558
0.729748
0.721731
0.713799
0.706311
0.699893
0.695214
0.692642
0.692131
0.693182
0.695152
0.69736
0.699236
0.700315
0.700394
0.699371
0.697167
0.693652
0.688718
0.682564
0.675967
0.670436
0.667986
0.670502
0.679085
0.693656
0.713016
0.735247
0.758171
0.779733
0.798172
0.812157
0.820891
0.824145
0.822206
0.815686
0.805295
0.791708
0.775513
0.757218
0.737342
0.716754
0.697004
0.680539
0.670393
0.668902
0.676207
0.689916
0.706342
0.721951
0.733931
0.740202
0.739679
0.732707
0.721349
0.709211
0.70057
0.698693
0.704256
0.714956
0.726978
0.737013
0.743244
0.745313
0.743785
0.739678
0.734046
0.727812
0.721847
0.716868
0.713471
0.712068
0.713056
0.71687
0.723698
0.733259
0.744622
0.756462
0.767416
0.776383
0.782671
0.785788
0.785377
0.781122
0.772984
0.76132
0.747173
0.732253
0.718611
0.708044
0.701582
0.699328
0.700641
0.704723
0.71096
0.718992
0.728624
0.739592
0.751142
0.761911
0.770129
0.774059
0.77267
0.765978
0.755041
0.741615
0.72764
0.714826
0.704445
0.697202
0.693307
0.692477
0.693951
0.696614
0.699199
0.700487
0.69956
0.69609
0.690491
0.683998
0.678371
0.675434
0.676616
0.682465
0.69268
0.706098
0.721056
0.73585
0.749305
0.761047
0.77131
0.780635
0.78934
0.797336
0.804157
0.809132
0.811633
0.811269
0.808121
0.802806
0.796358
0.789869
0.783904
0.778099
0.771426
0.762744
0.751515
0.738144
0.723941
0.71073
0.700264
0.693785
0.691628
0.693307
0.697778
0.703705
0.709804
0.71492
0.718052
0.718623
0.716508
0.712246
0.706961
0.70206
0.698674
0.697426
0.698327
0.700871
0.704293
0.707913
0.711343
0.714613
0.718182
0.722675
0.728537
0.735724
0.743684
0.751441
0.757824
0.761575
0.761721
0.757638
0.749275
0.737237
0.722771
0.70758
0.693398
0.681708
0.673488
0.669211
0.668958
0.672508
0.679488
0.689388
0.701602
0.715399
0.729989
0.744389
0.757578
0.768654
0.776883
0.781842
0.783422
0.7818
0.777254
0.770142
0.760821
0.74979
0.737669
0.725491
0.714668
0.706754
0.703018
0.703903
0.708639
0.715497
0.722442
0.727834
0.730842
0.731399
0.72989
0.726859
0.722855
0.718431
0.714183
0.710797
0.708919
0.708809
0.710152
0.712124
0.713613
0.713763
0.712363
0.709869
0.70758
0.707232
0.71036
0.717529
0.727934
0.739753
0.751104
0.760606
0.767597
0.77191
0.773532
0.772391
0.768366
0.761346
0.75143
0.738989
0.724853
0.710219
0.696514
0.68514
0.677127
0.672932
0.672494
0.675455
0.681433
0.690092
0.701067
0.713898
0.728066
0.742886
0.757521
0.770903
0.781741
0.788725
0.790802
0.787506
0.778949
0.765866
0.749473
0.731374
0.71334
0.697128
0.684331
0.676131
0.673095
0.674978
0.680766
0.689034
0.698376
0.70778
0.716783
0.725356
0.733561
0.741277
0.748086
0.753636
0.757849
0.760884
0.763001
0.764276
0.764379
0.76275
0.758842
0.752524
0.744135
0.734371
0.724037
0.713897
0.704673
0.697071
0.692012
0.690618
0.694204
0.703735
0.719211
0.739265
0.761263
0.781902
0.798008
0.807241
0.808424
0.801695
0.788342
0.770473
0.750712
0.731651
0.715428
0.703483
0.696406
0.694037
0.695652
0.700283
0.707046
0.715145
0.723994
0.732989
0.74139
0.748206
0.752205
0.752186
0.747391
0.737912
0.72471
0.709401
0.693933
0.680182
0.669605
0.663009
0.660413
0.661208
0.664486
0.669407
0.675609
0.683384
0.693642
0.70751
0.72585
0.748605
0.774534
0.801369
0.826377
0.846974
0.861066
0.867146
0.864434
0.853028
0.834127
0.810147
0.784386
0.760258
0.740287
0.725634
0.716223
0.711287
0.709946
0.711382
0.714658
0.718476
0.721148
0.720855
0.71613
0.706523
0.693038
0.678084
0.664728
0.655589
0.652016
0.653997
0.660582
0.670379
0.682016
0.694436
0.707116
0.719878
0.732639
0.745095
0.756488
0.765854
0.7724
0.775812
0.77632
0.774428
0.77057
0.764973
0.757815
0.749498
0.740671
0.732194
0.724935
0.719516
0.716028
0.714055
0.712906
0.711979
0.710961
0.709951
0.709314
0.709548
0.711152
0.714605
0.720412
0.728919
0.739814
0.751702
0.762327
0.769312
0.771185
0.767738
0.760088
0.750247
0.740474
0.732604
0.727474
0.724874
0.723897
0.723286
0.721846
0.718503
0.712586
0.704177
0.694412
0.685259
0.67862
0.675363
0.674867
0.675703
0.676598
0.677054
0.67736
0.678296
0.680682
0.685248
0.692504
0.702683
0.715544
0.730331
0.745777
0.760336
0.77241
0.780809
0.784892
0.784627
0.780468
0.7732
0.763776
0.753209
0.742493
0.732567
0.724283
0.718534
0.716198
0.717945
0.723993
0.733945
0.746789
0.760964
0.774633
0.786005
0.793675
0.796699
0.794806
0.788121
0.777106
0.762463
0.744913
0.725209
0.704217
0.682982
0.662849
0.645711
0.633988
0.630377
0.636903
0.653526
0.677619
0.704825
0.730827
0.752609
0.768846
0.779554
0.785527
0.787743
0.78709
0.784224
0.779782
0.774387
0.768612
0.762812
0.757025
0.751059
0.744537
0.737169
0.728867
0.719748
0.710084
0.700293
0.690976
0.68296
0.677038
0.67378
0.673407
0.675764
0.680423
0.686811
0.694261
0.702107
0.709743
0.716899
0.7239
0.731865
0.74236
0.756638
0.774728
0.795156
0.815449
0.833027
0.845942
0.852955
0.853393
0.846841
0.832988
0.811736
0.783714
0.750724
0.715882
0.683316
0.657281
0.799922
0.80438
0.813053
0.824862
0.838234
0.851451
0.862677
0.870033
0.871838
0.866984
0.855283
0.837878
0.817351
0.797296
0.78094
0.769791
0.763023
0.758372
0.753495
0.747005
0.738642
0.729152
0.720004
0.71295
0.709637
0.711061
0.717277
0.727455
0.740344
0.75467
0.769554
0.784245
0.798069
0.810394
0.820766
0.829016
0.83533
0.840177
0.844053
0.847324
0.850136
0.8523
0.853357
0.852684
0.849808
0.84452
0.837004
0.827824
0.817734
0.807612
0.798406
0.790988
0.785831
0.78298
0.782069
0.782519
0.78373
0.785308
0.787019
0.788761
0.790383
0.791596
0.792063
0.791271
0.788769
0.784398
0.778579
0.77221
0.766467
0.762478
0.760975
0.762294
0.766376
0.772715
0.780457
0.788387
0.795155
0.799635
0.801326
0.800594
0.798537
0.796622
0.796004
0.797299
0.800465
0.805108
0.811022
0.818533
0.828775
0.843003
0.861357
0.881963
0.901087
0.914604
0.919476
0.91457
0.900624
0.879809
0.855005
0.829226
0.805032
0.784422
0.768728
0.758581
0.753654
0.752779
0.754133
0.75566
0.755496
0.752341
0.745741
0.736215
0.725281
0.715317
0.70893
0.708423
0.715153
0.729291
0.749771
0.774534
0.800811
0.8256
0.84613
0.860292
0.86695
0.866347
0.860318
0.852286
0.846364
0.845825
0.851811
0.863062
0.876782
0.889735
0.899007
0.902367
0.898557
0.887526
0.870789
0.851285
0.832675
0.818003
0.808389
0.80305
0.800183
0.798031
0.795517
0.792452
0.78955
0.787955
0.78852
0.791054
0.794411
0.797119
0.798123
0.796923
0.793414
0.787595
0.779739
0.770579
0.761364
0.75364
0.748907
0.748344
0.752578
0.761564
0.774596
0.790471
0.807674
0.824596
0.839732
0.851741
0.859554
0.862556
0.860792
0.855093
0.846824
0.837605
0.828765
0.821249
0.815461
0.811311
0.808179
0.805236
0.801753
0.797518
0.792979
0.789048
0.78682
0.787244
0.790977
0.798319
0.809145
0.822867
0.838366
0.854134
0.868279
0.878559
0.882643
0.878385
0.864398
0.840441
0.807883
0.769757
0.730532
0.69564
0.670479
0.659234
0.663838
0.683309
0.714024
0.750957
0.78922
0.825045
0.856043
0.880742
0.898205
0.907761
0.908955
0.901844
0.887233
0.866959
0.843634
0.8202
0.799339
0.78321
0.773313
0.770165
0.773152
0.780474
0.789594
0.797992
0.803841
0.806479
0.806493
0.805289
0.804209
0.803875
0.804128
0.804476
0.804647
0.804697
0.80476
0.804808
0.804541
0.803343
0.800626
0.796085
0.789935
0.78286
0.775921
0.770477
0.768154
0.770566
0.779088
0.794254
0.815292
0.839975
0.864933
0.886387
0.901088
0.906829
0.902968
0.890204
0.870459
0.84627
0.820392
0.795391
0.773381
0.755787
0.743406
0.736387
0.734318
0.736305
0.741194
0.747767
0.755215
0.763412
0.772862
0.784071
0.796846
0.809913
0.821226
0.828801
0.831556
0.829652
0.82452
0.818735
0.815128
0.815319
0.818703
0.823029
0.826312
0.828033
0.829101
0.831187
0.835631
0.842514
0.850655
0.858205
0.863285
0.864479
0.860957
0.852518
0.839649
0.823476
0.805698
0.788339
0.773302
0.762054
0.755436
0.753623
0.756256
0.762592
0.77153
0.781678
0.791398
0.798928
0.802785
0.801974
0.796259
0.786364
0.773831
0.760945
0.750341
0.744516
0.745257
0.75309
0.767187
0.785625
0.805914
0.825591
0.84268
0.855856
0.864475
0.86844
0.868083
0.864144
0.857579
0.849172
0.839438
0.828546
0.816599
0.804019
0.791786
0.781086
0.772881
0.767573
0.765082
0.765189
0.767666
0.772365
0.779143
0.787856
0.798172
0.809436
0.820555
0.830237
0.837274
0.840802
0.840374
0.835943
0.827852
0.816853
0.804226
0.791796
0.781638
0.775644
0.775159
0.780663
0.79171
0.807002
0.824588
0.842391
0.858619
0.872149
0.882366
0.888843
0.89111
0.888519
0.880466
0.867001
0.849411
0.830254
0.812855
0.799944
0.792807
0.791184
0.793831
0.799269
0.806188
0.813543
0.820388
0.825646
0.828168
0.826874
0.820899
0.810014
0.794815
0.776922
0.75898
0.744003
0.734454
0.731568
0.735032
0.743224
0.753718
0.764124
0.772798
0.779265
0.784328
0.789345
0.795429
0.802813
0.810821
0.818409
0.824606
0.828696
0.830283
0.829617
0.827833
0.82658
0.827117
0.829625
0.833412
0.837604
0.841752
0.845953
0.850274
0.854327
0.857044
0.856847
0.852202
0.842016
0.826224
0.805965
0.783573
0.762236
0.745348
0.735681
0.734592
0.741744
0.755282
0.772633
0.791327
0.809473
0.825548
0.838144
0.845832
0.847461
0.84274
0.832592
0.819064
0.804758
0.792097
0.782858
0.778142
0.778274
0.782791
0.790566
0.800003
0.809495
0.817752
0.823865
0.827246
0.827703
0.825519
0.821693
0.817736
0.814759
0.812709
0.810613
0.807654
0.803802
0.79955
0.795471
0.791987
0.789257
0.787176
0.785458
0.783818
0.78209
0.780282
0.778509
0.776989
0.775971
0.775602
0.775866
0.776583
0.777484
0.778453
0.779903
0.782943
0.789159
0.799899
0.8154
0.834514
0.854996
0.874267
0.890168
0.90126
0.906973
0.907526
0.903763
0.89683
0.887934
0.878146
0.868294
0.858869
0.850032
0.841667
0.83346
0.824819
0.815111
0.803757
0.790316
0.774903
0.75846
0.742907
0.730902
0.724989
0.726353
0.734229
0.746563
0.761193
0.776571
0.79164
0.805388
0.816799
0.825071
0.829984
0.832129
0.832729
0.833009
0.833515
0.833905
0.833125
0.829954
0.823577
0.813836
0.801291
0.786956
0.77204
0.757964
0.746317
0.738833
0.736986
0.741469
0.751871
0.76661
0.783441
0.800069
0.81464
0.825968
0.833525
0.837359
0.837983
0.836024
0.832004
0.826267
0.819182
0.811322
0.803615
0.797177
0.793066
0.792022
0.794388
0.800094
0.808674
0.819068
0.829607
0.838253
0.843304
0.844118
0.841446
0.837205
0.833669
0.832387
0.833662
0.836745
0.840538
0.844167
0.847145
0.848978
0.848896
0.845754
0.83846
0.826653
0.811343
0.795193
0.781883
0.774508
0.773808
0.77775
0.782699
0.785337
0.78383
0.777909
0.768568
0.757482
0.746557
0.737646
0.732254
0.731079
0.733807
0.739052
0.744869
0.749627
0.752733
0.754981
0.758222
0.76449
0.77515
0.790242
0.808562
0.828184
0.847243
0.864355
0.878771
0.8901
0.897998
0.901903
0.901073
0.894684
0.882033
0.862725
0.837155
0.807067
0.775971
0.749063
0.731836
0.727714
0.73616
0.753203
0.773877
0.794457
0.812958
0.828598
0.841186
0.850906
0.858164
0.863237
0.866125
0.8666
0.864449
0.859642
0.852538
0.843873
0.834443
0.824833
0.815388
0.80699
0.801949
0.803667
0.813947
0.830263
0.846857
0.858203
0.861095
0.854654
0.839805
0.818862
0.795
0.771635
0.751727
0.737257
0.72889
0.72607
0.727274
0.730693
0.734913
0.73929
0.743922
0.748931
0.754015
0.758454
0.761663
0.763728
0.765499
0.76824
0.773019
0.780282
0.789584
0.799701
0.808829
0.815242
0.817869
0.816692
0.812842
0.808265
0.804952
0.804238
0.806321
0.810419
0.815294
0.819886
0.823709
0.826903
0.829916
0.833188
0.836772
0.84029
0.843017
0.843969
0.842235
0.837071
0.828151
0.815563
0.799934
0.782383
0.764269
0.746944
0.731609
0.719489
0.71211
0.711136
0.717815
0.732222
0.75285
0.777237
0.802901
0.827983
0.851267
0.871764
0.888457
0.900337
0.906687
0.907514
0.903708
0.896823
0.888686
0.880766
0.873806
0.867852
0.862591
0.857533
0.852225
0.84653
0.840599
0.834689
0.828632
0.821642
0.812571
0.800462
0.785185
0.767707
0.749778
0.733592
0.721091
0.713244
0.709843
0.709985
0.712899
0.718227
0.725466
0.733536
0.741288
0.748157
0.754295
0.76018
0.76617
0.772375
0.778743
0.785125
0.791321
0.797134
0.802473
0.807585
0.813073
0.819684
0.828079
0.83868
0.8514
0.865493
0.879651
0.892045
0.900665
0.903846
0.900615
0.891078
0.876496
0.859166
0.842053
0.828196
0.819937
0.818245
0.822511
0.830701
0.839892
0.847062
0.849777
0.846623
0.837524
0.823517
0.806419
0.78826
0.770931
0.755996
0.744576
0.73741
0.734675
0.735826
0.7396
0.744403
0.748891
0.752599
0.756147
0.761051
0.768963
0.780874
0.796455
0.814135
0.83172
0.847154
0.859077
0.866933
0.870743
0.870739
0.867325
0.860962
0.852027
0.840973
0.828351
0.814873
0.801436
0.789016
0.778618
0.771212
0.767509
0.767907
0.772316
0.780119
0.790249
0.801522
0.812789
0.823205
0.832224
0.839496
0.844469
0.846259
0.84387
0.836777
0.825186
0.810121
0.793253
0.776736
0.762803
0.753398
0.749541
0.751089
0.756967
0.765759
0.776186
0.787339
0.798652
0.809743
0.820269
0.829868
0.838199
0.844802
0.849165
0.850734
0.849056
0.843988
0.835629
0.824415
0.811142
0.797014
0.783663
0.772896
0.765869
0.762574
0.762359
0.764679
0.769118
0.775023
0.781331
0.786818
0.790572
0.792313
0.792485
0.792148
0.792531
0.794586
0.798681
0.80473
0.812462
0.821631
0.83192
0.842556
0.852404
0.860061
0.864216
0.864071
0.859579
0.851451
0.840885
0.829397
0.818674
0.810551
0.806759
0.808334
0.81483
0.824158
0.833289
0.839173
0.839534
0.833606
0.822535
0.809057
0.796303
0.786428
0.780104
0.77699
0.776605
0.77875
0.783182
0.789347
0.796243
0.802587
0.807138
0.809096
0.808248
0.804983
0.800249
0.795295
0.791329
0.789129
0.788765
0.789702
0.791258
0.793133
0.795654
0.799655
0.806156
0.815846
0.828724
0.843884
0.859397
0.872655
0.88105
0.882848
0.877595
0.866202
0.850618
0.833242
0.816503
0.802476
0.792584
0.787395
0.786629
0.789257
0.793667
0.797965
0.800198
0.798752
0.792708
0.782238
0.768671
0.754166
0.741129
0.731845
0.728186
0.731518
0.742281
0.759679
0.781607
0.805196
0.827661
0.846879
0.861579
0.871368
0.876325
0.876786
0.873159
0.865954
0.856036
0.844662
0.833274
0.823116
0.814833
0.808432
0.803799
0.800887
0.799692
0.799962
0.801134
0.802581
0.803953
0.805088
0.805881
0.806075
0.805343
0.803548
0.801012
0.798506
0.796913
0.796927
0.798701
0.802001
0.796121
0.790403
0.784501
0.780035
0.778454
0.780891
0.788196
0.800743
0.818306
0.839934
0.863716
0.887061
0.906952
0.920473
0.925356
0.920428
0.906022
0.8839
0.856998
0.828736
0.802202
0.779613
0.762265
0.750831
0.745568
0.746049
0.750941
0.758047
0.764836
0.769113
0.769507
0.765735
0.758478
0.749059
0.739102
0.730156
0.723518
0.720144
0.72061
0.724976
0.732673
0.742623
0.753659
0.764878
0.775776
0.786153
0.795831
0.804623
0.812433
0.81926
0.825032
0.829589
0.832774
0.834723
0.835988
0.837292
0.839019
0.840914
0.84222
0.842019
0.83974
0.835524
0.830158
0.824832
0.820868
0.819301
0.820546
0.824242
0.829294
0.83418
0.837494
0.838498
0.837326
0.834807
0.832071
0.829876
0.828214
0.826487
0.823924
0.820028
0.814831
0.808779
0.802553
0.796863
0.792286
0.789177
0.787628
0.787388
0.787946
0.788775
0.789444
0.789704
0.789432
0.788742
0.787997
0.787732
0.788379
0.7899
0.791792
0.793348
0.794122
0.794198
0.794123
0.79467
0.796302
0.798822
0.80127
0.802248
0.800426
0.795273
0.787239
0.777622
0.768033
0.759856
0.754008
0.75089
0.750457
0.752321
0.755917
0.760597
0.765688
0.770716
0.775425
0.779791
0.783958
0.788022
0.792055
0.795932
0.799268
0.801478
0.801925
0.800059
0.795749
0.789422
0.782024
0.774934
0.769701
0.767692
0.769858
0.776683
0.788277
0.804431
0.824764
0.848347
0.873357
0.897067
0.916402
0.928644
0.932222
0.927077
0.914631
0.897308
0.877974
0.859079
0.84213
0.827397
0.814115
0.801075
0.787542
0.773913
0.761607
0.751968
0.745413
0.7412
0.738339
0.73654
0.736289
0.738016
0.741612
0.746521
0.752336
0.758961
0.766535
0.775354
0.785813
0.798338
0.813304
0.830685
0.849719
0.868784
0.885617
0.897715
0.9031
0.90089
0.89183
0.878072
0.862307
0.846793
0.832973
0.821588
0.813228
0.808307
0.806946
0.808711
0.81255
0.816808
0.819529
0.818994
0.814271
0.805752
0.795193
0.785141
0.777876
0.774504
0.774782
0.777775
0.782781
0.789684
0.798578
0.809091
0.820038
0.829581
0.835967
0.838215
0.836378
0.831241
0.82383
0.815003
0.805401
0.795482
0.785752
0.77688
0.769713
0.765253
0.764538
0.768365
0.776755
0.788636
0.801946
0.814383
0.823949
0.829436
0.830428
0.827043
0.819909
0.810051
0.798887
0.787965
0.778536
0.771374
0.76682
0.765037
0.766201
0.770377
0.777444
0.78689
0.79773
0.808654
0.818232
0.825175
0.828917
0.829747
0.828838
0.827851
0.828035
0.829794
0.832714
0.835909
0.838592
0.840294
0.840857
0.840327
0.838727
0.835971
0.831782
0.825817
0.817775
0.807773
0.796562
0.7856
0.776859
0.772178
0.772507
0.777456
0.785352
0.793822
0.80062
0.804403
0.805219
0.804469
0.804482
0.807721
0.81582
0.828797
0.844873
0.861044
0.873964
0.880679
0.879237
0.868758
0.849572
0.823121
0.791989
0.759872
0.731101
0.709608
0.697923
0.696847
0.705686
0.722738
0.745668
0.771768
0.798316
0.822729
0.842819
0.857042
0.864715
0.866021
0.861928
0.853809
0.843161
0.831425
0.820042
0.810381
0.803468
0.799785
0.799184
0.801023
0.804498
0.808815
0.813238
0.81711
0.819913
0.821499
0.822063
0.821954
0.821501
0.820964
0.820585
0.820731
0.821873
0.824433
0.828421
0.833257
0.837925
0.841114
0.841344
0.83732
0.828269
0.814289
0.796493
0.776848
0.758098
0.743574
0.736609
0.739588
0.752611
0.773099
0.796821
0.81959
0.838336
0.8513
0.85771
0.857492
0.851101
0.83958
0.824664
0.808741
0.794409
0.783872
0.77827
0.777369
0.779912
0.784187
0.788688
0.79251
0.795729
0.799261
0.804397
0.811859
0.821152
0.830502
0.837408
0.839619
0.835741
0.825817
0.811354
0.794966
0.779664
0.767982
0.761209
0.759272
0.760982
0.764705
0.768936
0.772625
0.775116
0.775946
0.77466
0.770963
0.765113
0.758511
0.753854
0.754261
0.76202
0.777447
0.798696
0.822492
0.84525
0.863938
0.876366
0.881154
0.877522
0.865398
0.845622
0.820337
0.79325
0.769031
0.752038
0.744728
0.747235
0.758011
0.774797
0.795323
0.817411
0.839024
0.858202
0.873155
0.882326
0.884647
0.879745
0.868104
0.851106
0.830843
0.809742
0.79023
0.774068
0.762143
0.754459
0.750507
0.749766
0.751971
0.757086
0.764954
0.774817
0.785333
0.794971
0.802384
0.806549
0.806756
0.802772
0.795277
0.785909
0.776942
0.770668
0.768865
0.772448
0.781268
0.794187
0.809495
0.825132
0.839022
0.849267
0.854486
0.853991
0.847988
0.837475
0.824132
0.810017
0.79717
0.787358
0.78186
0.781503
0.786678
0.797421
0.813288
0.833102
0.854768
0.875439
0.892202
0.902765
0.906036
0.901856
0.890546
0.872699
0.849527
0.823735
0.799296
0.779868
0.766908
0.759444
0.755818
0.755065
0.75699
0.761492
0.768117
0.776001
0.784099
0.791447
0.797109
0.80023
0.800231
0.797235
0.792199
0.786702
0.782356
0.780129
0.780153
0.781944
0.784855
0.788563
0.793183
0.799101
0.806691
0.815895
0.82612
0.836339
0.845294
0.851732
0.854649
0.85336
0.847529
0.837278
0.82331
0.80686
0.789616
0.773499
0.760412
0.751859
0.748675
0.751016
0.758353
0.7696
0.783196
0.797338
0.810187
0.820259
0.826536
0.828578
0.826372
0.820361
0.811456
0.800826
0.789858
0.779859
0.77183
0.7663
0.763198
0.762014
0.762102
0.762904
0.76402
0.764979
0.765287
0.764544
0.762672
0.760435
0.759349
0.761308
0.767898
0.779769
0.796561
0.817002
0.839211
0.860933
0.879685
0.893209
0.899781
0.898446
0.889308
0.873559
0.853304
0.831344
0.810635
0.793589
0.78169
0.775362
0.774232
0.77745
0.783894
0.792265
0.801304
0.810032
0.817855
0.824346
0.828804
0.829805
0.825526
0.814849
0.798387
0.778955
0.760974
0.748931
0.74579
0.75204
0.765912
0.784021
0.802336
0.817201
0.826214
0.828638
0.82515
0.817514
0.808076
0.799182
0.792807
0.790265
0.792071
0.797976
0.806997
0.817405
0.826892
0.832901
0.833255
0.827167
0.815924
0.803101
0.793469
0.790613
0.794979
0.803863
0.81319
0.819446
0.820745
0.816715
0.808275
0.797156
0.785405
0.77492
0.767088
0.762647
0.761622
0.763533
0.767459
0.772288
0.777105
0.781444
0.785477
0.78984
0.795294
0.802309
0.8108
0.820031
0.828806
0.835899
0.84033
0.841621
0.839861
0.835608
0.829664
0.822828
0.815773
0.808932
0.802774
0.797941
0.795346
0.795713
0.798954
0.803992
0.809333
0.813918
0.817339
0.8192
0.818902
0.816032
0.810911
0.804585
0.798276
0.792781
0.788287
0.784444
0.780713
0.776784
0.772889
0.769707
0.768271
0.76947
0.773579
0.780143
0.788096
0.796229
0.803631
0.809865
0.814937
0.818967
0.821855
0.823256
0.822781
0.820571
0.81765
0.815892
0.817281
0.822928
0.832275
0.84317
0.852699
0.858282
0.858394
0.852943
0.843086
0.830871
0.818536
0.807879
0.799762
0.794065
0.790015
0.786812
0.78395
0.781358
0.779426
0.778728
0.779824
0.782623
0.786221
0.788945
0.788848
0.784383
0.775189
0.762388
0.748465
0.7367
0.73026
0.731378
0.740894
0.758101
0.780957
0.806623
0.832069
0.854676
0.87268
0.885231
0.892315
0.894419
0.892215
0.886307
0.877152
0.865255
0.851147
0.835505
0.819093
0.802738
0.787256
0.773369
0.761736
0.752924
0.747388
0.745457
0.747228
0.752494
0.760773
0.771507
0.784197
0.798451
0.813989
0.830433
0.847069
0.862857
0.87654
0.886948
0.893361
0.895717
0.894503
0.890523
0.884559
0.877204
0.868806
0.85931
0.848302
0.835065
0.818912
0.799495
0.777131
0.752968
0.729048
0.707997
0.692699
0.685692
0.688532
0.701471
0.723313
0.751585
0.782911
0.813638
0.840473
0.860985
0.87399
0.879348
0.877513
0.869026
0.854473
0.83481
0.811628
0.787189
0.764145
0.745149
0.732498
0.727847
0.731945
0.744413
0.763543
0.786453
0.80963
0.829628
0.84375
0.850464
0.84957
0.84207
0.829897
0.81541
0.800738
0.78743
0.776621
0.769394
0.766795
0.76929
0.776304
0.786419
0.797937
0.809508
0.820534
0.831235
0.842088
0.853051
0.863249
0.871434
0.876618
0.878342
0.876642
0.871852
0.864426
0.85493
0.844354
0.834063
0.82562
0.820306
0.818843
0.821218
0.826579
0.833212
0.838867
0.841586
0.840318
0.835235
0.827419
0.818538
0.810476
0.80491
0.80278
0.803952
0.807198
0.810728
0.812751
0.811936
0.80756
0.799622
0.788888
0.776835
0.765382
0.756169
0.750074
0.747202
0.747265
0.750041
0.755289
0.762522
0.770773
0.778553
0.784104
0.785902
0.783321
0.777002
0.768768
0.761056
0.7561
0.755243
0.758713
0.765938
0.77601
0.788226
0.802224
0.818011
0.835502
0.854309
0.873257
0.890164
0.902174
0.907108
0.904525
0.895965
0.884222
0.87214
0.861693
0.853674
0.847841
0.843279
0.838695
0.83271
0.824148
0.812448
0.797886
0.781611
0.765467
0.751508
0.741586
0.737109
0.738811
0.746638
0.759536
0.775447
0.791775
0.806138
0.817058
0.824453
0.829407
0.833523
0.837991
0.842801
0.846708
0.847791
0.844159
0.834571
0.818978
0.798798
0.776896
0.757136
0.743468
0.738593
0.742963
0.754628
0.770045
0.785377
0.797645
0.805265
0.808141
0.807582
0.805759
0.804932
0.806616
0.811044
0.817456
0.824625
0.831399
0.836734
0.839756
0.839973
0.837535
0.833288
0.828384
0.823639
0.819099
0.814138
0.807989
0.800369
0.791781
0.78321
0.775532
0.769319
0.765235
0.764558
0.769161
0.780365
0.797691
0.818335
0.838048
0.852533
0.858957
0.856532
0.8464
0.831125
0.813908
0.797762
0.784779
0.77588
0.770902
0.769234
0.770261
0.773509
0.778488
0.784674
0.79156
0.798659
0.805537
0.811583
0.81609
0.818485
0.818619
0.817018
0.814699
0.812623
0.811134
0.809665
0.807056
0.802182
0.794714
0.785581
0.776901
0.771266
0.770757
0.775905
0.78541
0.796869
0.808026
0.817705
0.825783
0.832559
0.838213
0.842482
0.845103
0.84628
0.846526
0.800097
0.800151
0.800605
0.80151
0.80256
0.803412
0.803872
0.803853
0.803335
0.802364
0.801166
0.8003
0.800506
0.802406
0.806079
0.810774
0.814937
0.816732
0.814656
0.808115
0.797728
0.784965
0.771503
0.758686
0.747251
0.737348
0.728799
0.721582
0.716161
0.713483
0.714622
0.720214
0.730124
0.743599
0.759748
0.778004
0.798084
0.819349
0.840346
0.858865
0.872583
0.879836
0.879985
0.873573
0.862007
0.847131
0.830722
0.814361
0.799291
0.786412
0.776309
0.769062
0.764372
0.761751
0.760666
0.76068
0.761319
0.761902
0.761458
0.758838
0.753099
0.743904
0.731795
0.718343
0.705984
0.697344
0.694339
0.6974
0.705329
0.715943
0.727017
0.737081
0.745637
0.752721
0.75855
0.763187
0.766526
0.768379
0.76855
0.767146
0.764768
0.762633
0.762462
0.765858
0.773784
0.786084
0.801528
0.818284
0.834374
0.848072
0.858073
0.863541
0.864059
0.859501
0.850138
0.836715
0.820615
0.80385
0.788715
0.77728
0.770724
0.768901
0.770451
0.773263
0.775124
0.774367
0.770143
0.762629
0.753045
0.743549
0.736647
0.734529
0.738132
0.746769
0.75837
0.770301
0.78033
0.787067
0.790119
0.789825
0.787102
0.783169
0.77932
0.776672
0.775891
0.776938
0.77926
0.781981
0.784304
0.785707
0.785951
0.784923
0.78236
0.777865
0.771018
0.761513
0.749401
0.735238
0.719974
0.704956
0.691764
0.682016
0.677082
0.677858
0.684581
0.69688
0.713825
0.734026
0.755804
0.777416
0.797326
0.814486
0.828505
0.839591
0.848261
0.855087
0.86037
0.864066
0.865849
0.865346
0.862272
0.856569
0.848434
0.838308
0.826789
0.814412
0.801506
0.788343
0.775501
0.764154
0.755821
0.751508
0.75126
0.754068
0.758335
0.762582
0.76566
0.766659
0.764763
0.75931
0.74994
0.737074
0.722034
0.706955
0.694539
0.687492
0.687929
0.696774
0.713282
0.735253
0.759787
0.784216
0.806642
0.826003
0.841811
0.853707
0.861268
0.864024
0.86169
0.854575
0.843854
0.83135
0.818923
0.80786
0.798758
0.791659
0.786313
0.782163
0.778428
0.774464
0.769989
0.765289
0.760967
0.757646
0.75564
0.754968
0.755549
0.757417
0.760606
0.764859
0.769497
0.773484
0.775661
0.774855
0.770226
0.761521
0.749365
0.735504
0.722671
0.713925
0.711688
0.717073
0.72972
0.748207
0.770609
0.794714
0.818248
0.83889
0.854375
0.862801
0.862969
0.854696
0.838953
0.817801
0.794178
0.77135
0.752238
0.738858
0.732041
0.731354
0.7353
0.741712
0.748493
0.754306
0.759004
0.763269
0.768008
0.77366
0.779799
0.785306
0.78876
0.78911
0.786123
0.780457
0.773395
0.766274
0.76017
0.755781
0.753397
0.753162
0.755424
0.76086
0.769953
0.782149
0.795733
0.808468
0.818564
0.825268
0.828733
0.829734
0.829232
0.828027
0.82668
0.825292
0.82351
0.82056
0.815489
0.807534
0.796538
0.783327
0.769625
0.757596
0.749028
0.744784
0.744917
0.749133
0.756949
0.767193
0.777567
0.785475
0.789262
0.788822
0.785329
0.78057
0.776162
0.772979
0.770905
0.769003
0.766203
0.762015
0.756562
0.75048
0.744674
0.74033
0.738952
0.741741
0.748727
0.758575
0.76933
0.779351
0.78782
0.794376
0.798755
0.800591
0.799578
0.795728
0.789439
0.781298
0.772279
0.763734
0.757233
0.7541
0.754832
0.758977
0.765385
0.772682
0.779795
0.786131
0.791505
0.796047
0.799856
0.802816
0.804666
0.805013
0.803526
0.799981
0.794259
0.786601
0.77762
0.768231
0.75955
0.752921
0.749946
0.752214
0.760484
0.773969
0.790145
0.805508
0.816921
0.822569
0.822287
0.817241
0.809245
0.800286
0.792075
0.785623
0.781071
0.777466
0.773129
0.766384
0.75647
0.744069
0.731191
0.720612
0.715121
0.716838
0.726828
0.744828
0.769275
0.797569
0.826397
0.852207
0.871763
0.882678
0.883798
0.875458
0.859403
0.838515
0.816271
0.795881
0.779238
0.766543
0.756516
0.747226
0.737065
0.725619
0.714237
0.705729
0.703459
0.709677
0.724262
0.744534
0.766345
0.785607
0.799411
0.806482
0.807039
0.802365
0.794388
0.78523
0.77684
0.770711
0.767762
0.76841
0.772649
0.780123
0.790214
0.802054
0.814515
0.826302
0.835964
0.842028
0.843298
0.839066
0.829314
0.814767
0.796858
0.777557
0.759272
0.74466
0.736073
0.734895
0.740891
0.75218
0.765966
0.77943
0.79041
0.797705
0.801117
0.801149
0.798582
0.79413
0.788387
0.781859
0.775216
0.769227
0.764625
0.761935
0.761424
0.763031
0.766315
0.770615
0.775085
0.779041
0.782078
0.784222
0.785754
0.787001
0.788252
0.789633
0.791201
0.792968
0.794819
0.796221
0.796272
0.794031
0.789121
0.78228
0.775415
0.771006
0.770974
0.775779
0.784559
0.795754
0.807646
0.818615
0.827213
0.83252
0.834309
0.833035
0.829221
0.823138
0.81469
0.803685
0.79021
0.774775
0.758357
0.742221
0.727598
0.715632
0.707274
0.703374
0.704479
0.710617
0.721212
0.735372
0.752202
0.770869
0.790337
0.809277
0.825998
0.838696
0.845792
0.84636
0.840552
0.829679
0.816085
0.802653
0.792006
0.785886
0.784667
0.787532
0.792955
0.799117
0.804194
0.806523
0.804806
0.798417
0.787685
0.77423
0.760775
0.750698
0.746877
0.750716
0.761645
0.777482
0.795266
0.812003
0.825122
0.832775
0.834028
0.828875
0.818041
0.802959
0.785221
0.766467
0.747955
0.730226
0.713247
0.697079
0.682576
0.671598
0.666451
0.669043
0.680077
0.698551
0.722086
0.747624
0.772294
0.794006
0.811784
0.82553
0.835665
0.842635
0.846417
0.846511
0.842226
0.833113
0.819398
0.802026
0.782415
0.762254
0.743565
0.728892
0.721066
0.722372
0.733203
0.751348
0.772337
0.790942
0.802706
0.804975
0.797344
0.781586
0.761048
0.739947
0.722103
0.709896
0.703918
0.703384
0.707251
0.715212
0.727901
0.746171
0.769932
0.797223
0.824364
0.847115
0.862023
0.867205
0.86243
0.848876
0.828856
0.805534
0.782478
0.763225
0.750825
0.747366
0.75349
0.768152
0.788765
0.811874
0.833986
0.852224
0.864509
0.869603
0.867033
0.857212
0.841598
0.822762
0.804007
0.788425
0.77773
0.771622
0.76801
0.764149
0.75789
0.748449
0.736717
0.724905
0.715859
0.712104
0.714819
0.72324
0.734979
0.747189
0.757712
0.76564
0.77125
0.775505
0.779341
0.783054
0.786021
0.786898
0.784129
0.776981
0.76672
0.756943
0.752444
0.756396
0.768234
0.784317
0.800609
0.814442
0.824831
0.831677
0.835076
0.834955
0.831098
0.82338
0.81209
0.798163
0.78344
0.770444
0.761817
0.759668
0.764817
0.776487
0.792514
0.809851
0.825275
0.835934
0.839843
0.836161
0.825265
0.808849
0.789626
0.770694
0.754728
0.743241
0.7363
0.733038
0.732142
0.732616
0.734077
0.736763
0.741142
0.747463
0.755413
0.764101
0.772252
0.778752
0.783251
0.786223
0.788533
0.790966
0.793837
0.796993
0.800135
0.802955
0.805234
0.806831
0.80766
0.807611
0.80649
0.804145
0.800511
0.795713
0.790021
0.783807
0.777411
0.771079
0.765181
0.760704
0.759677
0.764739
0.777231
0.795942
0.8176
0.838587
0.856237
0.869052
0.876391
0.87822
0.874819
0.866499
0.853596
0.836334
0.815031
0.790607
0.764872
0.740462
0.719996
0.705226
0.696598
0.693459
0.694536
0.698482
0.704019
0.710193
0.716523
0.723042
0.730237
0.738705
0.748889
0.760862
0.774239
0.788291
0.80208
0.814596
0.824813
0.83177
0.834582
0.832591
0.825403
0.813078
0.796221
0.776116
0.754575
0.73381
0.716123
0.703481
0.697117
0.697296
0.703447
0.714717
0.730395
0.749944
0.772762
0.798081
0.824693
0.851009
0.875085
0.89483
0.908465
0.914863
0.913682
0.9055
0.891504
0.87334
0.852783
0.831451
0.810635
0.791394
0.774647
0.761347
0.752396
0.748273
0.748462
0.751196
0.753851
0.753657
0.748474
0.737293
0.720493
0.699871
0.678255
0.658903
0.644858
0.638169
0.639486
0.648039
0.662026
0.679125
0.697051
0.714047
0.729258
0.742896
0.756092
0.770369
0.78679
0.805315
0.824627
0.842406
0.856095
0.863422
0.862827
0.853848
0.837124
0.81429
0.787936
0.761195
0.737315
0.719319
0.709734
0.710155
0.720785
0.740307
0.76591
0.793905
0.820394
0.841927
0.855965
0.861275
0.858006
0.847367
0.831109
0.81117
0.789347
0.76743
0.747411
0.731507
0.721828
0.719963
0.726465
0.740479
0.759709
0.780978
0.800942
0.816872
0.827064
0.830962
0.829059
0.822683
0.813662
0.804031
0.795702
0.790109
0.787934
0.789048
0.792718
0.797956
0.803652
0.808784
0.81245
0.814073
0.813523
0.811215
0.807859
0.80411
0.800224
0.796165
0.792221
0.789483
0.789159
0.791094
0.793382
0.793743
0.790998
0.785311
0.777321
0.767425
0.75575
0.742542
0.728652
0.715716
0.705794
0.700813
0.701966
0.709262
0.721653
0.737319
0.754221
0.770615
0.785488
0.79859
0.810108
0.820372
0.829483
0.837167
0.842662
0.844839
0.842272
0.833833
0.819217
0.799568
0.777502
0.756572
0.740319
0.731282
0.730397
0.736795
0.748196
0.761614
0.774229
0.784056
0.790218
0.792918
0.793191
0.792588
0.792877
0.795413
0.800545
0.807395
0.814158
0.818763
0.819638
0.816193
0.809096
0.800019
0.791236
0.784862
0.78213
0.782872
0.785783
0.789012
0.791254
0.792328
0.793188
0.795068
0.798259
0.801401
0.80216
0.798529
0.789758
0.776785
0.762153
0.749361
0.742032
0.742752
0.752156
0.768586
0.78872
0.808707
0.825065
0.835349
0.838311
0.833984
0.823323
0.807626
0.788046
0.765445
0.740782
0.715578
0.692179
0.673398
0.661828
0.659227
0.666128
0.681942
0.705261
0.734158
0.766326
0.799427
0.831328
0.860244
0.884669
0.903446
0.915554
0.920138
0.916788
0.905776
0.888295
0.86641
0.842667
0.819593
0.799148
0.782298
0.769046
0.75884
0.750955
0.744701
0.739435
0.734575
0.729505
0.723658
0.716786
0.709194
0.701766
0.696177
0.694576
0.698979
0.71036
0.728095
0.750049
0.773626
0.796776
0.818256
0.836952
0.851308
