-6.36253
-6.3548
-6.34106
-6.31926
-6.28677
-6.24207
-6.1862
-6.11507
-6.02672
-5.92019
-5.79419
-5.65059
-5.49911
-5.34912
-5.21276
-5.10069
-5.02094
-4.97484
-4.95865
-4.96533
-4.99001
-5.02126
-5.05554
-5.08806
-5.11466
-5.13417
-5.14641
-5.15243
-5.15632
-5.15886
-5.15985
-5.16124
-5.16173
-5.1587
-5.15082
-5.13596
-5.11359
-5.08578
-5.05466
-5.02526
-5.00097
-4.98093
-4.96796
-4.96116
-4.95919
-4.962
-4.97014
-4.98309
-4.99963
-5.01751
-5.03419
-5.04663
-5.05341
-5.05424
-5.04915
-5.03759
-5.02479
-5.0117
-5.00241
-4.99691
-4.99574
-4.99776
-5.00223
-5.00822
-5.01556
-5.02337
-5.02952
-5.033
-5.03467
-5.03343
-5.03093
-5.02981
-5.03206
-5.03855
-5.04907
-5.06113
-5.07147
-5.0782
-5.08297
-5.08656
-5.08829
-5.08795
-5.09009
-5.08876
-5.08511
-5.08054
-5.07569
-5.07204
-5.07216
-5.07295
-5.0762
-5.08027
-5.08497
-5.08989
-5.09357
-5.09352
-5.09097
-5.08402
-5.07473
-5.06112
-5.0443
-5.02451
-5.00217
-4.97902
-4.95518
-4.93325
-4.91593
-4.90558
-4.90496
-4.9147
-4.93312
-4.95817
-4.98729
-5.01479
-5.03662
-5.05278
-5.06188
-5.06466
-5.06017
-5.05181
-5.04251
-5.03202
-5.02525
-5.01962
-5.01491
-5.01028
-5.00554
-5.0022
-5.00169
-5.00579
-5.01674
-5.032
-5.04982
-5.0706
-5.09274
-5.11463
-5.13095
-5.14339
-5.15005
-5.15243
-5.15142
-5.15007
-5.15042
-5.15181
-5.15298
-5.1513
-5.14581
-5.13668
-5.12742
-5.11902
-5.11612
-5.11669
-5.12178
-5.12688
-5.1277
-5.12497
-5.11505
-5.09939
-5.07875
-5.05746
-5.04098
-5.03244
-5.03655
-5.05009
-5.06451
-5.07447
-5.07928
-5.08131
-5.08387
-5.08947
-5.09866
-5.10977
-5.12163
-5.13447
-5.14582
-5.15732
-5.16837
-5.17991
-5.18654
-5.18741
-5.17759
-5.16051
-5.13891
-5.11689
-5.1004
-5.09503
-5.09961
-5.11143
-5.12445
-5.13763
-5.14656
-5.15278
-5.1565
-5.156
-5.15038
-5.14025
-5.124
-5.10196
-5.0754
-5.04747
-5.01883
-4.99079
-4.96611
-4.94755
-4.93515
-4.93153
-4.93616
-4.94733
-4.96575
-4.99085
-5.02299
-5.05846
-5.09571
-5.13178
-5.16332
-5.18993
-5.20852
-5.21823
-5.22129
-5.21641
-5.20681
-5.19206
-5.17531
-5.15898
-5.13992
-5.12196
-5.10527
-5.09178
-5.08215
-5.07699
-5.07816
-5.08325
-5.09532
-5.11182
-5.13034
-5.14938
-5.16715
-5.17989
-5.18762
-5.18948
-5.18587
-5.17842
-5.1669
-5.15422
-5.1427
-5.13746
-5.1384
-5.14613
-5.16097
-5.17698
-5.19539
-5.20994
-5.21992
-5.22655
-5.22604
-5.21668
-5.20034
-5.18225
-5.1636
-5.14511
-5.12802
-5.11054
-5.09246
-5.07435
-5.05718
-5.04252
-5.03124
-5.023
-5.01907
-5.01834
-5.02071
-5.02419
-5.0269
-5.02752
-5.02383
-5.01469
-5.00182
-4.98511
-4.96961
-4.95736
-4.95357
-4.96167
-4.98185
-5.01043
-5.04431
-5.07568
-5.10118
-5.11423
-5.11446
-5.10554
-5.09051
-5.07415
-5.05895
-5.05176
-5.05244
-5.0619
-5.07742
-5.09244
-5.10685
-5.11846
-5.12577
-5.12883
-5.12593
-5.11811
-5.1063
-5.09218
-5.07747
-5.06435
-5.05141
-5.03994
-5.02978
-5.02526
-5.02931
-5.0446
-5.06729
-5.09429
-5.11839
-5.13543
-5.14345
-5.1405
-5.12915
-5.11187
-5.09327
-5.07694
-5.06725
-5.06515
-5.07053
-5.0801
-5.08986
-5.09622
-5.09605
-5.0858
-5.0681
-5.04442
-5.01743
-4.99248
-4.97307
-4.96155
-4.95796
-4.96364
-4.97494
-4.99287
-5.01389
-5.03608
-5.05368
-5.06711
-5.07034
-5.066
-5.05473
-5.04116
-5.03082
-5.02782
-5.03307
-5.04364
-5.05468
-5.06157
-5.06621
-5.0693
-5.0718
-5.07648
-5.08423
-5.09412
-5.10493
-5.11418
-5.12048
-5.1264
-5.12843
-5.12982
-5.12929
-5.12755
-5.12543
-5.12429
-5.12449
-5.12705
-5.13032
-5.13422
-5.13689
-5.13781
-5.13741
-5.13547
-5.13167
-5.12814
-5.12437
-5.12307
-5.12146
-5.12006
-5.11747
-5.11443
-5.11127
-5.10515
-5.09718
-5.09093
-5.0851
-5.07963
-5.07761
-5.07821
-5.07864
-5.07824
-5.07689
-5.07313
-5.0731
-5.0774
-5.08449
-5.09494
-5.1047
-5.11318
-5.11886
-5.12343
-5.12568
-5.12576
-5.12727
-5.13151
-5.13839
-5.14769
-5.15802
-5.16876
-5.17853
-5.1845
-5.18613
-5.1824
-5.17243
-5.15907
-5.14116
-5.12258
-5.10357
-5.08851
-5.07814
-5.07263
-5.07182
-5.075
-5.08173
-5.09014
-5.09627
-5.10069
-5.1014
-5.10025
-5.09878
-5.0976
-5.09911
-5.10302
-5.10761
-5.11102
-5.11165
-5.10533
-5.09061
-5.0697
-5.04583
-5.02714
-5.01683
-5.01905
-5.03179
-5.0518
-5.07623
-5.10425
-5.13396
-5.16424
-5.19431
-5.22259
-5.24613
-5.26459
-5.27536
-5.27953
-5.2774
-5.26794
-5.25157
-5.22869
-5.19933
-5.16711
-5.13419
-5.10265
-5.07664
-5.05792
-5.04724
-5.04165
-5.04174
-5.04721
-5.05794
-5.07467
-5.09914
-5.12405
-5.14748
-5.16321
-5.16745
-5.16221
-5.14837
-5.13661
-5.13172
-5.13831
-5.15301
-5.17225
-5.19062
-5.20349
-5.20688
-5.20034
-5.18643
-5.16761
-5.14638
-5.12581
-5.10879
-5.09986
-5.09797
-5.10332
-5.11203
-5.12274
-5.13103
-5.13528
-5.13508
-5.12968
-5.11852
-5.10153
-5.08043
-5.05564
-5.03318
-5.01858
-5.01562
-5.02716
-5.04966
-5.07858
-5.11346
-5.14688
-5.17864
-5.20542
-5.22717
-5.24478
-5.26021
-5.27325
-5.28391
-5.29082
-5.29065
-5.2821
-5.26606
-5.24319
-5.21492
-5.18295
-5.14782
-5.11284
-5.08126
-5.05361
-5.03282
-5.01911
-5.01303
-5.01402
-5.01773
-5.02403
-5.03065
-5.03843
-5.04909
-5.06266
-5.07936
-5.09373
-5.10572
-5.112
-5.11056
-5.10108
-5.08467
-5.06503
-5.0425
-5.02387
-5.00802
-4.99395
-4.98151
-4.96946
-4.95861
-4.95301
-4.95454
-4.96601
-4.98641
-5.01122
-5.04145
-5.07036
-5.09572
-5.11402
-5.12537
-5.12772
-5.12187
-5.11005
-5.0953
-5.08125
-5.07099
-5.06594
-5.06327
-5.06071
-5.05764
-5.05108
-5.04127
-5.02822
-5.01274
-4.99526
-4.97549
-4.95708
-4.94168
-4.93362
-4.9379
-4.9531
-4.97454
-4.99726
-5.01777
-5.03576
-5.04972
-5.06202
-5.07475
-5.08865
-5.10187
-5.11348
-5.12231
-5.12644
-5.12662
-5.12521
-5.12199
-5.1168
-5.11079
-5.10368
-5.09721
-5.08683
-5.07504
-5.06248
-5.05095
-5.04327
-5.0414
-5.04645
-5.05808
-5.07452
-5.08953
-5.10052
-5.1052
-5.0995
-5.0805
-5.05237
-5.01721
-4.98196
-4.9529
-4.93375
-4.92293
-4.91927
-4.9215
-4.92675
-4.93606
-4.95018
-4.9684
-4.99083
-5.01654
-5.04408
-5.0703
-5.09465
-5.11504
-5.12864
-5.13401
-5.13009
-5.11567
-5.09318
-5.06551
-5.04051
-5.02334
-5.0189
-5.02769
-5.0478
-5.07666
-5.10896
-5.14169
-5.16774
-5.18563
-5.19315
-5.19092
-5.17973
-5.16143
-5.14043
-5.1219
-5.11022
-5.10563
-5.10942
-5.11823
-5.12767
-5.13681
-5.14209
-5.14495
-5.14839
-5.15333
-5.15865
-5.16044
-5.15696
-5.14586
-5.12493
-5.09823
-5.06876
-5.04425
-5.02635
-5.01992
-5.02501
-5.03875
-5.05989
-5.08239
-5.10228
-5.11762
-5.12455
-5.12382
-5.11574
-5.10185
-5.08526
-5.07105
-5.06228
-5.06214
-5.06883
-5.08379
-5.10528
-5.12753
-5.14938
-5.16725
-5.1809
-5.18665
-5.18489
-5.17455
-5.15562
-5.13118
-5.10148
-5.07008
-5.03796
-5.00864
-4.9831
-4.9658
-4.95679
-4.95619
-4.9593
-4.96545
-4.97151
-4.97753
-4.98253
-4.98869
-4.99682
-5.01003
-5.02112
-5.03172
-5.03823
-5.04227
-5.05085
-5.06488
-5.08492
-5.10997
-5.13282
-5.14898
-5.15415
-5.14746
-5.12901
-5.10133
-5.07001
-5.04167
-5.02306
-5.02022
-5.0332
-5.05735
-5.08744
-5.11869
-5.14926
-5.17323
-5.19133
-5.20517
-5.21476
-5.22151
-5.22605
-5.22892
-5.22632
-5.21788
-5.20151
-5.17717
-5.14525
-5.10608
-5.06099
-5.01347
-4.96904
-4.93453
-4.90987
-4.89895
-4.89815
-4.90271
-4.90983
-4.91856
-4.92706
-4.93651
-4.94878
-4.9651
-4.98739
-5.0161
-5.04904
-5.08542
-5.11993
-5.14968
-5.17292
-5.18717
-5.19195
-5.18984
-5.17969
-5.16137
-5.13869
-5.11307
-5.0894
-5.06778
-5.05135
-5.03629
-5.02263
-5.00924
-4.99619
-4.98824
-4.98217
-4.98104
-4.98371
-4.98926
-4.99584
-5.00058
-5.00467
-5.00581
-5.00474
-5.00338
-5.00707
-5.0175
-5.03576
-5.05884
-5.08366
-5.10651
-5.12391
-5.13654
-5.14606
-5.15187
-5.15615
-5.15802
-5.15868
-5.15952
-5.15983
-5.16018
-5.16248
-5.1656
-5.16985
-5.17351
-5.17654
-5.17736
-5.17623
-5.17402
-5.16988
-5.16699
-5.16597
-5.16766
-5.17036
-5.17428
-5.1785
-5.18155
-5.18277
-5.17967
-5.1713
-5.15775
-5.14041
-5.12115
-5.10222
-5.08361
-5.06634
-5.04868
-5.02923
-5.0122
-5.00294
-5.00747
-5.02307
-5.04566
-5.06752
-5.08779
-5.10368
-5.11785
-5.12953
-5.13798
-5.14131
-5.1413
-5.13716
-5.12726
-5.11374
-5.09613
-5.07435
-5.05121
-5.02966
-5.01429
-5.00796
-5.01115
-5.02206
-5.0346
-5.04442
-5.04576
-5.03906
-5.02577
-5.00777
-4.98984
-4.97543
-4.96588
-4.96176
-4.96354
-4.97388
-4.99333
-5.02194
-5.05641
-5.09421
-5.13223
-5.16606
-5.19376
-5.21282
-5.2222
-5.22602
-5.22292
-5.21099
-5.19379
-5.16973
-5.14008
-5.10645
-5.07386
-5.04379
-5.02069
-5.00275
-4.99135
-4.98711
-4.99082
-4.99746
-5.00853
-5.01933
-5.03211
-5.04345
-5.05545
-5.0669
-5.07802
-5.08893
-5.10009
-5.11122
-5.11996
-5.12698
-5.12737
-5.12235
-5.11239
-5.102
-5.09595
-5.09786
-5.10656
-5.12088
-5.13617
-5.14557
-5.14642
-5.13832
-5.12389
-5.10632
-5.08652
-5.06628
-5.0486
-5.03779
-5.0369
-5.04768
-5.06902
-5.09893
-5.12844
-5.14994
-5.16296
-5.16597
-5.15814
-5.14066
-5.11748
-5.08931
-5.05664
-5.02254
-4.9869
-4.9513
-4.92079
-4.89758
-4.88153
-4.8726
-4.87144
-4.87521
-4.88603
-4.90057
-4.91816
-4.93501
-4.95156
-4.96573
-4.98132
-4.99666
-5.01285
-5.02754
-5.04233
-5.05561
-5.06933
-5.08082
-5.08874
-5.09036
-5.08382
-5.06813
-5.04661
-5.02358
-5.00732
-5.00143
-5.00657
-5.02073
-5.03932
-5.05572
-5.06865
-5.07685
-5.0851
-5.09316
-5.10339
-5.113
-5.12116
-5.12377
-5.10897
-5.06703
-5.00394
-4.92205
-4.83452
-4.75297
-4.68812
-4.64709
-4.62434
-4.61824
-4.61552
-4.61168
-4.60132
-4.58689
-4.5692
-4.55392
-4.54787
-4.5531
-4.56625
-4.58029
-4.58998
-4.5924
-4.58686
-4.5808
-4.5811
-4.59102
-4.60836
-4.62696
-4.63952
-4.64267
-4.63353
-4.61343
-4.58586
-4.55515
-4.5255
-4.50259
-4.48414
-4.4713
-4.46269
-4.45908
-4.46329
-4.4765
-4.49598
-4.52399
-4.55834
-4.59139
-4.61898
-4.64051
-4.65559
-4.6654
-4.67166
-4.67452
-4.67608
-4.67842
-4.68246
-4.68739
-4.68715
-4.67721
-4.65692
-4.62737
-4.59378
-4.56296
-4.54191
-4.53115
-4.5311
-4.53697
-4.54349
-4.54326
-4.53047
-4.50619
-4.4698
-4.42858
-4.39141
-4.36115
-4.34957
-4.36032
-4.39377
-4.44109
-4.48618
-4.52101
-4.54161
-4.55241
-4.55842
-4.56723
-4.5813
-4.60497
-4.63633
-4.67202
-4.70479
-4.72511
-4.7283
-4.71337
-4.68336
-4.64302
-4.59812
-4.55913
-4.53383
-4.52818
-4.54359
-4.57832
-4.6292
-4.69163
-4.75927
-4.82689
-4.88605
-4.93086
-4.95843
-4.96888
-4.96137
-4.94156
-4.91294
-4.87908
-4.84412
-4.8093
-4.77445
-4.73958
-4.70793
-4.68303
-4.66921
-4.66701
-4.67599
-4.68923
-4.70405
-4.71126
-4.70612
-4.68771
-4.65844
-4.62129
-4.58007
-4.54235
-4.51156
-4.48848
-4.47384
-4.4655
-4.46251
-4.46689
-4.48101
-4.5045
-4.53686
-4.57426
-4.61408
-4.65266
-4.68687
-4.71709
-4.74282
-4.76097
-4.77221
-4.7745
-4.768
-4.75366
-4.73746
-4.72619
-4.71925
-4.71528
-4.70792
-4.69355
-4.66932
-4.63617
-4.60128
-4.57279
-4.55545
-4.54852
-4.55512
-4.5718
-4.59619
-4.62283
-4.64416
-4.65743
-4.66145
-4.65523
-4.64375
-4.6292
-4.617
-4.60324
-4.58654
-4.5603
-4.52478
-4.47952
-4.43266
-4.39628
-4.37921
-4.38711
-4.41599
-4.45856
-4.50795
-4.55414
-4.59272
-4.61865
-4.63062
-4.62662
-4.61114
-4.58604
-4.55616
-4.52693
-4.49837
-4.47075
-4.44679
-4.43111
-4.42776
-4.43884
-4.46328
-4.49651
-4.53185
-4.56148
-4.58123
-4.58758
-4.58357
-4.57333
-4.56072
-4.5511
-4.54626
-4.54556
-4.54581
-4.54192
-4.53446
-4.52476
-4.51666
-4.51793
-4.5306
-4.55931
-4.5972
-4.63668
-4.66922
-4.69091
-4.69907
-4.6981
-4.69451
-4.69577
-4.70385
-4.71876
-4.73716
-4.75615
-4.77097
-4.77819
-4.77601
-4.76624
-4.74808
-4.72517
-4.69861
-4.67114
-4.64481
-4.62008
-4.59463
-4.56455
-4.52905
-4.49422
-4.47158
-4.4712
-4.49918
-4.55181
-4.62048
-4.69249
-4.75753
-4.80923
-4.84201
-4.85568
-4.84978
-4.82623
-4.78696
-4.73494
-4.67769
-4.62049
-4.57515
-4.54285
-4.52447
-4.5155
-4.51288
-4.51533
-4.525
-4.54326
-4.5695
-4.59815
-4.62541
-4.64907
-4.66589
-4.67743
-4.68617
-4.69381
-4.70156
-4.70991
-4.71942
-4.73031
-4.74319
-4.75671
-4.77076
-4.78523
-4.79815
-4.80873
-4.81414
-4.81361
-4.80712
-4.79474
-4.77568
-4.74926
-4.71063
-4.65879
-4.59797
-4.53222
-4.47065
-4.42472
-4.40392
-4.41255
-4.4443
-4.48997
-4.53453
-4.56462
-4.57618
-4.5703
-4.55632
-4.54183
-4.53141
-4.52639
-4.52641
-4.53039
-4.5333
-4.53577
-4.53532
-4.53766
-4.54562
-4.56553
-4.59587
-4.62942
-4.65634
-4.67754
-4.68988
-4.69807
-4.70691
-4.7196
-4.73747
-4.75673
-4.7751
-4.78637
-4.78986
-4.78227
-4.76513
-4.74033
-4.71173
-4.68306
-4.65676
-4.63547
-4.6174
-4.59997
-4.58312
-4.56436
-4.54834
-4.53818
-4.53537
-4.54062
-4.55306
-4.56725
-4.57886
-4.58463
-4.58576
-4.58464
-4.58345
-4.58273
-4.58123
-4.58041
-4.58297
-4.59461
-4.61429
-4.63664
-4.65813
-4.67476
-4.6816
-4.6762
-4.66127
-4.63862
-4.61333
-4.59057
-4.57258
-4.5585
-4.54861
-4.54269
-4.54181
-4.54514
-4.55199
-4.56274
-4.57365
-4.5841
-4.59401
-4.60234
-4.60907
-4.61481
-4.62126
-4.62669
-4.63316
-4.64132
-4.65449
-4.67306
-4.68979
-4.70236
-4.70257
-4.69032
-4.66914
-4.64334
-4.61752
-4.59514
-4.57855
-4.57232
-4.57714
-4.59523
-4.61802
-4.64149
-4.66138
-4.67495
-4.6829
-4.68793
-4.69174
-4.69628
-4.70198
-4.71343
-4.7267
-4.73887
-4.74935
-4.75593
-4.75839
-4.75448
-4.74431
-4.73023
-4.71398
-4.69627
-4.67943
-4.66151
-4.64796
-4.64424
-4.65007
-4.6606
-4.67503
-4.68869
-4.70406
-4.72051
-4.73417
-4.73789
-4.72486
-4.69482
-4.65601
-4.61916
-4.59678
-4.5894
-4.59085
-4.59516
-4.5965
-4.59629
-4.59611
-4.59436
-4.59465
-4.59113
-4.58312
-4.56954
-4.55347
-4.53763
-4.51961
-4.50053
-4.48203
-4.46824
-4.46755
-4.47902
-4.50162
-4.52882
-4.5574
-4.58138
-4.60117
-4.61382
-4.61957
-4.61921
-4.6158
-4.61487
-4.61646
-4.62588
-4.6412
-4.66194
-4.68223
-4.70059
-4.71343
-4.71485
-4.70858
-4.69436
-4.67708
-4.66284
-4.65466
-4.65182
-4.65202
-4.64662
-4.62799
-4.59804
-4.55767
-4.51186
-4.46727
-4.43408
-4.42999
-4.45895
-4.50073
-4.53043
-4.53813
-4.52997
-4.52106
-4.52935
-4.55465
-4.58321
-4.60252
-4.60635
-4.59957
-4.58832
-4.57954
-4.5732
-4.57217
-4.57593
-4.5877
-4.61149
-4.64893
-4.6957
-4.74126
-4.77352
-4.7858
-4.77294
-4.73573
-4.68225
-4.61846
-4.55398
-4.49937
-4.46102
-4.44407
-4.44587
-4.46119
-4.47866
-4.49058
-4.49225
-4.48791
-4.48041
-4.47882
-4.48826
-4.50522
-4.52475
-4.54162
-4.55134
-4.55344
-4.54951
-4.54329
-4.54282
-4.54841
-4.55691
-4.56259
-4.56256
-4.55874
-4.5482
-4.53306
-4.51353
-4.49496
-4.48663
-4.49876
-4.53289
-4.57764
-4.61763
-4.6419
-4.64691
-4.64076
-4.63318
-4.63013
-4.6379
-4.65605
-4.67975
-4.70351
-4.71852
-4.72087
-4.70742
-4.68438
-4.66024
-4.64477
-4.64177
-4.65086
-4.66026
-4.66038
-4.64638
-4.62552
-4.6049
-4.5839
-4.56857
-4.55831
-4.55608
-4.55938
-4.56657
-4.57539
-4.58589
-4.59952
-4.61526
-4.63002
-4.64281
-4.64953
-4.64985
-4.6411
-4.62085
-4.59064
-4.55208
-4.51034
-4.47286
-4.44585
-4.43502
-4.44725
-4.47622
-4.51598
-4.55805
-4.59321
-4.61852
-4.63543
-4.64978
-4.6671
-4.6904
-4.71206
-4.72374
-4.7172
-4.69571
-4.66374
-4.63241
-4.61019
-4.5974
-4.59263
-4.59291
-4.59263
-4.5929
-4.5911
-4.59206
-4.59171
-4.58734
-4.57746
-4.56321
-4.54912
-4.53872
-4.53173
-4.5279
-4.52169
-4.5124
-4.49785
-4.47941
-4.46236
-4.4509
-4.44975
-4.46268
-4.48513
-4.51325
-4.54195
-4.56647
-4.58795
-4.60301
-4.61036
-4.6126
-4.61565
-4.62497
-4.64426
-4.67116
-4.69805
-4.72092
-4.73468
-4.74149
-4.74386
-4.74292
-4.73731
-4.72872
-4.71708
-4.69879
-4.67531
-4.6441
-4.60526
-4.56027
-4.51173
-4.46921
-4.44554
-4.44735
-4.47558
-4.51993
-4.56857
-4.60989
-4.64243
-4.66525
-4.68103
-4.69137
-4.69645
-4.70007
-4.7012
-4.70069
-4.69774
-4.69113
-4.68534
-4.68406
-4.68881
-4.69521
-4.70325
-4.71334
-4.72281
-4.73305
-4.74445
-4.75471
-4.76625
-4.77889
-4.79189
-4.79945
-4.79864
-4.78635
-4.76174
-4.73094
-4.69404
-4.6517
-4.60417
-4.54839
-4.48941
-4.43277
-4.38812
-4.36571
-4.36655
-4.38153
-4.40761
-4.43771
-4.47023
-4.49953
-4.52676
-4.55162
-4.57375
-4.59403
-4.61598
-4.63811
-4.65756
-4.67025
-4.67291
-4.66373
-4.64468
-4.62519
-4.61278
-4.61712
-4.63969
-4.6737
-4.71162
-4.74386
-4.76653
-4.77693
-4.78024
-4.77865
-4.77312
-4.76687
-4.76246
-4.76078
-4.76329
-4.76748
-4.7654
-4.74741
-4.7098
-4.66131
-4.61988
-4.59593
-4.58794
-4.5852
-4.58273
-4.5723
-4.55329
-4.5262
-4.4974
-4.47633
-4.47275
-4.48431
-4.50325
-4.52515
-4.54592
-4.56552
-4.59181
-4.63518
-4.69139
-4.73777
-4.75612
-4.74157
-4.70042
-4.64309
-4.58556
-4.53712
-4.50055
-4.47417
-4.45358
-4.43476
-4.4211
-4.41319
-4.41082
-4.41788
-4.43719
-4.4697
-4.50705
-4.54311
-4.57059
-4.5856
-4.58952
-4.58456
-4.57253
-4.55534
-4.53439
-4.513
-4.50103
-4.50583
-4.5288
-4.56519
-4.60498
-4.64401
-4.67549
-4.70013
-4.71587
-4.72357
-4.725
-4.72308
-4.7242
-4.72847
-4.73341
-4.73665
-4.73679
-4.72919
-4.71469
-4.69331
-4.66931
-4.64774
-4.63305
-4.62573
-4.62542
-4.63095
-4.63824
-4.64456
-4.64635
-4.6407
-4.62729
-4.60635
-4.57724
-4.54207
-4.50325
-4.47032
-4.45551
-4.46246
-4.48807
-4.51971
-4.54988
-4.5799
-4.60911
-4.64018
-4.67228
-4.70058
-4.72316
-4.73104
-4.72265
-4.69443
-4.65292
-4.61023
-4.57384
-4.54813
-4.53612
-4.53829
-4.55289
-4.57295
-4.58732
-4.58699
-4.57118
-4.54985
-4.53116
-4.51848
-4.50124
-4.47977
-4.45868
-4.44955
-4.45793
-4.48455
-4.52076
-4.56267
-4.60585
-4.64853
-4.68987
-4.72901
-4.76706
-4.80173
-4.82886
-4.8445
-4.84543
-4.83155
-4.80569
-4.76898
-4.72481
-4.67347
-4.61682
-4.56284
-4.52377
-4.50739
-4.52038
-4.55091
-4.58314
-4.60539
-4.61068
-4.60145
-4.58299
-4.56179
-4.54419
-4.53257
-4.52573
-4.52413
-4.52939
-4.54184
-4.56361
-4.59682
-4.63463
-4.66898
-4.69503
-4.71662
-4.738
-4.76555
-4.80042
-4.8379
-4.87038
-4.89148
-4.89631
-4.88336
-4.852
-4.80622
-4.75415
-4.69978
-4.65536
-4.63024
-4.62483
-4.63481
-4.64891
-4.65456
-4.64489
-4.62279
-4.60107
-4.58637
-4.5762
-4.56691
-4.55357
-4.54346
-4.5422
-4.55062
-4.56971
-4.5986
-4.63364
-4.66603
-4.69298
-4.71159
-4.71981
-4.71795
-4.70913
-4.69436
-4.67751
-4.6641
-4.65316
-4.64702
-4.64678
-4.65411
-4.66567
-4.67641
-4.68201
-4.68132
-4.67062
-4.65461
-4.63515
-4.61456
-4.59568
-4.58148
-4.57498
-4.57551
-4.5849
-4.59927
-4.61135
-4.62056
-4.627
-4.63707
-4.65702
-4.68824
-4.7216
-4.7447
-4.75312
-4.74724
-4.73223
-4.71134
-4.68776
-4.66407
-4.63822
-4.60587
-4.56836
-4.52606
-4.48808
-4.46377
-4.463
-4.48693
-4.53081
-4.58727
-4.64428
-4.69146
-4.72344
-4.73875
-4.7398
-4.73112
-4.71917
-4.70953
-4.70358
-4.69908
-4.69328
-4.68693
-4.68337
-4.68103
-4.68192
-4.68677
-4.69415
-4.69569
-4.68526
-4.65485
-4.60936
-4.55525
-4.50174
-4.45165
-4.40312
-4.35667
-4.32058
-4.30563
-4.3187
-4.3561
-4.40563
-4.45343
-4.48612
-4.50001
-4.49828
-4.48383
-4.4683
-4.4553
-4.44739
-4.44198
-4.43312
-4.413
-4.37682
-4.32689
-4.27259
-4.22502
-4.19641
-4.19402
-4.2214
-4.27429
-4.34211
-4.4112
-4.46753
-4.50055
-4.50516
-4.48858
-4.45972
-4.42902
-4.40399
-4.38681
-4.38153
-4.3916
-4.41792
-4.4567
-4.49994
-4.53837
-4.56001
-4.56309
-4.54943
-4.52779
-4.50555
-4.49098
-4.4839
-4.48673
-4.49699
-4.51388
-4.53366
-4.54734
-4.55014
-4.53801
-4.51864
-4.50035
-4.49382
-4.50159
-4.51659
-4.53222
-4.54156
-4.53892
-4.52415
-4.50343
-4.48037
-4.45167
-4.41601
-4.3694
-4.31829
-4.2759
-4.25305
-4.25685
-4.28472
-4.3348
-4.39682
-4.4549
-4.49861
-4.5191
-4.51942
-4.5076
-4.49171
-4.47685
-4.46018
-4.43735
-4.40763
-4.3782
-4.35927
-4.35749
-4.37504
-4.40494
-4.44196
-4.48066
-4.51424
-4.54084
-4.55729
-4.56109
-4.55795
-4.54966
-4.5406
-4.53453
-4.52925
-4.52641
-4.5222
-4.51833
-4.51816
-4.52441
-4.54198
-4.56774
-4.59775
-4.62657
-4.64806
-4.6595
-4.66202
-4.65913
-4.65317
-4.64779
-4.63859
-4.62478
-4.60886
-4.59005
-4.57017
-4.54778
-4.52067
-4.49239
-4.46613
-4.44797
-4.44488
-4.4542
-4.47411
-4.50295
-4.53396
-4.56452
-4.59073
-4.60967
-4.6168
-4.61385
-4.60418
-4.59382
-4.59085
-4.5922
-4.5953
-4.59338
-4.58557
-4.56974
-4.54636
-4.51538
-4.48123
-4.44432
-4.4038
-4.36433
-4.32839
-4.29331
-4.26549
-4.25331
-4.26
-4.28769
-4.32896
-4.3723
-4.4097
-4.43391
-4.44998
-4.45996
-4.46571
-4.46753
-4.46189
-4.44418
-4.4168
-4.38556
-4.35452
-4.33237
-4.31946
-4.31913
-4.3301
-4.34272
-4.34973
-4.34736
-4.33695
-4.32837
-4.3296
-4.34139
-4.36251
-4.38589
-4.40755
-4.42427
-4.43544
-4.43974
-4.43746
-4.43105
-4.42767
-4.4297
-4.44412
-4.46735
-4.49808
-4.52868
-4.55209
-4.56562
-4.57167
-4.5722
-4.56913
-4.56526
-4.56325
-4.56502
-4.56871
-4.5718
-4.56887
-4.55629
-4.52991
-4.48933
-4.43972
-4.39332
-4.35388
-4.32356
-4.2985
-4.28021
-4.2732
-4.28575
-4.32135
-4.37052
-4.42354
-4.46904
-4.50298
-4.52483
-4.53418
-4.52619
-4.49984
-4.45353
-4.39571
-4.35321
-4.35368
-4.3969
-4.45806
-4.50689
-4.52929
-4.52178
-4.48901
-4.44266
-4.39981
-4.37382
-4.36911
-4.37779
-4.38514
-4.38462
-4.3752
-4.363
-4.35962
-4.36831
-4.39085
-4.41881
-4.44576
-4.46295
-4.4632
-4.44767
-4.42393
-4.40375
-4.39435
-4.40138
-4.42109
-4.4527
-4.4921
-4.53179
-4.56216
-4.57423
-4.56556
-4.53643
-4.49455
-4.44416
-4.39632
-4.35862
-4.33812
-4.33993
-4.35818
-4.38796
-4.41887
-4.44418
-4.45898
-4.46042
-4.44437
-4.41208
-4.37066
-4.33514
-4.32183
-4.33945
-4.38551
-4.44491
-4.50101
-4.54482
-4.57524
-4.5946
-4.60684
-4.61414
-4.61712
-4.61753
-4.61597
-4.61059
-4.6013
-4.59127
-4.58002
-4.57496
-4.57062
-4.57162
-4.57333
-4.5704
-4.55865
-4.53768
-4.50948
-4.48219
-4.46658
-4.46651
-4.4796
-4.50011
-4.51768
-4.52773
-4.52752
-4.51803
-4.50423
-4.49062
-4.47645
-4.46417
-4.45471
-4.45564
-4.46798
-4.48983
-4.51766
-4.5436
-4.56268
-4.56738
-4.55741
-4.54266
-4.53843
-4.55103
-4.56842
-4.58267
-4.58919
-4.58924
-4.58219
-4.56354
-4.52823
-4.47363
-4.40404
-4.33103
-4.27903
-4.25949
-4.27386
-4.30179
-4.3291
-4.34925
-4.36167
-4.37035
-4.37849
-4.38908
-4.40302
-4.41714
-4.42907
-4.43458
-4.43645
-4.43695
-4.43743
-4.4385
-4.43744
-4.4358
-4.42955
-4.42132
-4.41488
-4.41384
-4.41996
-4.43285
-4.44881
-4.46854
-4.48488
-4.49694
-4.50176
-4.50392
-4.50587
-4.51526
-4.53449
-4.56246
-4.59363
-4.61966
-4.63697
-4.64096
-4.63151
-4.61097
-4.58218
-4.54869
-4.51527
-4.48882
-4.47186
-4.46507
-4.46627
-4.47405
-4.48363
-4.49415
-4.50462
-4.51285
-4.52232
-4.53472
-4.55024
-4.56788
-4.58649
-4.60055
-4.61142
-4.61904
-4.62961
-4.64509
-4.66464
-4.68368
-4.69481
-4.69507
-4.67942
-4.65024
-4.61279
-4.57517
-4.54802
-4.54056
-4.55327
-4.58209
-4.61583
-4.64851
-4.67135
-4.68244
-4.6754
-4.65188
-4.61259
-4.55909
-4.49385
-4.42321
-4.35041
-4.28304
-4.22315
-4.17483
-4.1404
-4.12301
-4.12379
-4.14386
-4.18517
-4.24357
-4.31947
-4.40258
-4.48122
-4.54021
-4.56983
-4.56758
-4.53249
-4.47592
-4.41647
-4.37444
-4.36082
-4.37577
-4.40766
-4.44868
-4.4923
-4.53265
-4.5672
-4.59508
-4.61804
-4.63306
-4.63658
-4.6243
-4.59935
-4.56407
-4.52625
-4.49734
-4.48224
-4.48289
-4.49383
-4.51262
-4.53531
-4.55706
-4.57686
-4.58992
-4.59781
-4.59785
-4.58968
-4.5759
-4.55704
-4.53342
-4.50617
-4.47601
-4.44865
-4.42315
-4.401
-4.38784
-4.38825
-4.40736
-4.43777
-4.47193
-4.50216
-4.52234
-4.53457
-4.53817
-4.53748
-4.52835
-4.51574
-4.50824
-4.51015
-4.5188
-4.52693
-4.53315
-4.52918
-4.51977
-4.51397
-4.52401
-4.55278
-4.58602
-4.60402
-4.59901
-4.57275
-4.53751
-4.50742
-4.49458
-4.50727
-4.54341
-4.58426
-4.611
-4.61298
-4.59059
-4.54831
-4.49686
-4.44743
-4.40596
-4.37751
-4.36374
-4.36806
-4.38785
-4.41725
-4.44533
-4.4648
-4.4751
-4.47725
-4.47074
-4.45733
-4.43638
-4.42185
-4.42078
-4.43211
-4.44289
-4.45273
-4.46316
-4.47385
-4.48004
-4.48127
-4.47668
-4.46929
-4.46025
-4.44882
-4.43961
-4.43439
-4.43652
-4.4471
-4.46213
-4.4774
-4.48824
-4.48931
-4.48178
-4.46786
-4.45244
-4.44216
-4.43947
-4.43965
-4.43392
-4.41911
-4.39781
-4.37747
-4.36947
-4.37747
-4.40136
-4.43415
-4.46679
-4.49638
-4.52133
-4.54172
-4.55753
-4.56665
-4.56977
-4.55933
-4.53288
-4.49489
-4.45362
-4.42237
-4.41402
-4.4264
-4.45423
-4.48453
-4.50678
-4.51242
-4.49601
-4.4593
-4.41358
-4.37229
-4.34827
-4.3434
-4.35087
-4.35839
-4.36072
-4.362
-4.37164
-4.39318
-4.42157
-4.44632
-4.46109
-4.46847
-4.47264
-4.4754
-4.48452
-4.50123
-4.52572
-4.55244
-4.57983
-4.60454
-4.6276
-4.64621
-4.65945
-4.66329
-4.66361
-4.66316
-4.66203
-4.65794
-4.64876
-4.63319
-4.60941
-4.57836
-4.54109
-4.49841
-4.45239
-4.40655
-4.36531
-4.33654
-4.32249
-4.3198
-4.32104
-4.31775
-4.30401
-4.28095
-4.25206
-4.22562
-4.21085
-4.21503
-4.23764
-4.28166
-4.34198
-4.41223
-4.48491
-4.54826
-4.5905
-4.60614
-4.5944
-4.56175
-4.51619
-4.47474
-4.44582
-4.43185
-4.42543
-4.42128
-4.41884
-4.4183
-4.41782
-4.41975
-4.42549
-4.43797
-4.4578
-4.48046
-4.49878
-4.51417
-4.53073
-4.54945
-4.57155
-4.59728
-4.62269
-4.64325
-4.65845
-4.66814
-4.66928
-4.66902
-4.66335
-4.65893
-4.65796
-4.66444
-4.676
-4.68778
-4.69458
-4.68665
-4.66305
-4.63064
-4.59512
-4.56531
-4.54189
-4.52202
-4.50437
-4.48295
-4.45661
-4.42788
-4.39702
-4.36682
-4.34113
-4.32262
-4.3145
-4.31559
-4.32304
-4.3294
-4.33507
-4.3447
-4.36907
-4.4151
-4.4761
-4.54002
-4.58742
-4.61315
-4.61894
-4.60887
-4.59133
-4.57095
-4.54566
-4.51297
-4.47563
-4.43989
-4.41574
-4.40632
-4.40738
-4.40692
-4.40046
-4.38492
-4.36341
-4.34091
-4.3183
-4.29701
-4.28283
-4.28325
-4.30289
-4.34103
-4.3937
-4.45096
-4.50832
-4.55832
-4.59178
-4.60747
-4.60221
-4.58275
-4.55447
-4.52612
-4.50324
-4.49213
-4.49828
-4.5209
-4.55816
-4.60689
-4.66165
-4.71655
-4.76151
-4.78824
-4.79151
-4.77448
-4.74117
-4.69921
-4.65528
-4.61546
-4.58679
-4.57095
-4.56591
-4.56461
-4.55688
-4.53025
-4.48734
-4.44194
-4.41283
-4.40441
-4.40784
-4.41459
-4.42166
-4.42468
-4.41751
-4.39648
-4.36606
-4.33864
-4.32566
-4.33804
-4.36984
-4.40933
-4.44364
-4.45925
-4.45513
-4.43437
-4.41201
-4.40616
-4.43244
-4.49393
-4.57459
-4.652
-4.7114
-4.74616
-4.7568
-4.74043
-4.69672
-4.62662
-4.53804
-4.44937
-4.38942
-4.38217
-4.42356
-4.48725
-4.55091
-4.60137
-4.63662
-4.65733
-4.66644
-4.66755
-4.66308
-4.65431
-4.64679
-4.63399
-4.61712
-4.59575
-4.56626
-4.53023
-4.48999
-4.45623
-4.43406
-4.42751
-4.43456
-4.45138
-4.47419
-4.50092
-4.53014
-4.55429
-4.5719
-4.57754
-4.57018
-4.55456
-4.53836
-4.5287
-4.52862
-4.53705
-4.54991
-4.56152
-4.56938
-4.57111
-4.57014
-4.56736
-4.56692
-4.56833
-4.57105
-4.57357
-4.57672
-4.58411
-4.5941
-4.6109
-4.63188
-4.65181
-4.66772
-4.67448
-4.67283
-4.66654
-4.65867
-4.6484
-4.63352
-4.61109
-4.58065
-4.54973
-4.52586
-4.51219
-4.50804
-4.50506
-4.4907
-4.45857
-4.40994
-4.36106
-4.33592
-4.34863
-4.38318
-4.41291
-4.42754
-4.42624
-4.42313
-4.43052
-4.4499
-4.47873
-4.51074
-4.53571
-4.55345
-4.5637
-4.56581
-4.56431
-4.55985
-4.55482
-4.55142
-4.54757
-4.54383
-4.54118
-4.53914
-4.53786
-4.53343
-4.52661
-4.52096
-4.52241
-4.5291
-4.52805
-4.51519
-4.49157
-4.46997
-4.46288
-4.47474
-4.50242
-4.53657
-4.56878
-4.59305
-4.60507
-4.6066
-4.59859
-4.58823
-4.57968
-4.57137
-4.56236
-4.55372
-4.54356
-4.53437
-4.52784
-4.52658
-4.53055
-4.53991
-4.55291
-4.56878
-4.58304
-4.59671
-4.61074
-4.62534
-4.63593
-4.64498
-4.64946
-4.64717
-4.63989
-4.62822
-4.61504
-4.60468
-4.59743
-4.59486
-4.59117
-4.58239
-4.56401
-4.53548
-4.49929
-4.45852
-4.41818
-4.38526
-4.36555
-4.36553
-4.38825
-4.43239
-4.49309
-4.55798
-4.61086
-4.64794
-4.66478
-4.66288
-4.64899
-4.62368
-4.5949
-4.56659
-4.54511
-4.53401
-4.53111
-4.52957
-4.52293
-4.50661
-4.47127
-4.42436
-4.37729
-4.34563
-4.33478
-4.34137
-4.35167
-4.36112
-4.36709
-4.37322
-4.38728
-4.41999
-4.46626
-4.51904
-4.56363
-4.59577
-4.61385
-4.62085
-4.6185
-4.60969
-4.59446
-4.56775
-4.53194
-4.48489
-4.43276
-4.38038
-4.33768
-4.31415
-4.31415
-4.33051
-4.35586
-4.38318
-4.40617
-4.42367
-4.43825
-4.44844
-4.45807
-4.46498
-4.46218
-4.44898
-4.42869
-4.412
-4.4029
-4.40347
-4.40894
-4.41481
-4.42153
-4.42507
-4.42993
-4.43329
-4.43662
-4.43417
-4.42295
-4.40417
-4.38049
-4.35801
-4.33401
-4.31318
-4.30364
-4.3103
-4.34358
-4.40087
-4.47226
-4.54011
-4.59053
-4.61676
-4.61837
-4.59611
-4.55123
-4.48873
-4.4195
-4.35398
-4.30769
-4.28818
-4.2915
-4.3087
-4.32688
-4.34295
-4.35856
-4.37281
-4.38288
-4.38408
-4.37296
-4.34723
-4.31327
-4.28459
-4.27959
-4.29981
-4.32273
-4.33165
-4.31833
-4.28554
-4.24193
-4.20061
-4.17449
-4.16783
-4.18363
-4.20519
-4.22225
-4.23188
-4.236
-4.24254
-4.25573
-4.27338
-4.29215
-4.30904
-4.3212
-4.32475
-4.31878
-4.30479
-4.28013
-4.25129
-4.22596
-4.21753
-4.22918
-4.25706
-4.29188
-4.32464
-4.34855
-4.36686
-4.38028
-4.39399
-4.40915
-4.42522
-4.44099
-4.45419
-4.46633
-4.48227
-4.50236
-4.5238
-4.53485
-4.5266
-4.49709
-4.45461
-4.40837
-4.36785
-4.34052
-4.33223
-4.34271
-4.36821
-4.39428
-4.4108
-4.41721
-4.41679
-4.4179
-4.42383
-4.43636
-4.45264
-4.46017
-4.4497
-4.41063
-4.33963
-4.25073
-4.17273
-4.12779
-4.11427
-4.1283
-4.15716
-4.19038
-4.21939
-4.24272
-4.25887
-4.27286
-4.28698
-4.29906
-4.3004
-4.28581
-4.25655
-4.21677
-4.17835
-4.15359
-4.15713
-4.1935
-4.24815
-4.3042
-4.34889
-4.37626
-4.38459
-4.37329
-4.34199
-4.29771
-4.24929
-4.20166
-4.1611
-4.12978
-4.11252
-4.10619
-4.10991
-4.12163
-4.14394
-4.17602
-4.21504
-4.25695
-4.29981
-4.34146
-4.37931
-4.4081
-4.41895
-4.40976
-4.38454
-4.35732
-4.34709
-4.36282
-4.40106
-4.44806
-4.49428
-4.53176
-4.55552
-4.56415
-4.55776
-4.537
-4.51041
-4.48301
-4.46321
-4.45074
-4.44363
-4.44075
-4.437
-4.43078
-4.41601
-4.39785
-4.38063
-4.36844
-4.3625
-4.35618
-4.34644
-4.33272
-4.31842
-4.31275
-4.32195
-4.34768
-4.38394
-4.42362
-4.45801
-4.47945
-4.48124
-4.45504
-4.40145
-4.33422
-4.27532
-4.24287
-4.2438
-4.27187
-4.30757
-4.33023
-4.33617
-4.33037
-4.33037
-4.34424
-4.3708
-4.39826
-4.41979
-4.4368
-4.45166
-4.46364
-4.46982
-4.46718
-4.45063
-4.41831
-4.37553
-4.32192
-4.26306
-4.20695
-4.16997
-4.16735
-4.20056
-4.25409
-4.31968
-4.388
-4.4546
-4.51105
-4.5547
-4.58128
-4.58594
-4.57115
-4.53828
-4.49235
-4.43608
-4.37335
-4.30699
-4.24294
-4.19874
-4.19126
-4.22644
-4.28858
-4.35347
-4.40146
-4.4247
-4.41859
-4.38336
-4.32886
-4.26581
-4.20514
-4.15943
-4.13589
-4.13566
-4.15255
-4.18011
-4.21029
-4.23674
-4.2565
-4.26991
-4.28035
-4.28772
-4.29308
-4.29381
-4.28799
-4.2778
-4.27253
-4.27432
-4.28489
-4.3005
-4.31778
-4.33568
-4.3527
-4.36601
-4.37663
-4.3889
-4.40304
-4.41984
-4.43781
-4.45115
-4.46015
-4.46916
-4.48516
-4.50753
-4.52926
-4.54563
-4.55476
-4.56046
-4.56196
-4.55829
-4.54785
-4.52401
-4.48404
-4.42987
-4.3641
-4.29929
-4.24845
-4.22368
-4.22831
-4.24859
-4.26928
-4.28306
-4.29096
-4.30181
-4.31922
-4.34563
-4.38202
-4.42317
-4.46782
-4.51332
-4.55908
-4.60175
-4.6311
-4.6406
-4.62919
-4.5957
-4.54767
-4.49031
-4.43562
-4.39251
-4.3686
-4.36654
-4.38048
-4.39685
-4.40962
-4.41076
-4.39908
-4.37666
-4.34735
-4.30796
-4.26089
-4.21161
-4.17422
-4.16459
-4.18531
-4.22701
-4.27305
-4.30983
-4.33203
-4.33828
-4.33529
-4.33406
-4.34155
-4.35572
-4.37307
-4.38407
-4.38566
-4.37509
-4.35622
-4.3334
-4.30864
-4.28807
-4.27439
-4.27576
-4.29112
-4.32057
-4.35879
-4.39568
-4.42642
-4.44429
-4.45003
-4.44242
-4.42558
-4.4015
-4.37622
-4.35472
-4.33404
-4.31215
-4.29047
-4.27263
-4.26493
-4.26725
-4.27556
-4.28435
-4.29096
-4.30004
-4.3136
-4.33311
-4.35804
-4.38322
-4.40068
-4.40746
-4.40297
-4.3839
-4.35399
-4.32013
-4.29198
-4.27904
-4.28727
-4.31438
-4.35077
-4.38948
-4.42836
-4.46424
-4.50032
-4.53609
-4.57465
-4.61232
-4.64421
-4.66371
-4.66765
-4.65358
-4.62604
-4.60051
-4.58981
-4.59735
-4.61995
-4.64836
-4.67547
-4.69544
-4.70501
-4.70131
-4.68465
-4.65561
-4.613
-4.56184
-4.51044
-4.46391
-4.43153
-4.41509
-4.41102
-4.41761
-4.42573
-4.43496
-4.43789
-4.43033
-4.41287
-4.39033
-4.37063
-4.36286
-4.36743
-4.38188
-4.39642
-4.40548
-4.4029
-4.3966
-4.39392
-4.39979
-4.41243
-4.42439
-4.43301
-4.43717
-4.43396
-4.42546
-4.40733
-4.38227
-4.35445
-4.32864
-4.30596
-4.28882
-4.27636
-4.26742
-4.25693
-4.24187
-4.22724
-4.22081
-4.22516
-4.24371
-4.27312
-4.30894
-4.34693
-4.38266
-4.41313
-4.43786
-4.45271
-4.45382
-4.44144
-4.41909
-4.39464
-4.37845
-4.37506
-4.38413
-4.39485
-4.40121
-4.39578
-4.37837
-4.34951
-4.3109
-4.27245
-4.24349
-4.23647
-4.25299
-4.28749
-4.32847
-4.36591
-4.39532
-4.42064
-4.43664
-4.4444
-4.44736
-4.4466
-4.44381
-4.43645
-4.41906
-4.39164
-4.35656
-4.32277
-4.28966
-4.26196
-4.24074
-4.22697
-4.22642
-4.24445
-4.2725
-4.29598
-4.31302
-4.32775
-4.34486
-4.37045
-4.40975
-4.46068
-4.51319
-4.55314
-4.56792
-4.55231
-4.50829
-4.4449
-4.3837
-4.34657
-4.34089
-4.35512
-4.37422
-4.388
-4.40009
-4.41438
-4.43412
-4.46194
-4.49544
-4.53399
-4.57463
-4.60923
-4.63186
-4.64271
-4.65057
-4.66702
-4.6889
-4.70503
-4.7042
-4.68599
-4.65195
-4.61336
-4.57471
-4.53709
-4.5016
-4.47114
-4.44388
-4.4181
-4.39272
-4.3656
-4.33623
-4.30939
-4.2884
-4.27011
-4.25037
-4.2349
-4.23634
-4.27188
-4.33974
-4.41144
-4.46772
-4.50631
-4.53591
-4.56087
-4.57774
-4.58443
-4.57942
-4.5633
-4.5382
-4.5062
-4.46817
-4.42797
-4.40213
-4.39692
-4.40462
-4.4132
-4.4168
-4.41856
-4.42902
-4.45349
-4.48818
-4.51481
-4.52354
-4.5122
-4.4864
-4.44513
-4.38747
-4.31746
-4.24325
-4.18275
-4.14934
-4.15041
-4.1829
-4.23412
-4.28975
-4.33791
-4.37302
-4.39476
-4.40001
-4.38223
-4.34374
-4.28439
-4.21485
-4.15715
-4.13775
-4.1636
-4.21568
-4.27006
-4.31348
-4.33896
-4.34497
-4.33105
-4.30574
-4.28023
-4.26766
-4.27738
-4.3082
-4.35395
-4.39858
-4.43343
-4.44757
-4.43539
-4.40248
-4.35809
-4.31362
-4.27535
-4.24843
-4.23586
-4.23663
-4.25018
-4.27213
-4.30419
-4.34878
-4.40025
-4.44937
-4.48451
-4.50258
-4.50041
-4.48316
-4.45548
-4.42117
-4.38334
-4.3515
-4.33392
-4.33804
-4.35918
-4.38856
-4.41967
-4.44537
-4.46578
-4.48134
-4.49088
-4.48952
-4.47427
-4.44307
-4.40027
-4.35087
-4.30264
-4.25927
-4.22429
-4.19974
-4.18737
-4.1874
-4.19268
-4.19661
-4.20294
-4.21447
-4.23607
-4.26858
-4.30607
-4.34434
-4.37941
-4.40457
-4.41515
-4.40372
-4.37271
-4.33346
-4.30907
-4.30465
-4.30912
-4.30805
-4.29496
-4.2792
-4.26773
-4.26626
-4.27187
-4.28076
-4.29196
-4.30476
-4.32446
-4.34325
-4.35967
-4.37255
-4.37868
-4.38228
-4.38362
-4.38329
-4.37888
-4.36326
-4.33307
-4.2908
-4.24542
-4.21117
-4.19889
-4.2124
-4.24548
-4.28796
-4.32779
-4.35284
-4.36207
-4.36153
-4.36039
-4.36777
-4.38609
-4.41095
-4.43239
-4.44717
-4.45352
-4.45596
-4.4594
-4.46467
-4.47153
-4.47429
-4.46764
-4.44927
-4.4185
-4.38419
-4.35564
-4.34103
-4.34208
-4.35696
-4.3771
-4.39566
-4.40625
-4.40461
-4.39268
-4.3768
-4.36685
-4.37409
-4.39739
-4.43091
-4.46799
-4.49571
-4.51147
-4.5106
-4.49853
-4.47792
-4.45249
-4.42081
-4.3831
-4.34061
-4.29805
-4.25816
-4.2268
-4.20821
-4.21114
-4.23479
-4.27083
-4.30834
-4.3369
-4.35595
-4.36708
-4.36941
-4.36776
-4.36901
-4.37621
-4.39719
-4.43179
-4.47752
-4.52931
-4.57822
-4.61582
-4.6333
-4.63125
-4.61234
-4.58482
-4.55941
-4.54094
-4.52672
-4.51536
-4.50592
-4.50245
-4.50349
-4.51455
-4.53461
-4.56291
-4.58925
-4.60428
-4.60008
-4.57915
-4.54794
-4.52033
-4.50182
-4.49454
-4.49318
-4.48724
-4.47386
-4.45465
-4.43782
-4.43261
-4.44614
-4.47115
-4.49538
-4.5163
-4.52865
-4.53288
-4.52896
-4.51842
-4.5009
-4.48206
-4.46738
-4.45876
-4.45387
-4.44692
-4.43303
-4.41135
-4.38241
-4.35335
-4.32652
-4.30233
-4.27775
-4.25502
-4.24197
-4.24313
-4.25168
-4.26078
-4.26416
-4.26242
-4.25557
-4.24586
-4.2352
-4.22393
-4.21662
-4.21568
-4.23002
-4.26341
-4.31651
-4.37579
-4.42698
-4.46553
-4.48777
-4.49879
-4.50078
-4.50056
-4.50397
-4.51631
-4.53585
-4.55629
-4.56289
-4.55045
-4.51958
-4.47689
-4.43062
-4.39163
-4.3693
-4.36667
-4.38017
-4.39831
-4.41086
-4.41786
-4.4219
-4.42628
-4.43354
-4.44458
-4.45675
-4.46492
-4.46365
-4.45532
-4.4431
-4.43524
-4.4398
-4.45508
-4.48009
-4.51149
-4.5441
-4.57171
-4.59267
-4.60344
-4.60373
-4.59261
-4.56979
-4.53411
-4.49174
-4.45163
-4.42338
-4.40746
-4.40192
-4.40387
-4.41508
-4.43651
-4.46206
-4.48427
-4.49438
-4.48715
-4.46309
-4.42848
-4.39923
-4.38341
-4.38499
-4.40115
-4.42308
-4.44001
-4.44084
-4.42137
-4.39144
-4.36946
-4.36684
-4.38093
-4.39919
-4.41341
-4.4257
-4.44153
-4.46061
-4.47941
-4.48973
-4.4833
-4.45672
-4.40641
-4.34492
-4.29578
-4.28201
-4.30064
-4.33605
-4.37307
-4.40185
-4.42615
-4.44016
-4.44214
-4.42826
-4.39643
-4.35334
-4.31232
-4.28501
-4.2771
-4.28958
-4.31591
-4.34352
-4.36139
-4.36278
-4.34504
-4.31507
-4.28043
-4.25341
-4.23554
-4.22487
-4.21388
-4.20363
-4.19653
-4.19802
-4.21389
-4.24164
-4.27935
-4.31534
-4.35159
-4.38864
-4.42569
-4.46274
-4.49816
-4.52614
-4.54913
-4.56633
-4.58216
-4.6031
-4.62821
-4.66062
-4.69194
-4.71597
-4.72433
-4.71284
-4.67631
-4.62049
-4.54945
-4.47571
-4.41172
-4.36853
-4.35226
-4.35942
-4.37902
-4.39744
-4.40517
-4.39585
-4.37139
-4.33065
-4.28
-4.22652
-4.17376
-4.12874
-4.0926
-4.0664
-4.04639
-4.03656
-4.03948
-4.06219
-4.10742
-4.16728
-4.23619
-4.29998
-4.35081
-4.3807
-4.39982
-4.41851
-4.43954
-4.44725
-4.42894
-4.38345
-4.32679
-4.27917
-4.25105
-4.23838
-4.23585
-4.23483
-4.23367
-4.23822
-4.24513
-4.25758
-4.26914
-4.27883
-4.28575
-4.29027
-4.28864
-4.27358
-4.24248
-4.19501
-4.14139
-4.09498
-4.06568
-4.05954
-4.07639
-4.11923
-4.18749
-4.27342
-4.36866
-4.45512
-4.52141
-4.55499
-4.55335
-4.51861
-4.45823
-4.38503
-4.31723
-4.26188
-4.22408
-4.20085
-4.18916
-4.183
-4.17979
-4.18036
-4.19641
-4.23144
-4.28453
-4.33614
-4.37061
-4.38226
-4.37305
-4.34829
-4.31085
-4.26644
-4.22415
-4.19413
-4.1863
-4.19825
-4.22143
-4.24399
-4.25869
-4.26655
-4.27193
-4.27751
-4.28528
-4.2982
-4.31515
-4.33475
-4.35129
-4.36361
-4.36633
-4.36116
-4.35334
-4.34057
-4.33109
-4.33601
-4.36031
-4.40097
-4.44424
-4.47594
-4.48923
-4.48228
-4.46501
-4.44876
-4.44775
-4.46414
-4.49135
-4.51689
-4.53326
-4.53659
-4.52799
-4.50685
-4.47347
-4.4308
-4.38476
-4.34685
-4.32819
-4.33082
-4.35198
-4.38342
-4.41785
-4.44937
-4.47294
-4.48598
-4.4888
-4.48974
-4.49465
-4.50617
-4.52256
-4.53699
-4.54915
-4.55751
-4.56018
-4.56008
-4.55047
-4.52714
-4.49066
-4.44442
-4.39293
-4.3478
-4.32356
-4.32844
-4.35842
-4.39717
-4.43248
-4.45687
-4.47006
-4.47127
-4.46072
-4.43967
-4.4096
-4.36943
-4.3227
-4.27752
-4.23842
-4.20463
-4.1784
-4.1654
-4.16981
-4.19585
-4.2335
-4.2681
-4.29235
-4.30364
-4.30427
-4.29803
-4.28567
-4.2706
-4.25633
-4.24295
-4.22915
-4.21099
-4.18521
-4.15596
-4.12766
-4.10735
-4.09824
-4.09378
-4.09629
-4.10316
-4.11697
-4.13602
-4.15924
-4.18789
-4.21797
-4.24587
-4.26833
-4.28376
-4.2925
-4.30227
-4.31789
-4.34267
-4.37539
-4.41056
-4.43958
-4.45872
-4.46681
-4.46895
-4.47015
-4.46737
-4.46346
-4.46037
-4.45938
-4.46414
-4.47584
-4.48582
-4.48502
-4.46493
-4.42673
-4.37889
-4.33159
-4.29575
-4.27814
-4.27549
-4.27298
-4.25768
-4.22901
-4.20896
-4.21975
-4.26699
-4.3272
-4.37076
-4.38019
-4.35866
-4.32193
-4.28964
-4.27781
-4.29856
-4.35058
-4.42842
-4.51647
-4.5982
-4.66235
-4.70355
-4.71459
-4.69757
-4.65229
-4.58265
-4.49478
-4.40123
-4.31384
-4.24489
-4.20406
-4.19134
-4.20117
-4.22108
-4.23741
-4.23628
-4.2179
-4.19017
-4.16634
-4.15945
-4.17251
-4.20035
-4.23637
-4.27438
-4.31176
-4.34923
-4.38803
-4.42405
-4.44994
-4.46039
-4.45211
-4.42759
-4.39169
-4.35141
-4.3117
-4.27681
-4.24954
-4.23666
-4.23854
-4.24442
-4.24127
-4.22752
-4.2192
-4.22127
-4.23047
-4.24018
-4.25034
-4.26877
-4.29492
-4.31154
-4.29638
-4.24844
-4.18557
-4.1331
-4.11411
-4.13073
-4.16562
-4.20045
-4.22696
-4.24526
-4.25739
-4.26996
-4.2848
-4.29894
-4.31124
-4.32393
-4.33745
-4.35604
-4.38054
-4.41059
-4.43799
-4.45864
-4.46948
-4.46583
-4.44974
-4.4212
-4.38462
-4.34834
-4.32107
-4.31208
-4.31232
-4.31149
-4.30001
-4.27635
-4.24994
-4.23569
-4.23945
-4.25095
-4.25863
-4.25362
-4.24155
-4.23068
-4.23494
-4.26268
-4.31915
-4.40053
-4.48577
-4.55407
-4.59849
-4.62197
-4.62827
-4.62236
-4.60669
-4.58586
-4.56152
-4.53692
-4.50985
-4.48048
-4.44285
-4.39371
-4.33996
-4.28956
-4.26022
-4.26391
-4.29427
-4.32839
-4.34677
-4.34569
-4.33037
-4.3097
-4.29478
-4.29172
-4.29686
-4.30562
-4.31214
-4.3142
-4.31727
-4.33143
-4.36193
-4.401
-4.43532
-4.45736
-4.46804
-4.47026
-4.4683
-4.46551
-4.46416
-4.46227
-4.45649
-4.44541
-4.43356
-4.42731
-4.42824
-4.43124
-4.43207
-4.42037
-4.39421
-4.3536
-4.30469
-4.25588
-4.2242
-4.21663
-4.23218
-4.26187
-4.29605
-4.3266
-4.34766
-4.35394
-4.3456
-4.32476
-4.29973
-4.27401
-4.24577
-4.21927
-4.21016
-4.23588
-4.29089
-4.35666
-4.4049
-4.42207
-4.39799
-4.33707
-4.25147
-4.16168
-4.08864
-4.04614
-4.03414
-4.04518
-4.07023
-4.09678
-4.1199
-4.14201
-4.16818
-4.20095
-4.23983
-4.28502
-4.32641
-4.35692
-4.37691
-4.38538
-4.38558
-4.38337
-4.37664
-4.3648
-4.34499
-4.32166
-4.30137
-4.29549
-4.30846
-4.33637
-4.37032
-4.39941
-4.41751
-4.42203
-4.4204
-4.41125
-4.40045
-4.38385
-4.36804
-4.35889
-4.36029
-4.36964
-4.38491
-4.40282
-4.42437
-4.45955
-4.51482
-4.58186
-4.64682
-4.68713
-4.69541
-4.67015
-4.6148
-4.53671
-4.44513
-4.3502
-4.26895
-4.22152
-4.21002
-4.22539
-4.24779
-4.25802
-4.24724
-4.22446
-4.20787
-4.20564
-4.22089
-4.2479
-4.27826
-4.30585
-4.32651
-4.33786
-4.34004
-4.33614
-4.3351
-4.34186
-4.36277
-4.38815
-4.40351
-4.39732
-4.37061
-4.32758
-4.27369
-4.2201
-4.18039
-4.16092
-4.15147
-4.13764
-4.13101
-4.14402
-4.18156
-4.22625
-4.26056
-4.27375
-4.25832
-4.22102
-4.18105
-4.1656
-4.17754
-4.2019
-4.23042
-4.25965
-4.28624
-4.30808
-4.31754
-4.31268
-4.29508
-4.276
-4.26756
-4.27083
-4.27976
-4.29222
-4.31535
-4.34898
-4.39307
-4.43582
-4.47094
-4.49004
-4.49373
-4.48727
-4.48014
-4.47642
-4.47591
-4.47179
-4.45475
-4.41996
-4.36484
-4.29227
-4.21231
-4.139
-4.09131
-4.07741
-4.09341
-4.12371
-4.15682
-4.18777
-4.21233
-4.2333
-4.25357
-4.27452
-4.29537
-4.31478
-4.32978
-4.33652
-4.33558
-4.32458
-4.30369
-4.27376
-4.24174
-4.22021
-4.21981
-4.24184
-4.27655
-4.3124
-4.3395
-4.34967
-4.33733
-4.30125
-4.25717
-4.23742
-4.26139
-4.31635
-4.3771
-4.42941
-4.47203
-4.50001
-4.516
-4.52139
-4.51837
-4.50598
-4.48417
-4.4538
-4.41877
-4.39347
-4.38007
-4.37597
-4.37489
-4.36842
-4.34963
-4.31781
-4.28095
-4.24774
-4.22866
-4.2242
-4.22973
-4.23669
-4.23772
-4.23306
-4.22561
-4.21769
-4.21378
-4.22275
-4.24434
-4.2681
-4.28186
-4.28251
-4.27793
-4.28003
-4.30012
-4.3352
-4.37937
-4.42139
-4.45359
-4.46869
-4.46589
-4.44629
-4.4172
-4.38989
-4.37211
-4.37219
-4.39058
-4.41918
-4.44857
-4.47104
-4.48437
-4.48992
-4.48983
-4.4843
-4.47305
-4.44998
-4.41745
-4.38317
-4.35822
-4.35163
-4.36495
-4.38653
-4.4095
-4.42852
-4.44743
-4.46734
-4.48467
-4.49629
-4.49892
-4.48461
-4.45251
-4.40245
-4.33793
-4.27075
-4.21959
-4.19698
-4.19758
-4.21053
-4.22557
-4.24401
-4.26405
-4.2873
-4.30899
-4.32069
-4.31881
-4.30095
-4.27244
-4.23883
-4.20985
-4.19066
-4.19524
-4.22702
-4.28507
-4.35712
-4.42953
-4.48854
-4.52743
-4.5495
-4.56249
-4.57626
-4.59677
-4.61449
-4.60934
-4.56753
-4.48691
-4.38292
-4.28138
-4.20862
-4.17076
-4.15765
-4.15666
-4.15557
-4.14764
-4.13298
-4.11348
-4.09271
-4.07795
-4.07192
-4.07516
-4.08649
-4.10777
-4.14413
-4.19752
-4.26203
-4.32748
-4.38036
-4.41224
-4.41534
-4.38481
-4.33038
-4.26682
-4.21916
-4.2038
-4.22098
-4.26083
-4.31043
-4.3604
-4.40543
-4.43792
-4.45565
-4.46227
-4.46324
-4.46462
-4.46705
-4.46843
-4.45634
-4.42147
-4.36529
-4.29777
-4.23398
-4.19145
-4.1857
-4.20717
-4.23713
-4.25777
-4.26003
-4.24755
-4.24198
-4.26309
-4.32053
-4.40479
-4.49987
-4.58393
-4.63615
-4.64396
-4.59981
-4.51096
-4.39743
-4.29329
-4.22792
-4.20457
-4.20727
-4.21203
-4.20699
-4.19111
-4.17538
-4.16614
-4.16937
-4.18994
-4.22308
-4.25554
-4.27395
-4.27198
-4.25269
-4.22568
-4.19972
-4.18159
-4.17562
-4.17983
-4.19578
-4.21594
-4.23045
-4.23152
-4.21378
-4.17708
-4.13021
-4.08429
-4.05345
-4.04878
-4.07565
-4.13516
-4.21842
-4.31103
-4.40261
-4.48211
-4.54026
-4.57751
-4.59055
-4.58548
-4.56349
-4.53301
-4.49876
-4.4684
-4.44659
-4.43352
-4.42348
-4.41725
-4.4152
-4.41248
-4.40515
-4.39229
-4.37581
-4.36498
-4.3587
-4.35491
-4.35054
-4.34166
-4.32611
-4.30586
-4.2799
-4.25058
-4.2262
-4.20991
-4.20784
-4.21888
-4.24404
-4.28413
-4.33726
-4.39628
-4.45284
-4.50397
-4.54703
-4.57879
-4.60199
-4.60944
-4.60299
-4.57888
-4.53907
-4.49115
-4.45116
-4.43167
-4.43457
-4.44598
-4.45536
-4.45189
-4.43666
-4.41417
-4.38713
-4.36347
-4.34891
-4.35176
-4.3721
-4.40728
-4.44682
-4.47876
-4.49419
-4.48643
-4.45464
-4.40407
-4.34361
-4.28311
-4.22935
-4.18128
-4.14186
-4.10888
-4.08117
-4.06397
-4.06132
-4.07509
-4.10439
-4.14125
-4.17576
-4.19627
-4.19939
-4.1873
-4.16996
-4.15954
-4.16455
-4.17505
-4.18173
-4.17657
-4.1617
-4.14343
-4.12432
-4.11028
-4.10139
-4.09764
-4.10116
-4.1146
-4.13335
-4.15574
-4.17932
-4.20585
-4.23694
-4.27546
-4.31558
-4.35287
-4.38264
-4.4035
-4.41705
-4.4276
-4.43689
-4.44426
-4.44731
-4.45024
-4.45368
-4.46041
-4.4665
-4.47066
-4.47137
-4.46666
-4.45595
-4.4358
-4.4041
-4.36367
-4.31168
-4.24731
-4.1676
-4.07356
-3.97639
-3.9008
-3.87063
-3.89478
-3.95353
-4.01885
-4.06937
-4.10425
-4.12491
-4.13935
-4.15017
-4.1598
-4.16999
-4.17032
-4.15019
-4.10164
-4.02877
-3.9494
-3.89734
-3.88831
-3.91115
-3.94702
-3.98419
-4.02667
-4.0753
-4.12718
-4.1801
-4.22926
-4.27388
-4.3149
-4.34583
-4.36822
-4.37998
-4.37838
-4.36182
-4.33366
-4.29317
-4.24594
-4.19718
-4.15079
-4.11096
-4.08398
-4.08478
-4.1244
-4.19305
-4.26299
-4.30642
-4.31596
-4.29727
-4.26345
-4.23271
-4.21493
-4.21693
-4.23165
-4.25703
-4.28797
-4.31726
-4.33548
-4.34391
-4.34931
-4.35406
-4.35484
-4.3491
-4.3337
-4.32052
-4.31638
-4.32636
-4.34856
-4.37459
-4.3932
-4.40253
-4.40865
-4.41321
-4.40693
-4.37522
-4.31397
-4.23068
-4.14398
-4.06951
-4.02748
-4.02156
-4.04727
-4.09317
-4.14807
-4.2093
-4.2697
-4.33108
-4.38459
-4.42383
-4.44238
-4.44021
-4.41692
-4.37614
-4.32262
-4.26859
-4.22319
-4.19263
-4.17093
-4.15319
-4.13904
-4.12801
-4.1354
-4.16888
-4.22915
-4.3016
-4.36954
-4.41791
-4.4389
-4.4288
-4.39455
-4.35926
-4.33487
-4.32885
-4.34587
-4.38127
-4.42648
-4.46846
-4.49638
-4.50483
-4.49396
-4.46866
-4.43755
-4.40231
-4.36541
-4.32535
-4.28622
-4.25756
-4.25552
-4.28087
-4.32633
-4.37679
-4.42389
-4.46812
-4.5112
-4.55471
-4.59406
-4.62593
-4.65104
-4.66941
-4.67731
-4.67129
-4.64543
-4.60311
-4.55197
-4.50359
-4.46234
-4.42869
-4.39744
-4.37141
-4.36069
-4.36612
-4.38761
-4.41612
-4.44422
-4.46543
-4.47472
-4.47406
-4.46757
-4.45787
-4.45315
-4.46081
-4.48088
-4.51133
-4.54443
-4.57071
-4.588
-4.59249
-4.58928
-4.58434
-4.57865
-4.56838
-4.54772
-4.51638
-4.47315
-4.42493
-4.37881
-4.34115
-4.31317
-4.29988
-4.29828
-4.30692
-4.31536
-4.31818
-4.32128
-4.3336
-4.36157
-4.4008
-4.43998
-4.46479
-4.47082
-4.45923
-4.43327
-4.39987
-4.36803
-4.34503
-4.3306
-4.3272
-4.33029
-4.34321
-4.36069
-4.3791
-4.39516
-4.40696
-4.41271
-4.41474
-4.41644
-4.4197
-4.42757
-4.4431
-4.46545
-4.49173
-4.51506
-4.52672
-4.51897
-4.49041
-4.4413
-4.38043
-4.31703
-4.26395
-4.23219
-4.22203
-4.23063
-4.25028
-4.26872
-4.279
-4.27985
-4.27418
-4.27154
-4.27181
-4.27589
-4.28478
-4.29793
-4.31278
-4.33032
-4.347
-4.35965
-4.3671
-4.36575
-4.35516
-4.33862
-4.32021
-4.30794
-4.30277
-4.31005
-4.32853
-4.35278
-4.37914
-4.39882
-4.40736
-4.40592
-4.39434
-4.37362
-4.35087
-4.33405
-4.32957
-4.34163
-4.36164
-4.38502
-4.40695
-4.42716
-4.44623
-4.46684
-4.48534
-4.49818
-4.49988
-4.49364
-4.48565
-4.47688
-4.46408
-4.44077
-4.40107
-4.34198
-4.27742
-4.22086
-4.18534
-4.16931
-4.16398
-4.16093
-4.16191
-4.17032
-4.19062
-4.22385
-4.26324
-4.30391
-4.33659
-4.36356
-4.38692
-4.40852
-4.43061
-4.45246
-4.47099
-4.47715
-4.46618
-4.4372
-4.39678
-4.35864
-4.33967
-4.34804
-4.38226
-4.43022
-4.47634
-4.51387
-4.53751
-4.54933
-4.54712
-4.53117
-4.49968
-4.44803
-4.37547
-4.29311
-4.22518
-4.19768
-4.21637
-4.2638
-4.32012
-4.36875
-4.39996
-4.41758
-4.42446
-4.42377
-4.41349
-4.39485
-4.36372
-4.32309
-4.27729
-4.23126
-4.19243
-4.16507
-4.14953
-4.14495
-4.15235
-4.17438
-4.21178
-4.2649
-4.32699
-4.38969
-4.44366
-4.48484
-4.51284
-4.52728
-4.52928
-4.52228
-4.51434
-4.50829
-4.50165
-4.484
-4.44962
-4.40729
-4.36658
-4.3338
-4.31568
-4.3061
-4.30644
-4.31146
-4.31399
-4.30009
-4.26765
-4.22171
-4.17979
-4.15087
-4.14176
-4.14515
-4.15845
-4.17428
-4.19472
-4.21831
-4.24402
-4.26553
-4.27455
-4.27523
-4.27643
-4.28295
-4.29307
-4.30262
-4.30686
-4.30717
-4.30252
-4.29251
-4.28025
-4.26844
-4.26126
-4.25962
-4.26501
-4.27864
-4.30074
-4.32784
-4.35528
-4.37726
-4.38566
-4.38531
-4.38031
-4.37107
-4.36538
-4.36302
-4.36873
-4.38453
-4.40717
-4.43469
-4.46467
-4.49081
-4.50445
-4.49629
-4.46701
-4.41932
-4.36876
-4.32747
-4.30547
-4.29993
-4.30199
-4.30375
-4.29596
-4.28185
-4.26255
-4.23929
-4.21507
-4.19221
-4.17733
-4.17527
-4.18594
-4.20157
-4.21212
-4.20976
-4.18708
-4.15044
-4.13131
-4.15766
-4.21165
-4.26574
-4.3105
-4.34437
-4.36839
-4.38119
-4.38705
-4.38555
-4.38204
-4.37979
-4.38068
-4.3795
-4.36968
-4.35377
-4.34236
-4.3429
-4.35628
-4.37805
-4.4007
-4.42386
-4.44574
-4.46733
-4.4865
-4.50145
-4.51206
-4.52115
-4.52969
-4.53631
-4.53605
-4.52358
-4.49306
-4.44681
-4.38953
-4.32979
-4.27816
-4.24516
-4.2339
-4.24301
-4.26352
-4.29091
-4.31752
-4.33796
-4.353
-4.36471
-4.37411
-4.38447
-4.3938
-4.40452
-4.4169
-4.42858
-4.44012
-4.45023
-4.46234
-4.47798
-4.49846
-4.52298
-4.54953
-4.5763
-4.60429
-4.63236
-4.6498
-4.63948
-4.59269
-4.50781
-4.39618
-4.27334
-4.15951
-4.07606
-4.04091
-4.05786
-4.11629
-4.19401
-4.27225
-4.33511
-4.37479
-4.39078
-4.38945
-4.37889
-4.3664
-4.35201
-4.33278
-4.3078
-4.27644
-4.24492
-4.223
-4.21824
-4.2345
-4.2697
-4.3134
-4.35251
-4.37911
-4.39085
-4.39204
-4.39658
-4.41785
-4.45843
-4.50636
-4.54171
-4.5554
-4.55238
-4.5433
-4.53962
-4.54374
-4.55377
-4.56274
-4.56361
-4.55081
-4.52312
-4.48409
-4.43842
-4.39761
-4.36649
-4.35099
-4.3537
-4.38066
-4.42676
-4.48798
-4.55366
-4.61359
-4.65959
-4.68873
-4.69687
-4.67915
-4.6364
-4.57
-4.48518
-4.39349
-4.31243
-4.25716
-4.23614
-4.24722
-4.27916
-4.31853
-4.35282
-4.37908
-4.39536
-4.40208
-4.40352
-4.39911
-4.39388
-4.38892
-4.3878
-4.38724
-4.38868
-4.39133
-4.38984
-4.37852
-4.35429
-4.32182
-4.28568
-4.25137
-4.21723
-4.17785
-4.13313
-4.08189
-4.039
-4.03059
-4.07143
-4.15214
-4.24859
-4.33606
-4.39988
-4.43801
-4.4523
-4.45206
-4.45029
-4.45211
-4.46046
-4.46694
-4.46788
-4.46194
-4.45935
-4.46258
-4.46971
-4.47942
-4.4948
-4.51218
-4.52836
-4.54775
-4.572
-4.60002
-4.62419
-4.64043
-4.65646
-4.67849
-4.70328
-4.72
-4.71807
-4.69378
-4.65805
-4.61956
-4.58452
-4.54737
-4.50695
-4.45898
-4.4057
-4.35426
-4.31516
-4.29311
-4.28875
-4.29833
-4.31257
-4.32353
-4.32926
-4.32869
-4.32284
-4.3155
-4.31108
-4.31341
-4.32318
-4.33792
-4.35239
-4.36431
-4.37468
-4.39309
-4.42268
-4.45647
-4.48242
-4.49041
-4.47531
-4.4412
-4.39522
-4.34606
-4.30528
-4.27935
-4.26673
-4.26116
-4.2537
-4.24244
-4.22758
-4.21467
-4.21224
-4.22692
-4.26191
-4.3102
-4.3611
-4.40731
-4.4447
-4.47343
-4.4955
-4.50922
-4.51465
-4.50963
-4.49249
-4.46275
-4.4176
-4.36337
-4.30661
-4.26298
-4.24222
-4.24262
-4.25575
-4.27123
-4.28262
-4.28509
-4.2829
-4.28223
-4.28807
-4.30069
-4.3243
-4.35767
-4.396
-4.42842
-4.44408
-4.44039
-4.42162
-4.40105
-4.39355
-4.40319
-4.4215
-4.43625
-4.43912
-4.43308
-4.42166
-4.40843
-4.40044
-4.39759
-4.39338
-4.37268
-4.32895
-4.27397
-4.23045
-4.21824
-4.24133
-4.29108
-4.34808
-4.39827
-4.43393
-4.45198
-4.45669
-4.45047
-4.43761
-4.42533
-4.4163
-4.41134
-4.40605
-4.39679
-4.38057
-4.35703
-4.32766
-4.29026
-4.25266
-4.22801
-4.23017
-4.26098
-4.30787
-4.35622
-4.39889
-4.4319
-4.45313
-4.46238
-4.46227
-4.45912
-4.45879
-4.46067
-4.46045
-4.45668
-4.44788
-4.43722
-4.43365
-4.43791
-4.4451
-4.44892
-4.43703
-4.40922
-4.37162
-4.33627
-4.31943
-4.33164
-4.37119
-4.4334
-4.50342
-4.56716
-4.609
-4.61962
-4.60026
-4.56524
-4.53134
-4.50484
-4.4786
-4.44313
-4.39465
-4.34573
-4.31297
-4.2986
-4.29518
-4.28894
-4.27333
-4.25076
-4.23049
-4.2281
-4.24671
-4.28042
-4.31859
-4.35619
-4.38821
-4.4138
-4.43448
-4.44863
-4.45508
-4.45245
-4.44006
-4.41931
-4.39648
-4.37975
-4.3719
-4.37636
-4.38965
-4.41363
-4.45037
-4.49584
-4.54999
-4.59643
-4.62058
-4.61014
-4.56626
-4.49565
-4.40747
-4.31679
-4.23897
-4.18263
-4.15456
-4.14875
-4.16317
-4.19087
-4.22959
-4.26835
-4.30015
-4.31859
-4.31986
-4.31102
-4.31063
-4.33308
-4.37238
-4.41231
-4.44373
-4.4596
-4.46627
-4.4663
-4.46694
-4.47272
-4.48637
-4.50486
-4.52077
-4.52753
-4.51828
-4.49646
-4.46556
-4.4397
-4.43138
-4.44329
-4.46223
-4.47495
-4.47098
-4.45477
-4.43347
-4.40899
-4.37747
-4.33463
-4.27871
-4.22631
-4.19885
-4.20914
-4.25242
-4.31209
-4.37034
-4.41312
-4.43511
-4.43404
-4.41112
-4.37587
-4.34019
-4.31201
-4.29508
-4.29002
-4.29453
-4.30437
-4.31286
-4.3194
-4.32555
-4.32976
-4.33249
-4.33011
-4.3272
-4.32353
-4.32102
-4.31946
-4.31729
-4.31246
-4.30683
-4.30071
-4.29767
-4.29738
-4.29965
-4.30494
-4.3155
-4.33505
-4.35826
-4.37845
-4.38863
-4.38511
-4.37007
-4.34853
-4.32631
-4.30836
-4.30161
-4.30771
-4.3254
-4.35185
-4.37861
-4.40239
-4.42135
-4.43333
-4.43455
-4.41939
-4.38399
-4.33625
-4.2982
-4.28757
-4.30027
-4.31976
-4.33403
-4.34274
-4.3499
-4.35447
-4.34826
-4.33061
-4.30387
-4.27789
-4.26749
-4.2794
-4.3119
-4.35306
-4.38692
-4.41039
-4.42279
-4.42181
-4.40565
-4.37494
-4.33445
-4.29425
-4.26208
-4.24985
-4.26434
-4.30272
-4.35019
-4.39482
-4.43058
-4.45661
-4.47794
-4.50431
-4.53169
-4.55281
-4.5568
-4.54618
-4.52797
-4.50527
-4.4803
-4.45212
-4.42437
-4.40082
-4.38479
-4.37773
-4.37709
-4.37556
-4.36706
-4.35325
-4.34128
-4.33008
-4.3197
-4.30583
-4.289
-4.27316
-4.26577
-4.26519
-4.26859
-4.27468
-4.27857
-4.27769
-4.27536
-4.27134
-4.26707
-4.26486
-4.26607
-4.27299
-4.28125
-4.28973
-4.30268
-4.32437
-4.35884
-4.40941
-4.47148
-4.53335
-4.57965
-4.60427
-4.60951
-4.60655
-4.59891
-4.58886
-4.57268
-4.54722
-4.51718
-4.49086
-4.46668
-4.43872
-4.40252
-4.35968
-4.31719
-4.28335
-4.26028
-4.24504
-4.24119
-4.24774
-4.27183
-4.31275
-4.36346
-4.41503
-4.4592
-4.49437
-4.52197
-4.5407
-4.55656
-4.56911
-4.57877
-4.58395
-4.58181
-4.56855
-4.5394
-4.49669
-4.4461
-4.3968
-4.35301
-4.31629
-4.28943
-4.27604
-4.2778
-4.28735
-4.29845
-4.30382
-4.30339
-4.30034
-4.30345
-4.31678
-4.33515
-4.35384
-4.36395
-4.3677
-4.36617
-4.35976
-4.353
-4.34573
-4.34419
-4.34916
-4.36098
-4.37553
-4.38836
-4.39801
-4.40004
-4.3961
-4.38207
-4.37474
-4.39081
-4.43499
-4.48452
-4.52356
-4.54777
-4.56061
-4.56611
-4.56281
-4.55159
-4.53017
-4.4961
-4.45228
-4.40233
-4.3545
-4.31347
-4.28666
-4.27716
-4.28505
-4.30508
-4.33733
-4.37518
-4.41271
-4.44328
-4.4614
-4.46864
-4.47034
-4.47347
-4.4741
-4.47323
-4.46145
-4.44018
-4.41567
-4.39522
-4.37983
-4.36889
-4.36233
-4.35396
-4.34066
-4.3228
-4.30351
-4.29217
-4.29371
-4.30781
-4.33368
-4.36404
-4.39258
-4.41411
-4.42705
-4.42509
-4.41102
-4.38255
-4.34678
-4.31228
-4.28891
-4.28349
-4.30039
-4.33315
-4.3775
-4.42212
-4.46078
-4.49231
-4.51508
