1.8
1.80001
1.80003
1.80005
1.80008
1.80011
1.80015
1.8002
1.80025
1.80031
1.80038
1.80045
1.80053
1.80061
1.8007
1.8008
1.80091
1.80102
1.80114
1.80127
1.8014
1.80154
1.80169
1.80185
1.80202
1.80219
1.80237
1.80256
1.80276
1.80297
1.80318
1.80341
1.80364
1.80388
1.80413
1.8044
1.80467
1.80495
1.80524
1.80555
1.80586
1.80619
1.80653
1.80688
1.80724
1.80762
1.80801
1.80841
1.80883
1.80926
1.80971
1.81018
1.81066
1.81116
1.81168
1.81221
1.81277
1.81335
1.81395
1.81457
1.81521
1.81588
1.81658
1.8173
1.81805
1.81883
1.81964
1.82049
1.82137
1.82228
1.82324
1.82423
1.82526
1.82635
1.82747
1.82865
1.82988
1.83117
1.83252
1.83392
1.8354
1.83694
1.83856
1.84026
1.84203
1.8439
1.84585
1.8479
1.85005
1.85231
1.85467
1.85715
1.85974
1.86244
1.86526
1.86819
1.87122
1.87435
1.87755
1.8808
1.88406
1.88728
1.8904
1.89331
1.89592
1.89807
1.89959
1.9003
1.9
1.89852
1.8958
1.89193
1.88722
1.88228
1.87794
1.87511
1.87452
1.87653
1.88102
1.88743
1.89494
1.90263
1.90965
1.91535
1.9194
1.92188
1.92331
1.92458
1.92673
1.93063
1.93661
1.94436
1.95307
1.96169
1.96927
1.97515
1.97903
1.98088
1.98094
1.97961
1.97737
1.97472
1.97204
1.96957
1.96738
1.96543
1.96363
1.96189
1.96009
1.95811
1.95589
1.9535
1.95126
1.94977
1.9497
1.95162
1.95575
1.96192
1.96968
1.97835
1.98727
1.99578
2.00333
2.00952
2.01411
2.017
2.01828
2.0182
2.01708
2.01537
2.01352
2.012
2.01118
2.01132
2.01252
2.01472
2.01772
2.02124
2.02494
2.02854
2.03178
2.03451
2.03666
2.03828
2.03946
2.04034
2.04106
2.04172
2.04238
2.04302
2.04362
2.04418
2.04469
2.04521
2.04578
2.04645
2.04724
2.04815
2.04912
2.0501
2.05106
2.05198
2.05287
2.05377
2.05475
2.05586
2.05719
2.05875
2.06058
2.06265
2.06491
2.06729
2.06971
2.07206
2.07424
2.07615
2.07771
2.07882
2.07942
2.07947
2.07893
2.07784
2.07628
2.0744
2.07237
2.07039
2.06865
2.06723
2.06607
2.06502
2.0638
2.06212
2.05974
2.05654
2.05259
2.04824
2.04409
2.04095
2.03968
2.04094
2.04496
2.05139
2.0594
2.06792
2.07584
2.08223
2.08634
2.08764
2.08584
2.08102
2.07383
2.06568
2.05865
2.05487
2.05562
2.06071
2.06869
2.07758
2.08559
2.09144
2.0943
2.09372
2.08953
2.08181
2.07096
2.05781
2.04372
2.03054
2.02032
2.01486
2.01515
2.02099
2.03114
2.04371
2.05678
2.06882
2.07891
2.08669
2.09222
2.09582
2.09792
2.09899
2.09943
2.09957
2.09964
2.09975
2.09998
2.10033
2.10076
2.10125
2.10178
2.10232
2.10287
2.10344
2.10401
2.1046
2.10518
2.10572
2.10616
2.10641
2.10635
2.10581
2.10458
2.10241
2.09905
2.09428
2.08802
2.08049
2.07227
2.06439
2.05808
2.05441
2.05375
2.05569
2.05926
2.06334
2.06709
2.07003
2.07203
2.07318
2.07372
2.07392
2.07401
2.07419
2.07456
2.07513
2.07583
2.07654
2.07711
2.07743
2.07744
2.07716
2.0767
2.0762
2.07585
2.07578
2.07603
2.07656
2.07726
2.07795
2.07847
2.07871
2.07861
2.07815
2.07742
2.07652
2.07556
2.07467
2.07396
2.07347
2.07324
2.07323
2.07341
2.07372
2.07412
2.07457
2.07507
2.07561
2.0762
2.07685
2.07757
2.07833
2.07909
2.0798
2.08035
2.08061
2.08043
2.07963
2.07801
2.07535
2.07145
2.06611
2.05926
2.05101
2.04172
2.03215
2.02341
2.01682
2.01363
2.01458
2.0197
2.02822
2.03889
2.05034
2.06142
2.07133
2.07961
2.08608
2.09072
2.09356
2.09466
2.09407
2.09182
2.088
2.08277
2.07648
2.06964
2.06292
2.05699
2.05233
2.04913
2.04722
2.04626
2.04592
2.04599
2.04645
2.04734
2.04869
2.05049
2.0526
2.05486
2.05707
2.05912
2.06095
2.06255
2.06395
2.06521
2.06638
2.06748
2.06853
2.06954
2.07049
2.07138
2.07219
2.07292
2.07356
2.07412
2.07459
2.075
2.07533
2.07562
2.07585
2.07605
2.07621
2.07633
2.07642
2.07645
2.07643
2.07632
2.07612
2.07579
2.07532
2.07468
2.07384
2.07277
2.07147
2.06993
2.06817
2.06625
2.06424
2.06225
2.06041
2.05884
2.05765
2.05688
2.05651
2.05646
2.05658
2.05673
2.05676
2.05655
2.05606
2.05529
2.05431
2.05321
2.05217
2.05133
2.05084
2.05084
2.05138
2.05246
2.054
2.05587
2.0579
2.0599
2.0617
2.06316
2.06421
2.06484
2.06509
2.06504
2.0648
2.06444
2.06402
2.06351
2.06285
2.06195
2.06074
2.05916
2.05724
2.05506
2.05278
2.05058
2.04866
2.04718
2.04626
2.0459
2.04603
2.0465
2.04711
2.04768
2.04808
2.04829
2.04841
2.04864
2.04921
2.05027
2.05186
2.05386
2.05609
2.0583
2.06032
2.06198
2.06317
2.06384
2.06392
2.06344
2.06248
2.06117
2.05975
2.05843
2.05743
2.05691
2.05692
2.05751
2.05871
2.06059
2.06322
2.06663
2.07076
2.0754
2.08026
2.08502
2.08936
2.09304
2.0959
2.09782
2.09875
2.09868
2.09762
2.09565
2.09288
2.0895
2.08577
2.08199
2.07843
2.07534
2.07287
2.07111
2.07009
2.06978
2.07007
2.07076
2.07157
2.0721
2.07198
2.07092
2.06877
2.06562
2.06178
2.05773
2.05404
2.05122
2.04958
2.04917
2.04975
2.05092
2.05224
2.05335
2.05408
2.05446
2.0547
2.0551
2.05595
2.0574
2.05941
2.06179
2.06432
2.06687
2.06947
2.07225
2.07532
2.0787
2.08227
2.08579
2.08897
2.09159
2.09346
2.09451
2.09472
2.0941
2.09268
2.09051
2.08763
2.08407
2.07991
2.07526
2.07031
2.06532
2.06067
2.05678
2.05405
2.05277
2.05304
2.05472
2.05753
2.06105
2.06491
2.06877
2.07241
2.07569
2.07856
2.08101
2.08305
2.08472
2.08605
2.08707
2.08781
2.08827
2.08847
2.08841
2.08811
2.0876
2.08693
2.08622
2.0856
2.08525
2.08534
2.08604
2.08743
2.08951
2.09214
2.0951
2.09808
2.10073
2.10269
2.10357
2.10298
2.10056
2.096
2.08917
2.08028
2.06992
2.05912
2.04916
2.04136
2.03697
2.03702
2.04198
2.05121
2.06285
2.07451
2.08419
2.09064
2.09334
2.09215
2.08713
2.07858
2.06725
2.0549
2.04439
2.03903
2.0409
2.04946
2.06186
2.07478
2.08587
2.09411
2.09946
2.10236
2.10337
2.10299
2.10165
2.09967
2.09733
2.09486
2.09249
2.09048
2.08911
2.08862
2.08911
2.09057
2.09278
2.09543
2.09816
2.10065
2.10263
2.10392
2.1044
2.10395
2.10243
2.09969
2.09556
2.08991
2.08275
2.07437
2.06549
2.05721
2.05092
2.0478
2.04835
2.0522
2.05826
2.06526
2.07205
2.07794
2.08261
2.08603
2.08836
2.08982
2.09065
2.09105
2.09117
2.09108
2.0908
2.09028
2.08948
2.08834
2.08687
2.08513
2.08329
2.08161
2.08034
2.07967
2.07971
2.0804
2.08162
2.0832
2.08502
2.08696
2.0889
2.09072
2.0922
2.09312
2.09326
2.09249
2.09076
2.08821
2.08511
2.08188
2.07895
2.07673
2.07546
2.07521
2.0759
2.07736
2.07934
2.0816
2.08389
2.08596
2.08763
2.08882
2.08951
2.08979
2.08978
2.08965
2.08957
2.0897
2.09017
2.09105
2.09233
2.09392
2.09567
2.09737
2.0988
2.09977
2.10014
2.09984
2.09884
2.09721
2.09506
2.09258
2.09004
2.0877
2.08583
2.08463
2.0842
2.08452
2.08551
2.08702
2.08892
2.0911
2.09344
2.09583
2.09814
2.10027
2.1021
2.10352
2.10446
2.10483
2.1046
2.10373
2.10223
2.1001
2.09739
2.09415
2.09047
2.08647
2.0823
2.07812
2.07411
2.07043
2.0672
2.06453
2.06242
2.06084
2.05973
2.05899
2.05862
2.05865
2.05918
2.06034
2.06219
2.0647
2.06771
2.07097
2.07418
2.07711
2.07957
2.08147
2.08282
2.08365
2.08407
2.08418
2.08408
2.08386
2.08361
2.08339
2.08322
2.08313
2.08311
2.08315
2.0832
2.08322
2.08317
2.08299
2.08262
2.08201
2.08112
2.07991
2.07838
2.07656
2.07453
2.07242
2.0704
2.0687
2.06753
2.06709
2.06747
2.06865
2.07047
2.07266
2.07482
2.0765
2.0772
2.07643
2.07369
2.06859
2.06094
2.05093
2.03936
2.02774
2.01823
2.01304
2.01357
2.0196
2.02918
2.03948
2.04782
2.05245
2.05277
2.04926
2.04331
2.03696
2.03236
2.03102
2.03327
2.03829
2.04463
2.05087
2.05613
2.06011
2.06308
2.06557
2.06814
2.07117
2.07475
2.07874
2.08291
2.08698
2.09078
2.0942
2.0972
2.09978
2.10194
2.10369
2.10501
2.10588
2.10623
2.10596
2.10496
2.10309
2.1002
2.0962
2.09109
2.08502
2.07837
2.07166
2.06539
2.05983
2.05474
2.04944
2.04308
2.03526
2.02659
2.01898
2.01512
2.01708
2.02504
2.03709
2.05052
2.06304
2.07338
2.08114
2.08646
2.08975
2.09143
2.09195
2.09169
2.09101
2.09024
2.0897
2.08966
2.09028
2.09159
2.09348
2.09574
2.09809
2.1003
2.10213
2.10345
2.10418
2.10426
2.10367
2.10238
2.10036
2.09755
2.09387
2.08923
2.08356
2.07683
2.06915
2.06077
2.05212
2.04382
2.03649
2.03069
2.02671
2.02456
2.02403
2.02477
2.02638
2.02846
2.03063
2.03259
2.03414
2.03523
2.03595
2.03649
2.03712
2.03805
2.03946
2.04139
2.04379
2.04652
2.0494
2.05224
2.05487
2.0572
2.05914
2.06068
2.06184
2.06263
2.06311
2.06333
2.06333
2.06316
2.06286
2.06244
2.06194
2.06135
2.06067
2.05989
2.05897
2.05788
2.05655
2.05492
2.05292
2.05047
2.04753
1.79688
1.7932
1.78922
1.78513
1.78117
1.77763
1.77479
1.77286
1.77196
1.77208
1.77309
1.77478
1.7769
1.77922
1.78154
1.78372
1.78569
1.78738
1.78878
1.78987
1.79064
1.79109
1.79123
1.79114
1.79093
1.79074
1.79072
1.79098
1.79154
1.79236
1.79332
1.79429
1.79518
1.79593
1.79657
1.79713
1.79769
1.79831
1.79907
1.8001
1.80152
1.80343
1.80583
1.80859
1.81146
1.81409
1.81615
1.81734
1.8175
1.81653
1.81445
1.81133
1.80727
1.80243
1.797
1.79126
1.78564
1.78069
1.77712
1.77559
1.77657
1.78014
1.78591
1.79321
1.80126
1.80939
1.81711
1.82414
1.83032
1.8356
1.83997
1.84341
1.84595
1.84759
1.84833
1.84817
1.84712
1.84522
1.84253
1.83922
1.83554
1.83181
1.82843
1.82575
1.82404
1.82334
1.82352
1.82427
1.82524
1.82613
1.82682
1.82743
1.82826
1.82975
1.83222
1.83576
1.84014
1.84494
1.84964
1.85385
1.85731
1.85997
1.86189
1.86323
1.86418
1.86491
1.8656
1.86637
1.86728
1.86834
1.86952
1.87077
1.87197
1.87301
1.87376
1.8741
1.87389
1.873
1.87132
1.86874
1.8652
1.86072
1.8554
1.84949
1.84345
1.83787
1.83347
1.83096
1.83082
1.83318
1.83773
1.84384
1.85074
1.85775
1.86439
1.87045
1.87589
1.8808
1.8853
1.88948
1.89338
1.897
1.90027
1.90313
1.90548
1.90726
1.9084
1.90886
1.90859
1.90759
1.90584
1.90339
1.9003
1.89671
1.8928
1.88884
1.88512
1.88189
1.87934
1.87751
1.87626
1.87529
1.87426
1.8729
1.87115
1.8693
1.86796
1.86788
1.86962
1.87329
1.87847
1.88439
1.89026
1.89549
1.89975
1.90292
1.90503
1.90614
1.90631
1.90557
1.90392
1.90138
1.89803
1.89403
1.88967
1.8853
1.88129
1.87786
1.87504
1.87261
1.87021
1.86747
1.86422
1.86049
1.85656
1.85283
1.84976
1.84772
1.84693
1.84751
1.8495
1.85289
1.85759
1.86339
1.86995
1.87684
1.88359
1.88976
1.89505
1.89929
1.90243
1.90449
1.90557
1.90577
1.9052
1.90398
1.90219
1.89991
1.89722
1.89418
1.89084
1.88724
1.88344
1.87948
1.87544
1.87143
1.86763
1.86431
1.86177
1.86028
1.86005
1.86108
1.86315
1.86591
1.86888
1.87159
1.87365
1.87476
1.87474
1.87355
1.87127
1.86818
1.86474
1.86157
1.85935
1.85864
1.85971
1.86242
1.8663
1.87075
1.87516
1.87908
1.8822
1.88439
1.88556
1.8857
1.8848
1.88289
1.88
1.87624
1.8718
1.86705
1.86253
1.85892
1.85693
1.85709
1.85962
1.86431
1.87058
1.87772
1.88494
1.89155
1.89693
1.90052
1.90183
1.90047
1.89617
1.88898
1.87938
1.86842
1.85752
1.848
1.84055
1.83495
1.83042
1.82622
1.82218
1.81876
1.81677
1.81687
1.81934
1.82396
1.8302
1.83733
1.84466
1.85158
1.85767
1.86271
1.86666
1.86963
1.8718
1.87334
1.8744
1.87511
1.87553
1.87571
1.87567
1.87542
1.87499
1.87437
1.87359
1.87266
1.8716
1.87042
1.86915
1.86777
1.8663
1.86473
1.86304
1.86121
1.85921
1.85702
1.85459
1.8519
1.84896
1.84579
1.84245
1.83907
1.8358
1.83284
1.83041
1.82867
1.82771
1.82751
1.82796
1.82886
1.82999
1.83112
1.83205
1.83263
1.83278
1.83248
1.83177
1.83077
1.82966
1.82865
1.82795
1.82773
1.82807
1.82897
1.83035
1.83208
1.83401
1.83598
1.83788
1.8396
1.84108
1.84225
1.84307
1.84351
1.84358
1.84331
1.84278
1.84209
1.84135
1.84071
1.84027
1.84012
1.84028
1.84073
1.84142
1.84223
1.84306
1.84376
1.84418
1.84416
1.84352
1.84212
1.83983
1.83661
1.83255
1.82792
1.82316
1.81887
1.8157
1.81418
1.81464
1.81704
1.82108
1.82622
1.83188
1.83753
1.84278
1.84734
1.85112
1.85408
1.85628
1.85784
1.85887
1.85949
1.8598
1.85986
1.85968
1.8592
1.85833
1.8569
1.85473
1.85169
1.84772
1.84297
1.83784
1.83294
1.82899
1.82655
1.82576
1.8263
1.8275
1.82861
1.82909
1.82869
1.82757
1.82625
1.82553
1.82619
1.82873
1.8331
1.83872
1.84469
1.85012
1.85436
1.85705
1.85808
1.85762
1.85599
1.85372
1.85146
1.84992
1.84972
1.85121
1.8544
1.85894
1.86431
1.86996
1.87543
1.88043
1.8848
1.88849
1.89149
1.89383
1.89554
1.89664
1.89711
1.89692
1.89601
1.89427
1.89158
1.88775
1.88255
1.87571
1.86697
1.85623
1.84376
1.83038
1.81759
1.80706
1.79974
1.79521
1.79212
1.78983
1.78967
1.7943
1.80523
1.82101
1.83828
1.85402
1.86685
1.87678
1.88446
1.89062
1.89579
1.90029
1.90423
1.90763
1.91042
1.91252
1.91386
1.91437
1.91402
1.91281
1.91081
1.90814
1.90502
1.90175
1.8987
1.89623
1.89468
1.89424
1.89493
1.8966
1.89899
1.90175
1.90457
1.90719
1.90944
1.91123
1.91253
1.91333
1.91363
1.91342
1.91268
1.91135
1.90938
1.90675
1.90347
1.89964
1.89546
1.8912
1.88722
1.88386
1.88141
1.88003
1.87973
1.88038
1.88175
1.88355
1.88551
1.88736
1.88889
1.88992
1.89037
1.89026
1.88971
1.88893
1.88824
1.88794
1.88829
1.88942
1.89129
1.89373
1.89648
1.89922
1.9017
1.90369
1.90507
1.90577
1.90578
1.90514
1.90391
1.90219
1.90006
1.89765
1.89504
1.89233
1.88961
1.88691
1.88423
1.8815
1.8786
1.87535
1.87157
1.86706
1.86173
1.85563
1.84903
1.84244
1.83665
1.83256
1.83097
1.83234
1.83658
1.84307
1.85083
1.85881
1.86612
1.87214
1.87657
1.87935
1.88061
1.88058
1.87958
1.87793
1.87595
1.87392
1.87202
1.87031
1.86874
1.86716
1.86535
1.8631
1.86021
1.85659
1.85229
1.84754
1.84275
1.8385
1.83543
1.83407
1.83476
1.83746
1.84184
1.84733
1.85332
1.85926
1.86474
1.86953
1.87351
1.87663
1.87892
1.88038
1.88105
1.88093
1.88004
1.87838
1.876
1.87294
1.86931
1.86529
1.86109
1.85701
1.85335
1.85042
1.84847
1.84766
1.84804
1.84955
1.852
1.85518
1.85882
1.86266
1.86648
1.87008
1.87332
1.87607
1.8782
1.87959
1.88007
1.87943
1.87744
1.87384
1.86841
1.86105
1.85188
1.84138
1.83042
1.82018
1.81193
1.8067
1.80501
1.80687
1.8119
1.81943
1.82861
1.83846
1.84798
1.85631
1.86286
1.86735
1.86978
1.87038
1.8696
1.86803
1.86635
1.86518
1.86492
1.86564
1.86712
1.86893
1.8707
1.87219
1.87341
1.87452
1.87578
1.8774
1.87946
1.88189
1.88451
1.8871
1.88948
1.89151
1.89317
1.89444
1.89541
1.89614
1.8967
1.89718
1.89762
1.89806
1.89852
1.89897
1.8994
1.89973
1.89989
1.89975
1.89913
1.8978
1.89547
1.89176
1.88629
1.87872
1.86896
1.85737
1.84495
1.83327
1.82402
1.81834
1.81643
1.8178
1.82177
1.82785
1.83568
1.84477
1.85441
1.86368
1.87172
1.87782
1.88149
1.88246
1.88066
1.87626
1.86978
1.8622
1.85506
1.85007
1.84862
1.85109
1.85671
1.86403
1.87158
1.87829
1.88357
1.88722
1.88925
1.88978
1.88902
1.88727
1.88495
1.88261
1.88085
1.88022
1.88099
1.88314
1.88631
1.88996
1.89353
1.89653
1.89862
1.89954
1.89912
1.89722
1.89371
1.88852
1.8817
1.87354
1.86468
1.85607
1.84883
1.84378
1.84112
1.84034
1.84058
1.84098
1.84105
1.8407
1.84013
1.83964
1.83955
1.84009
1.84143
1.84368
1.84687
1.85092
1.85563
1.86068
1.86573
1.87046
1.87465
1.87819
1.88107
1.88334
1.88511
1.88646
1.88747
1.8882
1.88866
1.88884
1.88869
1.88814
1.88711
1.88552
1.88331
1.88045
1.87699
1.87309
1.86903
1.86518
1.86194
1.85966
1.85845
1.85819
1.85854
1.85899
1.85906
1.85832
1.85651
1.85355
1.84955
1.84488
1.84006
1.83579
1.83273
1.83134
1.83177
1.83376
1.83682
1.84034
1.84381
1.84686
1.84929
1.85108
1.85232
1.85318
1.85387
1.85459
1.85546
1.85652
1.85772
1.85893
1.86004
1.86097
1.86171
1.86236
1.86305
1.86396
1.86517
1.86673
1.86856
1.87049
1.87234
1.87392
1.87506
1.87565
1.87564
1.87502
1.8738
1.87206
1.86988
1.86735
1.86461
1.86178
1.85898
1.85632
1.85388
1.85169
1.84974
1.84799
1.84636
1.84476
1.84314
1.8415
1.8399
1.83848
1.83744
1.83695
1.83709
1.83785
1.8391
1.84063
1.84222
1.84373
1.84508
1.84631
1.84747
1.8487
1.85007
1.85166
1.85349
1.85553
1.85773
1.86003
1.86239
1.86477
1.86715
1.86952
1.87188
1.87424
1.87657
1.87884
1.88102
1.88307
1.88494
1.8866
1.88803
1.8892
1.89011
1.89073
1.89108
1.89113
1.89089
1.89034
1.88948
1.8883
1.88679
1.88496
1.88282
1.88037
1.87764
1.87463
1.87136
1.8679
1.86437
1.86104
1.85834
1.85679
1.85683
1.85865
1.86206
1.86652
1.87138
1.87604
1.88012
1.88346
1.88606
1.88799
1.88933
1.89014
1.89042
1.89015
1.88929
1.88774
1.88538
1.88203
1.87753
1.87185
1.86536
1.85907
1.85464
1.85385
1.85764
1.86544
1.87538
1.88526
1.89339
1.89889
1.90157
1.90162
1.89944
1.89554
1.89047
1.88482
1.87923
1.87425
1.87039
1.86795
1.86702
1.86744
1.86891
1.87098
1.87326
1.87542
1.8773
1.87891
1.8804
1.88198
1.88387
1.88617
1.88887
1.8918
1.8947
1.8973
1.89939
1.90082
1.90153
1.90155
1.90098
1.89993
1.89857
1.89706
1.89559
1.89433
1.89343
1.89301
1.8931
1.89365
1.89451
1.89543
1.89614
1.89628
1.89553
1.89354
1.89005
1.88495
1.8784
1.87102
1.86398
1.85884
1.85707
1.85938
1.86539
1.8738
1.88308
1.80815
1.81561
1.82162
1.82615
1.82927
1.83113
1.83189
1.83167
1.83063
1.82887
1.82652
1.82368
1.82049
1.81705
1.81351
1.80999
1.80662
1.80352
1.80077
1.79845
1.79658
1.79519
1.79425
1.79377
1.79372
1.79412
1.79496
1.79627
1.79804
1.80024
1.80279
1.80557
1.80843
1.81116
1.81359
1.81551
1.81678
1.81725
1.81685
1.81552
1.81332
1.81041
1.80706
1.80369
1.8008
1.79886
1.79817
1.79875
1.80038
1.80264
1.80504
1.80719
1.8088
1.80973
1.80992
1.8094
1.80826
1.80658
1.80449
1.80211
1.79958
1.79703
1.79459
1.79239
1.7905
1.78897
1.7878
1.78695
1.78639
1.78603
1.78582
1.78571
1.78566
1.78563
1.78563
1.78563
1.78565
1.78571
1.78581
1.78598
1.78623
1.78658
1.78702
1.78752
1.78804
1.78854
1.78896
1.78925
1.7894
1.78938
1.78919
1.78886
1.78841
1.78787
1.78725
1.7866
1.78593
1.78527
1.78463
1.78406
1.78358
1.78325
1.78313
1.78329
1.78378
1.78467
1.78598
1.78768
1.78972
1.79202
1.79445
1.79689
1.79922
1.80133
1.80314
1.8046
1.80566
1.80631
1.80655
1.80638
1.80583
1.80494
1.80376
1.80236
1.80082
1.79923
1.79766
1.79616
1.79475
1.79339
1.79202
1.79057
1.78901
1.78736
1.7857
1.78422
1.78311
1.78258
1.78274
1.78358
1.78502
1.78687
1.78894
1.79103
1.79299
1.79474
1.79619
1.79731
1.79805
1.79839
1.79825
1.79758
1.79627
1.79429
1.79163
1.7885
1.78528
1.78265
1.78139
1.78217
1.78528
1.79048
1.79709
1.80424
1.81118
1.81742
1.82269
1.82696
1.83026
1.83272
1.83443
1.83546
1.83586
1.83561
1.83466
1.83289
1.83013
1.82612
1.82058
1.81315
1.80347
1.79127
1.77643
1.7592
1.74034
1.72118
1.70363
1.68978
1.68145
1.67966
1.68437
1.69465
1.7091
1.72629
1.74487
1.76364
1.7815
1.79751
1.81108
1.82193
1.83013
1.83591
1.83965
1.84169
1.84235
1.84188
1.84047
1.83823
1.83522
1.83147
1.82704
1.822
1.8165
1.81081
1.8053
1.80042
1.79657
1.79397
1.79258
1.79207
1.79187
1.79131
1.78977
1.78679
1.78223
1.77635
1.76986
1.76392
1.75989
1.75894
1.76161
1.76763
1.77598
1.78532
1.7944
1.80234
1.80868
1.81332
1.81637
1.81809
1.81877
1.81874
1.81831
1.81777
1.81734
1.81717
1.81731
1.81772
1.81829
1.81885
1.81923
1.81928
1.81893
1.81815
1.81697
1.81545
1.81368
1.81168
1.80946
1.80703
1.80445
1.80194
1.7999
1.79885
1.7992
1.8011
1.80434
1.80839
1.81268
1.81675
1.82035
1.82343
1.82602
1.82813
1.82974
1.83074
1.83104
1.83059
1.82947
1.82788
1.82613
1.82455
1.82335
1.82257
1.82203
1.82134
1.82003
1.81753
1.81331
1.80689
1.79799
1.78682
1.77447
1.76311
1.75546
1.75336
1.75637
1.76201
1.76756
1.77176
1.77526
1.77971
1.78629
1.7948
1.80394
1.81219
1.81866
1.8232
1.82617
1.82818
1.82974
1.83119
1.83267
1.83417
1.83558
1.8368
1.83774
1.83838
1.83872
1.83878
1.8386
1.83822
1.83769
1.83702
1.83623
1.83535
1.83437
1.83331
1.83217
1.83099
1.82979
1.8286
1.82747
1.82641
1.82545
1.82458
1.82373
1.82281
1.82168
1.82017
1.81814
1.81552
1.81243
1.80923
1.80654
1.80514
1.80566
1.80834
1.81286
1.81849
1.82433
1.82957
1.83372
1.83652
1.83795
1.83814
1.83731
1.83572
1.83365
1.8314
1.82921
1.82731
1.82582
1.8248
1.82428
1.82427
1.82481
1.82602
1.82801
1.83085
1.83449
1.83871
1.84319
1.84755
1.85143
1.85455
1.85676
1.85795
1.85809
1.85717
1.85516
1.85209
1.84798
1.84297
1.83731
1.83142
1.82584
1.82123
1.81825
1.8174
1.81887
1.8225
1.82778
1.83397
1.84028
1.84603
1.85071
1.85403
1.85588
1.85636
1.85572
1.8543
1.85253
1.85085
1.84962
1.84905
1.8492
1.84996
1.85113
1.85245
1.85371
1.85473
1.85543
1.85581
1.85598
1.85609
1.85633
1.85688
1.85784
1.85917
1.86071
1.86215
1.86313
1.86324
1.86211
1.85939
1.85481
1.84817
1.83947
1.829
1.81744
1.80602
1.79635
1.79006
1.78826
1.79105
1.79748
1.80592
1.81469
1.82246
1.82846
1.83238
1.8343
1.83448
1.83329
1.83114
1.82845
1.82555
1.82272
1.82013
1.81787
1.81596
1.81438
1.81308
1.81204
1.81122
1.81062
1.81018
1.80985
1.80955
1.8092
1.80869
1.80796
1.80698
1.8057
1.80413
1.80226
1.80004
1.7974
1.79426
1.7906
1.78648
1.78219
1.77826
1.77536
1.77411
1.77486
1.7775
1.78151
1.7862
1.79094
1.79525
1.79893
1.80193
1.80429
1.80613
1.80757
1.8087
1.8096
1.81032
1.81088
1.81128
1.81151
1.81152
1.81128
1.81073
1.80982
1.80852
1.8068
1.80468
1.80223
1.79956
1.79681
1.79413
1.79166
1.78951
1.78773
1.78633
1.78533
1.7847
1.78445
1.78452
1.78487
1.78537
1.78592
1.7864
1.78672
1.78679
1.7866
1.78617
1.78561
1.78514
1.78507
1.78571
1.7873
1.78986
1.79319
1.79688
1.80042
1.80339
1.80547
1.8065
1.8065
1.80561
1.8041
1.80229
1.80058
1.79933
1.79885
1.79931
1.8007
1.80285
1.80548
1.80826
1.8109
1.81315
1.81486
1.81592
1.81629
1.81594
1.81491
1.81323
1.81102
1.80847
1.80584
1.80344
1.80164
1.80076
1.801
1.80244
1.80498
1.80837
1.8123
1.81642
1.82043
1.8241
1.82724
1.82975
1.83155
1.8326
1.83284
1.83221
1.83062
1.82796
1.82417
1.81922
1.81331
1.80694
1.80099
1.79663
1.79494
1.79646
1.80089
1.80716
1.81397
1.82014
1.82492
1.82793
1.82906
1.82839
1.82609
1.82238
1.81756
1.81203
1.80623
1.80071
1.79601
1.79264
1.79101
1.79138
1.79378
1.79803
1.80377
1.81051
1.81776
1.82501
1.83188
1.83804
1.8433
1.84753
1.85069
1.85278
1.85384
1.85394
1.85313
1.85151
1.84917
1.8462
1.84274
1.8389
1.83484
1.83073
1.82674
1.82302
1.81976
1.81708
1.81513
1.81397
1.81368
1.81426
1.81566
1.8178
1.82054
1.82372
1.82714
1.83061
1.83395
1.83699
1.83959
1.84164
1.84306
1.8438
1.84381
1.84304
1.84144
1.83896
1.83551
1.83098
1.82532
1.81851
1.81078
1.8027
1.79522
1.78962
1.78703
1.78797
1.79203
1.79808
1.80481
1.8111
1.81631
1.82018
1.82271
1.82407
1.82444
1.82404
1.82305
1.82164
1.81994
1.81807
1.81614
1.81423
1.81241
1.81075
1.80928
1.80804
1.80707
1.80638
1.80597
1.80583
1.80594
1.80625
1.80673
1.80731
1.80793
1.80855
1.8091
1.80953
1.80983
1.80997
1.80997
1.80983
1.80959
1.80931
1.80902
1.80878
1.80863
1.80859
1.80865
1.8088
1.80901
1.80922
1.80942
1.80957
1.80969
1.80981
1.80996
1.8102
1.81057
1.81107
1.81168
1.81236
1.81303
1.8136
1.81398
1.81407
1.8138
1.81306
1.81177
1.80984
1.80715
1.80361
1.79915
1.79375
1.78751
1.78069
1.77373
1.76725
1.76189
1.75816
1.7562
1.75582
1.75662
1.75821
1.76038
1.76304
1.76619
1.76971
1.77342
1.77713
1.78071
1.7842
1.78772
1.79143
1.79543
1.79969
1.80405
1.80828
1.81212
1.81535
1.81782
1.81946
1.82028
1.82033
1.81968
1.81843
1.81666
1.81441
1.81177
1.80881
1.80568
1.80257
1.79976
1.79754
1.79619
1.79587
1.79661
1.79829
1.80069
1.80359
1.80677
1.81003
1.81326
1.81634
1.8192
1.8218
1.8241
1.82608
1.82774
1.82908
1.83012
1.83087
1.83136
1.83161
1.83163
1.83144
1.83106
1.83052
1.82983
1.82904
1.8282
1.82737
1.82662
1.82605
1.82577
1.82588
1.82648
1.82761
1.82928
1.83144
1.83395
1.83662
1.8392
1.8414
1.8429
1.84342
1.84264
1.84035
1.83636
1.83062
1.82324
1.8145
1.80487
1.795
1.78567
1.77773
1.77202
1.76929
1.76999
1.7741
1.781
1.78964
1.79879
1.80742
1.81481
1.82059
1.82464
1.82699
1.82774
1.827
1.82493
1.82169
1.81746
1.8125
1.80718
1.80195
1.79734
1.79392
1.79213
1.79216
1.79393
1.79707
1.80109
1.80547
1.80977
1.81366
1.81694
1.81945
1.82112
1.82191
1.82183
1.82092
1.81928
1.81701
1.81422
1.81101
1.80746
1.80359
1.79941
1.79493
1.79019
1.78538
1.7808
1.77691
1.77423
1.77322
1.77416
1.77706
1.78165
1.78744
1.79383
1.80024
1.80616
1.81127
1.8154
1.81852
1.82069
1.82204
1.82269
1.82273
1.82224
1.82126
1.81975
1.81766
1.81492
1.81147
1.80731
1.80259
1.79765
1.79301
1.78927
1.78688
1.78602
1.78645
1.78776
1.78956
1.7917
1.79436
1.79779
1.80215
1.80731
1.81283
1.81814
1.82263
1.82584
1.82743
1.82719
1.82504
1.82101
1.81528
1.80829
1.8008
1.79375
1.78814
1.78459
1.78314
1.7832
1.78381
1.78401
1.78311
1.78081
1.77719
1.77271
1.76805
1.764
1.76126
1.76025
1.76108
1.76355
1.76726
1.77181
1.77682
1.782
1.78715
1.79212
1.79682
1.80121
1.8053
1.80912
1.8127
1.81605
1.81912
1.82179
1.82386
1.82509
1.82519
1.8239
1.82098
1.8163
1.80991
1.80214
1.79364
1.7854
1.77866
1.77455
1.77379
1.77638
1.78159
1.78827
1.79516
1.8013
1.80605
1.80916
1.81059
1.81045
1.80891
1.80616
1.80246
1.79809
1.79344
1.78889
1.78483
1.78148
1.7789
1.77691
1.77517
1.77332
1.77104
1.76817
1.76469
1.76076
1.75662
1.75256
1.74881
1.74551
1.7427
1.74038
1.73852
1.73719
1.73654
1.73682
1.7383
1.74118
1.74545
1.75087
1.757
1.76328
1.76916
1.77421
1.77812
1.80233
1.80349
1.80337
1.80212
1.79991
1.79692
1.79334
1.78934
1.78504
1.78055
1.7759
1.77117
1.76647
1.76203
1.75821
1.75548
1.75424
1.75474
1.75688
1.76034
1.76462
1.76924
1.77386
1.77824
1.78228
1.78596
1.78931
1.79235
1.7951
1.79759
1.79983
1.80183
1.8036
1.80514
1.80643
1.80746
1.80821
1.80864
1.80869
1.80828
1.80732
1.8057
1.8033
1.80005
1.79592
1.79106
1.78579
1.78064
1.77629
1.77338
1.77227
1.7729
1.7748
1.77732
1.77982
1.78184
1.78316
1.78377
1.78375
1.78327
1.78253
1.78166
1.78081
1.78005
1.7794
1.77883
1.7783
1.77772
1.77698
1.776
1.77471
1.77305
1.77102
1.76864
1.76602
1.7633
1.76075
1.75867
1.75741
1.75724
1.75826
1.76037
1.76329
1.76667
1.77015
1.77348
1.77649
1.7791
1.78129
1.78309
1.78453
1.78566
1.78655
1.78725
1.78784
1.78839
1.78895
1.78958
1.7903
1.79112
1.79201
1.79295
1.79389
1.79477
1.79555
1.79617
1.79657
1.79671
1.79653
1.79598
1.795
1.79353
1.79153
1.78897
1.78585
1.78222
1.77821
1.77402
1.76996
1.76635
1.76349
1.76158
1.76061
1.76036
1.76042
1.76024
1.7593
1.75722
1.75389
1.7496
1.74508
1.74132
1.73934
1.73981
1.74282
1.74804
1.7548
1.76239
1.77012
1.77743
1.78389
1.78924
1.79341
1.79641
1.79839
1.79949
1.7999
1.79978
1.79927
1.79848
1.7975
1.79637
1.79511
1.79376
1.79231
1.79079
1.78926
1.78778
1.78647
1.78543
1.78481
1.78468
1.78512
1.78609
1.78754
1.78932
1.7913
1.7933
1.79517
1.79681
1.79814
1.79913
1.79979
1.80015
1.8003
1.80031
1.80029
1.80034
1.80053
1.80092
1.80151
1.80227
1.8031
1.8039
1.80453
1.80488
1.80486
1.80444
1.80368
1.80273
1.80182
1.80125
1.8013
1.80217
1.80392
1.80643
1.80947
1.81273
1.81589
1.81869
1.82092
1.82241
1.82303
1.8227
1.82136
1.81899
1.8157
1.81175
1.80761
1.80393
1.80139
1.80053
1.80149
1.80399
1.8074
1.81103
1.81427
1.81674
1.81826
1.81884
1.81859
1.81767
1.81626
1.81455
1.81272
1.81092
1.8093
1.80797
1.80702
1.80649
1.80641
1.80674
1.80745
1.80846
1.8097
1.81107
1.81251
1.81394
1.81531
1.81657
1.8177
1.81868
1.81948
1.8201
1.82052
1.8207
1.82062
1.82025
1.81958
1.81859
1.8173
1.81576
1.81404
1.81227
1.81059
1.80912
1.80798
1.80723
1.80685
1.80681
1.80701
1.80737
1.80778
1.8082
1.80856
1.80885
1.80902
1.80904
1.80885
1.80841
1.80766
1.80658
1.80518
1.80351
1.80167
1.79981
1.79808
1.79666
1.79569
1.79524
1.79533
1.79593
1.79695
1.7983
1.79989
1.80166
1.80355
1.80552
1.80754
1.80954
1.81145
1.81318
1.81464
1.8157
1.81628
1.81631
1.81577
1.81469
1.81318
1.81145
1.80979
1.80851
1.80795
1.80831
1.80968
1.81198
1.81499
1.81844
1.82205
1.82561
1.82894
1.83198
1.83467
1.83702
1.83904
1.84075
1.84219
1.84338
1.84437
1.84517
1.84582
1.84633
1.8467
1.84694
1.84703
1.84693
1.84658
1.84591
1.84482
1.84321
1.841
1.83818
1.83482
1.83117
1.82765
1.82479
1.82315
1.82306
1.82445
1.82677
1.82903
1.82995
1.82822
1.82268
1.81276
1.79888
1.78296
1.76858
1.76041
1.76246
1.77557
1.7963
1.81885
1.83834
1.85236
1.86061
1.86388
1.86326
1.85972
1.85406
1.84687
1.83862
1.82973
1.82073
1.8123
1.80533
1.80069
1.79893
1.79998
1.80325
1.80792
1.8132
1.81856
1.82367
1.82834
1.83247
1.83603
1.83904
1.84159
1.84382
1.84592
1.84815
1.8507
1.85365
1.85687
1.85999
1.86255
1.86412
1.86436
1.86311
1.86036
1.85622
1.85092
1.84476
1.8381
1.83136
1.82499
1.81942
1.81502
1.81206
1.81062
1.81063
1.81184
1.81391
1.81649
1.81924
1.8219
1.82431
1.82639
1.82811
1.82951
1.83061
1.83145
1.83207
1.83247
1.83265
1.83261
1.83236
1.83188
1.83121
1.8304
1.82951
1.82863
1.82786
1.82727
1.82694
1.82689
1.82711
1.82756
1.82817
1.82887
1.82957
1.83022
1.83076
1.83113
1.83131
1.83126
1.83093
1.83029
1.82929
1.8279
1.8261
1.8239
1.82138
1.8187
1.81607
1.81376
1.81201
1.81097
1.81065
1.81092
1.81151
1.81217
1.81267
1.81287
1.81275
1.81232
1.81165
1.81075
1.80964
1.80829
1.8067
1.80489
1.80292
1.80085
1.79867
1.79623
1.79321
1.78919
1.78373
1.77663
1.76815
1.75925
1.75164
1.74741
1.74821
1.75435
1.76452
1.7764
1.78779
1.7973
1.80446
1.80946
1.81277
1.81494
1.81642
1.81752
1.8184
1.81909
1.81953
1.81963
1.81927
1.81837
1.81689
1.81486
1.81239
1.80971
1.80711
1.80495
1.80354
1.80307
1.80356
1.80484
1.80661
1.80853
1.81029
1.81169
1.81261
1.81304
1.81301
1.81258
1.81184
1.81083
1.80961
1.80824
1.80679
1.80535
1.80407
1.80308
1.80253
1.80246
1.80287
1.80362
1.8045
1.80525
1.8056
1.80531
1.80422
1.80224
1.79934
1.79561
1.79116
1.78615
1.78077
1.77517
1.76952
1.76404
1.75908
1.7552
1.75302
1.75303
1.75537
1.75966
1.76515
1.77099
1.77641
1.78085
1.78393
1.78542
1.78522
1.7834
1.78024
1.77631
1.77238
1.76933
1.7678
1.76806
1.76989
1.7728
1.7762
1.77963
1.78279
1.78552
1.78773
1.78936
1.79033
1.79061
1.79017
1.78902
1.78724
1.78494
1.78229
1.77949
1.77676
1.77429
1.77226
1.77083
1.77008
1.77007
1.77082
1.77226
1.77426
1.77663
1.7791
1.78137
1.78312
1.78409
1.78412
1.78318
1.78147
1.77938
1.77741
1.77609
1.77572
1.77634
1.77765
1.77921
1.7805
1.78115
1.78096
1.77988
1.77802
1.77555
1.77271
1.76973
1.76683
1.76424
1.76219
1.76088
1.76053
1.76127
1.76313
1.76598
1.76955
1.77349
1.77746
1.78118
1.78444
1.78715
1.78929
1.79088
1.79196
1.7926
1.79286
1.79278
1.79242
1.79181
1.79099
1.78997
1.7888
1.78749
1.78608
1.78461
1.78312
1.78166
1.78029
1.77906
1.77802
1.77721
1.77666
1.77639
1.77637
1.7766
1.77703
1.77763
1.77835
1.77915
1.78
1.78088
1.78176
1.78265
1.78354
1.78444
1.78536
1.78631
1.7873
1.78836
1.78947
1.79065
1.79188
1.79315
1.79442
1.79567
1.79686
1.79793
1.79882
1.7995
1.79989
1.79996
1.79968
1.79902
1.79797
1.79657
1.79487
1.79292
1.79084
1.78875
1.78678
1.78508
1.78379
1.78304
1.78293
1.78347
1.78463
1.78628
1.78821
1.79017
1.79192
1.79331
1.79434
1.7952
1.79626
1.798
1.80082
1.80489
1.81007
1.81591
1.82184
1.82731
1.83194
1.83549
1.83792
1.8393
1.8398
1.83963
1.83906
1.83835
1.83773
1.83738
1.83739
1.83775
1.83838
1.83913
1.83981
1.84025
1.84031
1.83987
1.83885
1.8372
1.83489
1.8319
1.82818
1.82369
1.81842
1.81239
1.80581
1.79911
1.79303
1.7886
1.7868
1.78829
1.79298
1.8001
1.80846
1.81688
1.8245
1.83083
1.83573
1.83925
1.84159
1.84297
1.84364
1.84379
1.84361
1.84324
1.84281
1.84239
1.84204
1.8418
1.84168
1.84167
1.84176
1.84193
1.84216
1.84242
1.8427
1.84298
1.84328
1.84359
1.84391
1.84424
1.84459
1.84493
1.84522
1.84537
1.84525
1.84465
1.84326
1.84067
1.83637
1.82979
1.82052
1.80873
1.79565
1.78393
1.77694
1.77703
1.78387
1.79483
1.80668
1.81723
1.82555
1.83164
1.83585
1.83858
1.84015
1.84075
1.84048
1.83938
1.83744
1.83465
1.8311
1.82697
1.82262
1.81857
1.81542
1.8137
1.81365
1.81517
1.8178
1.82096
1.82408
1.82675
1.82875
1.83003
1.83065
1.83073
1.83042
1.82987
1.82919
1.8285
1.82787
1.82736
1.82699
1.82678
1.82673
1.82683
1.82707
1.82743
1.8279
1.82847
1.82911
1.82981
1.83054
1.83129
1.83203
1.83274
1.8334
1.83399
1.83449
1.83488
1.83516
1.83531
1.83534
1.83523
1.83499
1.83461
1.83409
1.83344
1.83265
1.83171
1.83061
1.82932
1.8278
1.82601
1.82392
1.82153
1.81888
1.81606
1.81327
1.81069
1.80849
1.80672
1.80523
1.80371
1.80177
1.79901
1.79519
1.79036
1.78487
1.77937
1.77462
1.77127
1.76971
1.76998
1.77189
1.77514
1.77945
1.78449
1.78998
1.79561
1.80108
1.80614
1.81065
1.81449
1.81765
1.82015
1.82206
1.82344
1.82438
1.82493
1.82519
1.82519
1.825
1.82466
1.8242
1.82367
1.82306
1.82239
1.82164
1.82079
1.81979
1.81857
1.81706
1.81516
1.81276
1.80975
1.80603
1.80153
1.79623
1.7902
1.78359
1.7767
1.76992
1.76375
1.75873
1.75542
1.75426
1.75555
1.75934
1.76537
1.77309
1.78179
1.7907
1.79917
1.80676
1.8132
1.81842
1.82242
1.82531
1.82721
1.82823
1.8285
1.82812
1.82718
1.82574
1.82385
1.82156
1.81891
1.81591
1.81261
1.80904
1.80525
1.8013
1.79728
1.79331
1.78955
1.78617
1.7834
1.78141
1.78039
1.78041
1.78147
1.78347
1.78623
1.7895
1.79305
1.79666
1.80015
1.80339
1.8063
1.80882
1.81095
1.81269
1.81405
1.81507
1.81576
1.81617
1.81633
1.81626
1.81599
1.81555
1.81496
1.81424
1.8134
1.81245
1.8114
1.81026
1.80903
1.80772
1.80631
1.80482
1.80326
1.80163
1.79995
1.79826
1.79661
1.79503
1.79358
1.79232
1.79127
1.79043
1.7898
1.78932
1.78892
1.78857
1.78823
1.7879
1.78761
1.78742
1.78739
1.78757
1.78798
1.78863
1.7895
1.7906
1.79195
1.79356
1.79546
1.79767
1.8024
1.80516
1.80807
1.81103
1.81393
1.81664
1.81911
1.82125
1.82306
1.82453
1.82569
1.82657
1.82723
1.8277
1.82805
1.8283
1.82847
1.82858
1.82862
1.8286
1.82848
1.82823
1.82782
1.82718
1.82622
1.82481
1.8228
1.82003
1.81634
1.81167
1.80608
1.7999
1.79369
1.78823
1.78428
1.78232
1.78243
1.78426
1.78732
1.79116
1.79547
1.80005
1.80474
1.8094
1.81385
1.81796
1.82161
1.82472
1.82723
1.8291
1.83031
1.83085
1.83078
1.8302
1.82928
1.82825
1.82737
1.8269
1.82705
1.82791
1.82949
1.83165
1.83422
1.83698
1.83975
1.84236
1.84471
1.84673
1.84838
1.84965
1.85052
1.851
1.8511
1.85087
1.85033
1.84956
1.84865
1.8477
1.84683
1.84614
1.84571
1.84559
1.84576
1.84617
1.84676
1.84742
1.8481
1.84873
1.84929
1.84978
1.85021
1.8506
1.85095
1.85129
1.85161
1.85192
1.85222
1.85251
1.8528
1.85313
1.8535
1.85392
1.85442
1.85496
1.85553
1.85609
1.85661
1.85706
1.85745
1.85782
1.85822
1.8587
1.85932
1.86011
1.86109
1.86228
1.8637
1.8654
1.86739
1.86963
1.87198
1.87421
1.87598
1.87697
1.87693
1.87574
1.87343
1.87019
1.86636
1.86232
1.85849
1.85528
1.85307
1.85221
1.85291
1.85521
1.85895
1.86375
1.86912
1.8746
1.87976
1.88432
1.88807
1.89092
1.89283
1.89384
1.89402
1.89352
1.89257
1.89143
1.8904
1.88974
1.88961
1.89003
1.89088
1.89193
1.89289
1.89347
1.89343
1.89255
1.89071
1.88791
1.88429
1.88014
1.87596
1.8723
1.86961
1.86812
1.86768
1.86785
1.86804
1.86769
1.86635
1.86376
1.85982
1.85462
1.84857
1.84253
1.83787
1.83618
1.83857
1.84502
1.85434
1.86469
1.87443
1.88248
1.8884
1.89219
1.89407
1.89439
1.8935
1.89175
1.88946
1.88691
1.88437
1.88206
1.88017
1.8789
1.8784
1.87876
1.88
1.88205
1.88471
1.88774
1.89086
1.8938
1.8964
1.89855
1.90024
1.9015
1.90238
1.90298
1.90336
1.90361
1.90383
1.90414
1.90462
1.90538
1.90647
1.90792
1.90968
1.9117
1.91388
1.91614
1.91839
1.92055
1.92256
1.9244
1.92603
1.92742
1.92856
1.92941
1.92993
1.93004
1.92961
1.92844
1.9262
1.92242
1.91643
1.90741
1.89462
1.87803
1.85926
1.84236
1.8327
1.83364
1.84386
1.85861
1.87331
1.88551
1.8947
1.90128
1.90584
1.90889
1.91077
1.91171
1.91189
1.91141
1.91035
1.90874
1.90654
1.90377
1.90052
1.89711
1.89417
1.89257
1.89321
1.8966
1.90264
1.91058
1.91939
1.92808
1.93599
1.94278
1.94835
1.95277
1.95616
1.95864
1.96031
1.96124
1.96146
1.96097
1.95977
1.95785
1.95525
1.95203
1.94833
1.94436
1.94043
1.93693
1.93423
1.93264
1.93231
1.93316
1.93495
1.93731
1.93992
1.94253
1.94508
1.9476
1.95017
1.95285
1.95563
1.9584
1.96098
1.96318
1.96478
1.96563
1.9656
1.96466
1.9628
1.96013
1.9568
1.95305
1.94913
1.94521
1.94124
1.93686
1.9313
1.92364
1.91323
1.90064
1.88868
1.88242
1.88666
1.90222
1.92503
1.94928
1.9708
1.98787
2.00045
2.0092
2.01487
2.01813
2.01945
2.01918
2.01761
2.01495
2.01147
2.00749
2.00346
1.99985
1.99711
1.99554
1.99515
1.99563
1.99645
1.99696
1.99653
1.99465
1.99094
1.98515
1.97727
1.96759
1.95694
1.94678
1.93898
1.93517
1.93593
1.94054
1.9475
1.95528
1.96279
1.96947
1.97509
1.9796
1.98303
1.98544
1.98691
1.98756
1.9875
1.98682
1.98562
1.98401
1.98208
1.97992
1.97762
1.97531
1.97309
1.97106
1.96929
1.96785
1.96674
1.96597
1.96549
1.96523
1.96511
1.96503
1.96488
1.96452
1.96376
1.96232
1.95985
1.95588
1.94998
1.94195
1.9322
1.92206
1.91374
1.9095
1.9103
1.91513
1.92161
1.92729
1.93061
1.93101
1.92874
1.92453
1.9194
1.91448
1.91081
1.90909
1.90948
1.91164
1.91486
1.91838
1.9216
1.9242
1.9261
1.92744
1.92845
1.92941
1.93058
1.93212
1.93406
1.93628
1.93856
1.94067
1.94251
1.94412
1.94567
1.94735
1.94933
1.95168
1.9543
1.95701
1.95956
1.96165
1.96302
1.96342
1.96266
1.96058
1.95712
1.95229
1.94621
1.93916
1.93153
1.92385
1.91674
1.91093
1.90722
1.90633
1.90864
1.91397
1.92147
1.92992
1.93807
1.94492
1.94989
1.95272
1.95345
1.95225
1.94941
1.94524
1.94009
1.93432
1.92829
1.9224
1.91702
1.91248
1.90907
1.90702
1.90645
1.90739
1.90978
1.91345
1.91821
1.92379
1.92994
1.93637
1.94287
1.94923
1.95529
1.96092
1.96604
1.97058
1.97447
1.97766
1.98007
1.98159
1.98209
1.98141
1.97934
1.97568
1.9702
1.96273
1.95307
1.94112
1.92703
1.91153
1.8963
1.88373
1.87567
1.87205
1.87079
1.86955
1.86749
1.86567
1.86609
1.87018
1.87785
1.8876
1.89746
1.90586
1.91195
1.91546
1.9165
1.9153
1.91216
1.90746
1.90176
1.89593
1.89114
1.88861
1.88919
1.89296
1.89921
1.90679
1.9146
1.9219
1.92832
1.93373
1.93814
1.94153
1.9438
1.94476
1.94414
1.94155
1.93653
1.92872
1.91801
1.90493
1.89097
1.87869
1.87106
1.87021
1.87629
1.88746
1.90086
1.91385
1.92462
1.93224
1.93641
1.93711
1.93442
1.9284
1.91916
1.90706
1.89305
1.87894
1.86738
1.86101
1.86123
1.86734
1.87696
1.88732
1.89631
1.90284
1.90665
1.90807
1.90773
1.90646
1.90517
1.90471
1.90571
1.90845
1.91282
1.91834
1.92433
1.93011
1.93515
1.93917
1.9421
1.94407
1.94531
1.946
1.94629
1.9462
1.94563
1.94445
1.9425
1.93964
1.9358
1.93102
1.92543
1.91933
1.91309
1.90719
1.90214
1.89834
1.89606
1.89538
1.89614
1.89807
1.90079
1.90393
1.90712
1.91009
1.91261
1.91453
1.91573
1.91616
1.91578
1.9146
1.91263
1.90992
1.90651
1.90251
1.89803
1.89322
1.88831
1.88353
1.87916
1.87548
1.87271
1.87101
1.87037
1.87071
1.87185
1.87355
1.87559
1.87779
1.87998
1.88206
1.88392
1.88549
1.88668
1.88743
1.88768
1.88741
1.88663
1.88541
1.88389
1.88228
1.88085
1.87988
1.87957
1.88005
1.8813
1.88317
1.88541
1.88776
1.88996
1.89179
1.89311
1.89386
1.89403
1.8937
1.89299
1.89206
1.89109
1.89018
1.88941
1.8887
1.88791
1.8868
1.88516
1.88285
1.87983
1.87618
1.8721
1.86776
1.86326
1.85856
1.85362
1.8486
1.8441
1.84115
1.84091
1.84404
1.85033
1.85873
1.86785
1.87646
1.88374
1.88932
1.89316
1.89542
1.89637
1.89631
1.89556
1.8944
1.89311
1.8919
1.89092
1.89027
1.89001
1.89014
1.89065
1.89152
1.89272
1.89421
1.89597
1.89794
1.9001
1.90238
1.90472
1.90705
1.90929
1.91138
1.91325
1.9148
1.91598
1.9167
1.9169
1.91652
1.91553
1.91395
1.91182
1.90928
1.90647
1.90359
1.90084
1.89836
1.89627
1.8946
1.89336
1.89248
1.89184
1.89128
1.89065
1.88991
1.88921
1.88895
1.88962
1.89166
1.89514
1.89978
1.90501
1.91021
1.9149
1.91881
1.92185
1.92408
1.92561
1.92656
1.92704
1.92717
1.92702
1.92664
1.92611
1.92545
1.92474
1.92401
1.92333
1.92273
1.92227
1.92196
1.9218
1.92175
1.92174
1.92166
1.92136
1.92068
1.91944
1.91745
1.9146
1.91079
1.90606
1.90057
1.89453
1.88821
1.88182
1.87544
1.86914
1.86305
1.85759
1.85349
1.85155
1.85228
1.85559
1.86079
1.86686
1.87281
1.87792
1.88178
1.88428
1.88545
1.88547
1.88453
1.88283
1.88056
1.87791
1.87504
1.87211
1.86924
1.86652
1.864
1.86168
1.85946
1.85725
1.8549
1.85228
1.84928
1.84586
1.84203
1.83792
1.83374
1.82976
1.82632
1.82372
1.8222
1.82185
1.82264
1.82438
1.82681
1.82964
1.83262
1.83552
1.83819
1.84053
1.84249
1.84404
1.84521
1.846
1.84646
1.8466
1.84646
1.84605
1.84537
1.84444
1.84325
1.84177
1.84
1.8379
1.83547
1.83268
1.82955
1.82607
1.82228
1.8182
1.81387
1.80931
1.80452
1.7995
1.79421
1.78867
1.78292
1.77711
1.77149
1.76638
1.76213
1.75905
1.75727
1.75677
1.75739
1.75889
1.76103
1.76363
1.76658
1.76983
1.77334
1.7771
1.78104
1.78509
1.78915
1.7931
1.79683
1.80025
1.80328
1.80588
1.80804
1.80974
1.811
1.81184
1.81227
1.81231
1.81198
1.81128
1.81023
1.80885
1.80716
1.8052
1.80304
1.80075
1.79847
1.79629
1.79436
1.79278
1.7916
1.79086
1.79053
1.79054
1.7908
1.79122
1.79171
1.79218
1.79259
1.79289
1.79305
1.79303
1.79281
1.79235
1.79161
1.79057
1.78921
1.78757
1.78573
1.78383
1.78205
1.7806
1.77966
1.77935
1.77969
1.78062
1.782
1.78368
1.78551
1.78737
1.7892
1.79095
1.7926
1.79415
1.79558
1.79684
1.79787
1.7986
1.79892
1.7987
1.7978
1.7961
1.79345
1.78981
1.78518
1.77978
1.77401
1.76847
1.76389
1.76092
1.75991
1.76082
1.76325
1.76664
1.77043
1.77425
1.77787
1.78122
1.78427
1.78705
1.78957
1.79181
1.79376
1.79536
1.79656
1.79733
1.79763
1.79744
1.79674
1.79547
1.79351
1.7907
1.78687
1.78197
1.77627
1.7705
1.76579
1.76326
1.76346
1.76601
1.76986
1.77383
1.7771
1.77935
1.78065
1.78119
1.7812
1.78092
1.78062
1.78058
1.78105
1.78211
1.78368
1.7855
1.78724
1.78863
1.78946
1.78967
1.78929
1.78849
1.78746
1.78647
1.78577
1.78556
1.78594
1.78689
1.78834
1.79016
1.79226
1.79457
1.79708
1.80254
1.8053
1.80804
1.8106
1.81281
1.81447
1.81541
1.81549
1.81457
1.81254
1.80935
1.80498
1.79958
1.79344
1.78706
1.78112
1.77636
1.77341
1.77264
1.7741
1.7775
1.78237
1.78813
1.79421
1.80019
1.80578
1.81084
1.81533
1.81924
1.82252
1.8251
1.82688
1.82772
1.82751
1.82621
1.82383
1.82048
1.81638
1.81185
1.80727
1.80303
1.79951
1.79701
1.79577
1.79593
1.79748
1.80028
1.80403
1.80833
1.81275
1.81688
1.82039
1.82302
1.82462
1.82513
1.82456
1.823
1.82064
1.81774
1.81468
1.81194
1.81007
1.80967
1.81117
1.81466
1.8198
1.82587
1.83199
1.83737
1.84149
1.84409
1.84519
1.84498
1.84378
1.84198
1.84001
1.83825
1.83702
1.83646
1.83658
1.83727
1.83836
1.83968
1.84113
1.84266
1.84429
1.84606
1.84797
1.85001
1.85211
1.85416
1.85601
1.85747
1.85834
1.85832
1.85706
1.85409
1.84887
1.84089
1.83
1.81697
1.80401
1.79462
1.79205
1.7971
1.80755
1.81979
1.83084
1.83928
1.84489
1.84807
1.84943
1.8495
1.84875
1.84755
1.8462
1.84493
1.84393
1.84333
1.8432
1.84353
1.8443
1.84541
1.84677
1.84824
1.84972
1.85105
1.85209
1.85266
1.85255
1.85153
1.8494
1.84607
1.84169
1.83674
1.83206
1.82868
1.8274
1.82841
1.83111
1.83445
1.83743
1.83944
1.84049
1.84109
1.84199
1.84392
1.84734
1.85225
1.85828
1.86484
1.8713
1.87711
1.88193
1.88553
1.88786
1.88894
1.88889
1.88792
1.88628
1.88428
1.88227
1.88057
1.87942
1.87895
1.87912
1.87979
1.88071
1.8816
1.8822
1.88228
1.88167
1.88028
1.87809
1.87521
1.87187
1.8684
1.86527
1.86298
1.862
1.86268
1.86518
1.86941
1.87507
1.88175
1.88896
1.89625
1.90321
1.90953
1.91495
1.91927
1.92229
1.92383
1.92371
1.92173
1.91768
1.91138
1.90272
1.89172
1.87859
1.86379
1.8482
1.83315
1.8205
1.81245
1.8109
1.81656
1.82838
1.84388
1.8602
1.87509
1.8873
1.89647
1.90279
1.90673
1.90882
1.90959
1.90947
1.9088
1.90783
1.90672
1.90556
1.90438
1.90317
1.90192
1.90058
1.89914
1.89757
1.8959
1.89414
1.89236
1.89062
1.88898
1.88749
1.88617
1.88504
1.88406
1.88324
1.88259
1.88212
1.88188
1.88193
1.88227
1.88288
1.88371
1.88464
1.88558
1.88639
1.88701
1.88738
1.88748
1.88731
1.88692
1.88634
1.8856
1.88476
1.88385
1.88287
1.88184
1.88073
1.87954
1.8782
1.87669
1.87494
1.87294
1.8707
1.86828
1.86581
1.86349
1.86158
1.86031
1.85991
1.86046
1.86193
1.86417
1.86695
1.87002
1.87319
1.87631
1.87931
1.88218
1.8849
1.88742
1.88966
1.89151
1.89281
1.89343
1.89331
1.89247
1.89115
1.88974
1.88881
1.88892
1.89046
1.89351
1.89776
1.90267
1.90764
1.91217
1.91591
1.91873
1.9206
1.92158
1.92178
1.9213
1.92019
1.91851
1.91624
1.91333
1.90971
1.90532
1.9001
1.89411
1.88753
1.88068
1.87409
1.86841
1.86432
1.86243
1.86312
1.86649
1.87231
1.88003
1.88888
1.898
1.90659
1.914
1.91982
1.92382
1.92593
1.92623
1.92485
1.922
1.91792
1.91291
1.90735
1.90172
1.89657
1.89244
1.8898
1.88888
1.88964
1.89178
1.8948
1.8982
1.9015
1.90436
1.90656
1.90802
1.90871
1.90865
1.90789
1.90648
1.9045
1.902
1.89905
1.89574
1.89219
1.88855
1.88498
1.8817
1.87892
1.87682
1.87555
1.87515
1.87557
1.87667
1.87821
1.87993
1.88159
1.88294
1.8838
1.88402
1.88346
1.88208
1.87984
1.87685
1.87327
1.86945
1.86582
1.86287
1.86103
1.86051
1.86128
1.86303
1.86533
1.86774
1.86989
1.87153
1.87252
1.87281
1.8724
1.87132
1.86958
1.86723
1.86429
1.86081
1.85684
1.85248
1.84786
1.84316
1.8386
1.83445
1.83094
1.82828
1.82657
1.82583
1.82594
1.82673
1.82797
1.82947
1.83109
1.83273
1.83435
1.83596
1.83753
1.83906
1.84048
1.8417
1.84259
1.84302
1.84286
1.84198
1.84032
1.83785
1.83465
1.83093
1.82702
1.8234
1.82052
1.8187
1.81799
1.81809
1.8185
1.81866
1.81817
1.81701
1.81554
1.81441
1.81433
1.81576
1.81871
1.82274
1.82719
1.83142
1.83501
1.83773
1.83954
1.84047
1.84055
1.83977
1.83802
1.83505
1.83054
1.8241
1.81552
1.80508
1.79401
1.78461
1.77962
1.7808
1.78774
1.79814
1.80923
1.81907
1.82678
1.8323
1.83597
1.83822
1.83945
1.83995
1.83994
1.83957
1.83892
1.83802
1.83689
1.83551
1.83386
1.83198
1.82994
1.82794
1.82628
1.82536
1.82551
1.8269
1.82942
1.83269
1.83615
1.83923
1.84151
1.84275
1.84293
1.84223
1.84095
1.83944
1.83803
1.83693
1.83622
1.83583
1.83559
1.83526
1.83464
1.83357
1.83199
1.82995
1.82758
1.82506
1.82263
1.82052
1.81894
1.81803
1.81788
1.81852
1.81996
1.82219
1.82517
1.82889
1.83329
1.83831
1.8438
1.8496
1.85549
1.86122
1.86658
1.87137
1.87542
1.87863
1.88089
1.88212
1.88227
1.88126
1.87907
1.87571
1.87132
1.8662
1.86088
1.85602
1.85234
1.85036
1.8502
1.85155
1.85385
1.85648
1.85895
1.86101
1.86261
1.86383
1.86478
1.86557
1.86626
1.8668
1.86709
1.86691
1.86603
1.86416
1.86102
1.85637
1.85003
1.842
1.83255
1.82229
1.81219
1.8035
1.79742
1.79474
1.79561
1.79952
1.80557
1.81277
1.82029
1.82756
1.83423
1.84015
1.84525
1.84951
1.85291
1.85541
1.85698
1.85758
1.85721
1.85594
1.85385
1.85111
1.84792
1.8445
1.84111
1.83796
1.83526
1.83314
1.8317
1.83095
1.83087
1.83139
1.83241
1.83381
1.83548
1.83728
1.83914
1.84096
1.84268
1.84427
1.84569
1.8469
1.84787
1.84854
1.84878
1.84843
1.84723
1.8448
1.84066
1.83428
1.82526
1.81373
1.80084
1.7891
1.78174
1.78102
1.78666
1.79607
1.80605
1.81434
1.82003
1.82317
1.82422
1.82378
1.82243
1.82069
1.81899
1.81768
1.81697
1.81689
1.81735
1.81815
1.81907
1.81989
1.82047
1.82068
1.82043
1.81962
1.81822
1.81634
1.81432
1.81274
1.81236
1.81383
1.81742
1.82288
1.82952
1.83652
1.84312
1.84883
1.85339
1.85672
1.85886
1.85988
1.85985
1.85886
1.85697
1.85431
1.85101
1.8473
1.84346
1.83981
1.83669
1.83435
1.83293
1.83242
1.83271
1.83366
1.8351
1.83695
1.83913
1.84162
1.8444
1.84738
1.85046
1.85347
1.85619
1.85839
1.85982
1.8603
1.85969
1.85797
1.85528
1.85196
1.84853
1.84563
1.84389
1.84367
1.84498
1.84747
1.85052
1.85352
1.85601
1.85779
1.85885
1.85941
1.85972
1.86007
1.86062
1.86144
1.86244
1.86346
1.86432
1.86485
1.86499
1.86474
1.86423
1.86364
1.86322
1.86325
1.86394
1.86542
1.86772
1.87071
1.87418
1.87787
1.88151
1.88486
1.88773
1.88999
1.89154
1.89231
1.89229
1.89149
1.88999
1.88789
1.88539
1.88272
1.88013
1.87786
1.8761
1.87496
1.87445
1.87452
1.87503
1.87583
1.87673
1.87753
1.87807
1.87819
1.87776
1.87667
1.87482
1.87209
1.86839
1.86367
1.85804
1.8519
1.84605
1.84162
1.83985
1.84149
1.84643
1.85366
1.86174
1.86936
1.87568
1.88045
1.88384
1.88629
1.88832
1.89038
1.89277
1.89557
1.89869
1.90189
1.90486
1.90731
1.90896
1.9096
1.90909
1.90736
1.90445
1.90051
1.89586
1.89093
1.88618
1.88198
1.87841
1.87524
1.87204
1.86837
1.86401
1.85911
1.85416
1.84988
1.847
1.84603
1.84714
1.85012
1.8545
1.85968
1.86508
1.87024
1.8748
1.87857
1.88147
1.88348
1.88466
1.88508
1.88483
1.88399
1.88265
1.88087
1.87873
1.87631
1.8737
1.87102
1.86843
1.86612
1.86429
1.86316
1.86291
1.86363
1.8653
1.86779
1.87084
1.8741
1.87714
1.87953
1.88078
1.88044
1.87811
1.87348
1.86654
1.8576
1.84753
1.8376
1.82931
1.82384
1.82162
1.82209
1.82404
1.82608
1.82717
1.82679
1.82493
1.82205
1.81896
1.81675
1.81641
1.81851
1.82297
1.8292
1.83643
1.84395
1.85124
1.85795
1.86382
1.86869
1.8725
1.87523
1.87691
1.87762
1.87746
1.87651
1.87486
1.87257
1.86969
1.86628
1.8624
1.85813
1.85359
1.84896
1.84445
1.84034
1.83686
1.83422
1.83251
1.8317
1.83163
1.83209
1.83283
1.83363
1.83432
1.8348
1.83503
1.835
1.83472
1.83424
1.8336
1.83284
1.83199
1.8311
1.8302
1.8293
1.82842
1.82759
1.82682
1.8261
1.82546
1.82488
1.82438
1.82396
1.8236
1.8233
1.82305
1.82284
1.82264
1.82244
1.82222
1.82194
1.82159
1.82115
1.82058
1.81987
1.81903
1.81804
1.81693
1.8157
1.8144
1.81306
1.81172
1.81044
1.80925
1.80822
1.80741
1.80688
1.80669
1.80692
1.80762
1.80882
1.81048
1.81252
1.81481
1.81714
1.81928
1.82099
1.82203
1.82218
1.82128
1.81921
1.81597
1.81169
1.80667
1.80142
1.79655
1.7927
1.79028
1.78943
1.7899
1.79126
1.79299
1.79467
1.79602
1.79691
1.79737
1.79753
1.7976
1.79781
1.79839
1.79944
1.80097
1.80286
1.80493
1.80699
1.80887
1.81048
1.81178
1.81282
1.81366
1.81437
1.81504
1.81575
1.81654
1.81746
1.81852
1.81972
1.82101
1.82235
1.82364
1.8248
1.82571
1.82627
1.82641
1.8261
1.82536
1.8243
1.8231
1.82199
1.82117
1.82078
1.8208
1.82107
1.82132
1.82123
1.82051
1.819
1.81665
1.81355
1.80991
1.806
1.80212
1.79851
1.79538
1.79287
1.79115
1.7904
1.79085
1.80201
1.80562
1.81068
1.81688
1.82375
1.83077
1.83743
1.84336
1.84832
1.85215
1.8548
1.85626
1.8565
1.85552
1.85328
1.84971
1.84478
1.83849
1.83102
1.82285
1.81484
1.80819
1.80416
1.80358
1.80646
1.81199
1.8189
1.82599
1.8324
1.8377
1.84175
1.8446
1.84639
1.84727
1.84738
1.84687
1.8459
1.84467
1.84342
1.8424
1.84186
1.84196
1.84273
1.84403
1.84561
1.8472
1.84852
1.84945
1.84994
1.8501
1.85008
1.8501
1.85037
1.85104
1.85223
1.85396
1.85619
1.85884
1.86176
1.86481
1.86782
1.87064
1.87313
1.87516
1.8766
1.87737
1.87739
1.87664
1.87516
1.87306
1.87054
1.86787
1.86536
1.86326
1.86172
1.86067
1.85986
1.85888
1.85739
1.85536
1.85329
1.85219
1.85333
1.8575
1.86456
1.87336
1.88228
1.88987
1.89513
1.89754
1.89697
1.89356
1.88779
1.88048
1.87288
1.86644
1.86239
1.86122
1.86261
1.86571
1.86958
1.87358
1.87742
1.88096
1.88412
1.88678
1.88881
1.89006
1.89047
1.89009
1.88907
1.88764
1.88612
1.8848
1.88394
1.88371
1.88413
1.88514
1.88655
1.88815
1.88974
1.89113
1.89224
1.89304
1.89354
1.8938
1.89386
1.89374
1.89346
1.89303
1.89245
1.89172
1.89084
1.88984
1.8887
1.88745
1.88612
1.88473
1.88336
1.88208
1.88098
1.88013
1.87961
1.87946
1.87967
1.88021
1.88103
1.88202
1.88309
1.88415
1.88514
1.88599
1.88669
1.88725
1.88767
1.88798
1.88816
1.88819
1.88803
1.88762
1.88693
1.88599
1.88489
1.88386
1.88317
1.88315
1.88405
1.88598
1.88889
1.89254
1.89662
1.90078
1.90472
1.90818
1.911
1.91303
1.91417
1.9143
1.91333
1.91118
1.90784
1.90338
1.89801
1.89206
1.88587
1.87975
1.87383
1.86815
1.86288
1.85851
1.8558
1.85549
1.85784
1.86248
1.86855
1.87507
1.8812
1.8863
1.88987
1.89163
1.8914
1.88921
1.88524
1.87994
1.87402
1.8685
1.86449
1.86291
1.86405
1.86754
1.87247
1.87788
1.88307
1.88775
1.89187
1.89554
1.89881
1.9017
1.90414
1.90607
1.90748
1.90837
1.90881
1.90894
1.9089
1.90883
1.90889
1.9092
1.90982
1.91074
1.91191
1.91318
1.91438
1.91528
1.9157
1.91544
1.91437
1.91246
1.90974
1.90637
1.90263
1.89894
1.89583
1.89389
1.89368
1.89554
1.89946
1.9051
1.91184
1.919
1.92598
1.93237
1.93794
1.9426
1.94639
1.94937
1.95164
1.9533
1.95441
1.95503
1.95521
1.95496
1.95429
1.95319
1.95165
1.94962
1.94708
1.94402
1.94053
1.93675
1.93296
1.92955
1.92689
1.92532
1.92502
1.92592
1.92777
1.93019
1.93272
1.93498
1.93665
1.93748
1.93729
1.93592
1.9333
1.92942
1.92437
1.91839
1.91184
1.9052
1.89899
1.89369
1.88969
1.88729
1.8867
1.88802
1.89131
1.89643
1.9031
1.91082
1.919
1.92702
1.93434
1.94056
1.9455
1.94913
1.95156
1.95303
1.95379
1.95408
1.95412
1.95405
1.95395
1.95386
1.95377
1.95369
1.95361
1.95357
1.95359
1.95371
1.95395
1.95429
1.95463
1.95485
1.95476
1.95421
1.95305
1.95124
1.9489
1.9463
1.94392
1.94231
1.94195
1.94313
1.94575
1.9494
1.95346
1.95724
1.96013
1.9616
1.96126
1.95883
1.95421
1.94765
1.93985
1.93198
1.92537
1.92092
1.91857
1.91726
1.91553
1.91219
1.90676
1.89949
1.89111
1.8826
1.87493
1.86884
1.86482
1.86305
1.86362
1.86653
1.87156
1.87807
1.88487
1.89057
1.89407
1.89511
1.89438
1.8934
1.8938
1.89661
1.9018
1.90857
1.91598
1.92342
1.93066
1.93773
1.9447
1.95153
1.95812
1.96428
1.96982
1.97457
1.9784
1.9813
1.98329
1.98446
1.98489
1.98468
1.98388
1.98252
1.98057
1.978
1.97472
1.97064
1.96567
1.95968
1.95255
1.94416
1.93451
1.92378
1.91245
1.90144
1.89196
1.88536
1.88268
1.88429
1.88971
1.89782
1.90725
1.91674
1.92537
1.93257
1.93808
1.94179
1.94365
1.94369
1.94199
1.9388
1.93453
1.92981
1.92544
1.9223
1.92114
1.92235
1.92579
1.93088
1.93676
1.94261
1.94783
1.95208
1.95526
1.95741
1.95866
1.95916
1.95903
1.95839
1.9573
1.95582
1.95395
1.95169
1.94903
1.94595
1.94244
1.93854
1.93427
1.92974
1.92509
1.9205
1.9162
1.91242
1.9094
1.90733
1.90633
1.90646
1.90766
1.90981
1.9127
1.9161
1.91973
1.92335
1.92677
1.92978
1.93226
1.93406
1.93508
1.93527
1.93462
1.93316
1.93094
1.92806
1.92462
1.92074
1.91657
1.91232
1.90823
1.90455
1.90153
1.89938
1.89816
1.89778
1.89785
1.89773
1.89658
1.89365
1.88877
1.88287
1.8782
1.87767
1.88313
1.89395
1.90741
1.92043
1.93094
1.93823
1.94256
1.94464
1.94525
1.94509
1.94465
1.94424
1.94396
1.94379
1.94364
1.94343
1.94309
1.9426
1.94195
1.94119
1.94034
1.93943
1.93845
1.9374
1.93626
1.93501
1.93367
1.93229
1.93095
1.92972
1.92868
1.92787
1.92726
1.92677
1.92626
1.92557
1.92451
1.92291
1.92057
1.91739
1.91336
1.90861
1.90349
1.89851
1.89428
1.89137
1.89018
1.89079
1.89301
1.8964
1.9004
1.90448
1.90819
1.91125
1.91354
1.91504
1.91587
1.9162
1.9162
1.91604
1.91585
1.9157
1.91562
1.91557
1.91555
1.91554
1.91552
1.91553
1.91559
1.91575
1.91601
1.91637
1.91679
1.9172
1.91748
1.91752
1.91721
1.91644
1.91514
1.91328
1.91085
1.90784
1.90425
1.90008
1.89528
1.8898
1.88359
1.87669
1.86921
1.86139
1.85355
1.84612
1.83958
1.83444
1.83124
1.83049
1.83256
1.83744
1.84467
1.85341
1.86262
1.87135
1.87893
1.88501
1.88949
1.89245
1.89407
1.89455
1.8941
1.89289
1.89107
1.88878
1.88614
1.88328
1.88031
1.87739
1.87464
1.87221
1.8702
1.8687
1.86772
1.86725
1.8672
1.86746
1.86788
1.8683
1.86858
1.86857
1.86816
1.86728
1.86589
1.86402
1.86171
1.85907
1.85624
1.85339
1.85075
1.84856
1.84711
1.84664
1.84731
1.84917
1.85211
1.85596
1.86044
1.86525
1.87008
1.87453
1.8782
1.88064
1.88145
1.88035
1.87727
1.87238
1.86615
1.85925
1.85251
1.84676
1.84272
1.84093
1.84166
1.84488
1.85025
1.85721
1.86507
1.87316
1.88093
1.88798
1.89404
1.89897
1.90271
1.90526
1.90665
1.90695
1.9062
1.90446
1.90179
1.89827
1.89397
1.88903
1.88363
1.87802
1.8725
1.8674
1.86305
1.85965
1.85719
1.8554
1.85362
1.85085
1.84575
1.83705
1.82427
1.80904
1.79582
1.79025
1.79479
1.80626
1.81854
1.82705
1.83054
1.83036
1.82897
1.82859
1.83038
1.83417
1.83899
1.84367
1.8474
1.84983
1.85102
1.85131
1.85121
1.85127
1.85201
1.85382
1.85682
1.86089
1.86572
1.8709
1.87605
1.88088
1.88519
1.8889
1.89198
1.89448
1.89642
1.89787
1.89887
1.89947
1.89971
1.89961
1.8992
1.89853
1.89764
1.89657
1.89539
1.89418
1.89303
1.89201
1.8912
1.89064
1.89035
1.89033
1.89055
1.89096
1.89152
1.89216
1.89283
1.89347
1.89403
1.89446
1.89476
1.89492
1.89498
1.89499
1.89499
1.895
1.89498
1.89483
1.89439
1.89348
1.89187
1.88938
1.88576
1.88079
1.8743
1.86629
1.8572
1.84798
1.84005
1.835
1.83394
1.83711
1.84374
1.85243
1.86173
1.87051
1.87813
1.88438
1.88931
1.89316
1.89617
1.89856
1.90047
1.90198
1.90311
1.90384
1.9042
1.90421
1.90395
1.90356
1.90315
1.90286
1.90275
1.90287
1.90319
1.90367
1.90424
1.90482
1.90534
1.90575
1.90602
1.90612
1.90604
1.90578
1.90533
1.90469
1.90386
1.90281
1.90154
1.90004
1.89829
1.8963
1.89406
1.89162
1.88904
1.88643
1.88393
1.88167
1.87983
1.87852
1.87782
1.87772
1.87815
1.87898
1.88004
1.88112
1.88204
1.8826
1.88266
1.88206
1.88068
1.87843
1.87525
1.87113
1.86612
1.8604
1.85429
1.84825
1.84282
1.83857
1.83591
1.83504
1.83588
1.83805
1.841
1.84409
1.84672
1.84854
1.84953
1.85007
1.8509
1.85284
1.8565
1.86196
1.8687
1.87588
1.88261
1.88827
1.89255
1.8954
1.89695
1.89739
1.89691
1.8957
1.89392
1.8917
1.88915
1.8864
1.88354
1.88065
1.87783
1.87517
1.87276
1.87067
1.86893
1.86749
1.86627
1.86512
1.86391
1.86252
1.86093
1.85919
1.85739
1.85568
1.8542
1.85308
1.85239
1.85214
1.85231
1.85284
1.85363
1.85462
1.85574
1.85694
1.8582
1.85955
1.86098
1.86254
1.86421
1.86601
1.86791
1.86986
1.87182
1.87374
1.87557
1.87727
1.87881
1.88017
1.88136
1.88236
1.88318
1.88383
1.88431
1.88461
1.88473
1.88467
1.8844
1.8839
1.88315
1.88214
1.88087
1.87932
1.8775
1.8754
1.873
1.87022
1.86698
1.86322
1.85896
1.85437
1.84982
1.84582
1.84292
1.84145
1.84144
1.8426
1.84447
1.84664
1.84884
1.85099
1.85311
1.85522
1.85735
1.85946
1.86149
1.86339
1.86513
1.8667
1.86813
1.86947
1.87073
1.87194
1.87312
1.87426
1.87536
1.87642
1.87744
1.8784
1.87931
1.88017
1.88099
1.88177
1.88251
1.88322
1.8839
1.88456
1.8852
1.8858
1.88635
1.88683
1.88719
1.88737
1.88728
1.88681
1.88578
1.88398
1.88108
1.87669
1.87027
1.86125
1.84913
1.83386
1.8164
1.79919
1.78607
1.78104
1.78612
1.8
1.81882
1.83825
1.8552
1.86821
1.87702
1.88198
1.88364
1.88254
1.87918
1.87407
1.86775
1.86091
1.85429
1.84855
1.84413
1.84112
1.83936
1.83869
1.83909
1.84074
1.80304
1.80746
1.81265
1.818
1.823
1.82737
1.8311
1.83434
1.83727
1.84002
1.84262
1.84499
1.84701
1.84855
1.84952
1.84986
1.84957
1.84869
1.84728
1.84545
1.84329
1.84092
1.83847
1.83608
1.83387
1.832
1.83057
1.8297
1.82946
1.82988
1.83093
1.83254
1.83458
1.8369
1.83933
1.8417
1.84385
1.84564
1.84697
1.84777
1.84798
1.84762
1.84671
1.84534
1.84364
1.84176
1.8399
1.83825
1.83698
1.83621
1.83597
1.83622
1.83682
1.83754
1.83812
1.83826
1.8377
1.83629
1.83411
1.83154
1.82927
1.82819
1.82901
1.83196
1.83661
1.84214
1.8476
1.8523
1.85583
1.85808
1.85913
1.8591
1.85818
1.85658
1.85454
1.85239
1.85048
1.84919
1.84881
1.8495
1.85121
1.85373
1.85671
1.85974
1.86248
1.8647
1.86629
1.8673
1.86791
1.86832
1.86879
1.86954
1.8707
1.87238
1.87455
1.87715
1.88004
1.88307
1.88607
1.88887
1.89129
1.89319
1.8944
1.89481
1.89428
1.89274
1.89022
1.88682
1.88282
1.87861
1.87462
1.87121
1.86853
1.86646
1.8647
1.86285
1.86063
1.85797
1.85504
1.85225
1.85013
1.84918
1.84972
1.85179
1.85507
1.85903
1.86306
1.86666
1.86949
1.87147
1.87266
1.87328
1.87354
1.87368
1.87385
1.87412
1.8745
1.87492
1.8753
1.87553
1.87554
1.87527
1.87473
1.87395
1.87303
1.87207
1.8712
1.87053
1.87015
1.8701
1.87039
1.87099
1.87184
1.87285
1.87396
1.87508
1.87615
1.87712
1.87794
1.87858
1.87903
1.87926
1.87926
1.87899
1.87839
1.8774
1.8759
1.87378
1.87097
1.86741
1.8632
1.85855
1.85386
1.84966
1.8465
1.84475
1.84449
1.84536
1.84664
1.84733
1.84628
1.84229
1.83426
1.82138
1.80366
1.7826
1.76193
1.74736
1.74432
1.75438
1.77381
1.79627
1.81656
1.83222
1.84294
1.84948
1.8529
1.85414
1.85396
1.8529
1.85129
1.84929
1.84693
1.84417
1.84092
1.83712
1.8327
1.82769
1.82216
1.8163
1.8104
1.80487
1.80025
1.79709
1.79585
1.79676
1.79967
1.8042
1.80979
1.81589
1.82204
1.8279
1.83321
1.83778
1.84146
1.84415
1.84588
1.84674
1.84693
1.84674
1.84648
1.84643
1.84677
1.84755
1.84868
1.84996
1.85113
1.85197
1.85231
1.85205
1.85121
1.84988
1.84824
1.84652
1.84493
1.84363
1.84262
1.84179
1.84083
1.8394
1.83714
1.8339
1.82981
1.82542
1.82166
1.81958
1.81996
1.82291
1.82784
1.83374
1.83959
1.84466
1.84856
1.85121
1.85271
1.8533
1.85322
1.85278
1.85226
1.85194
1.85207
1.85283
1.8543
1.85646
1.85917
1.86222
1.86534
1.86828
1.87083
1.87281
1.87411
1.87463
1.87433
1.87314
1.87104
1.86803
1.86416
1.85959
1.85456
1.84942
1.84454
1.84027
1.83682
1.83432
1.8328
1.83225
1.83272
1.83424
1.83684
1.84044
1.84478
1.84951
1.85422
1.85851
1.8621
1.86483
1.86664
1.86762
1.8679
1.86769
1.86727
1.86691
1.86688
1.8674
1.86863
1.87061
1.87328
1.87647
1.87994
1.8834
1.88653
1.88907
1.89077
1.89144
1.89102
1.88954
1.88718
1.88427
1.88121
1.87842
1.87617
1.87451
1.87325
1.87212
1.87087
1.86945
1.86801
1.86679
1.86601
1.86569
1.86559
1.86523
1.864
1.86134
1.85685
1.85044
1.84246
1.83366
1.82513
1.81797
1.81299
1.81038
1.8098
1.81058
1.812
1.8135
1.81468
1.81524
1.81501
1.81399
1.81253
1.81135
1.81143
1.8136
1.81808
1.82433
1.83134
1.83802
1.84358
1.84764
1.85013
1.8512
1.85103
1.84987
1.84789
1.84526
1.8421
1.83851
1.83458
1.83037
1.82598
1.82149
1.817
1.8126
1.80834
1.80426
1.8003
1.79632
1.79208
1.78727
1.78153
1.77457
1.76632
1.75721
1.74835
1.74147
1.73842
1.74024
1.7465
1.75556
1.76544
1.77453
1.78195
1.78741
1.79094
1.79274
1.79303
1.79202
1.78989
1.78682
1.78299
1.77859
1.77388
1.76911
1.76456
1.76047
1.757
1.75424
1.75213
1.75056
1.74938
1.74844
1.74761
1.74683
1.74607
1.74534
1.74465
1.74403
1.74347
1.74297
1.74249
1.74198
1.7414
1.74069
1.73983
1.73879
1.73759
1.73627
1.73491
1.73357
1.73236
1.73136
1.73066
1.7303
1.73032
1.73071
1.73142
1.73238
1.73353
1.73478
1.73606
1.7373
1.73847
1.73954
1.74049
1.74132
1.74203
1.74263
1.74312
1.74352
1.74383
1.74404
1.74416
1.74417
1.74405
1.74378
1.74333
1.74266
1.74175
1.74056
1.73906
1.73727
1.73521
1.73297
1.73065
1.72843
1.72647
1.72496
1.72399
1.72355
1.72351
1.72363
1.7236
1.72316
1.72221
1.72088
1.7196
1.71896
1.71953
1.72161
1.72508
1.72946
1.73414
1.73857
1.74243
1.74565
1.7483
1.75059
1.75273
1.75488
1.75712
1.75945
1.7618
1.76404
1.76601
1.76755
1.76848
1.76863
1.7678
1.76584
1.76259
1.75798
1.75209
1.74522
1.73802
1.73143
1.72654
1.72426
1.72496
1.72833
1.73351
1.73942
1.74512
1.74998
1.75369
1.7562
1.75767
1.7583
1.75838
1.75821
1.75808
1.75827
1.75903
1.76054
1.76288
1.766
1.76972
1.77374
1.7777
1.7812
1.78386
1.78532
1.78528
1.7835
1.77981
1.77419
1.76688
1.7585
1.75019
1.74352
1.74015
1.74123
1.74682
1.75589
1.76682
1.77804
1.78842
1.79735
1.80456
1.81006
1.81392
1.81626
1.81719
1.81679
1.81515
1.8124
1.80871
1.80434
1.79971
1.79532
1.79172
1.78938
1.78851
1.78902
1.79054
1.79254
1.79453
1.79619
1.7974
1.79824
1.79885
1.79941
1.79998
1.80055
1.80099
1.80114
1.80092
1.8003
1.79938
1.79834
1.79737
1.79663
1.79614
1.79582
1.79543
1.79467
1.79322
1.79082
1.78733
1.78285
1.77772
1.77259
1.76826
1.76548
1.76461
1.76551
1.76752
1.76984
1.77176
1.77296
1.77348
1.77366
1.774
1.77495
1.77679
1.77959
1.78318
1.78727
1.79149
1.79551
1.79904
1.80184
1.80377
1.80471
1.80463
1.80356
1.80163
1.79907
1.79623
1.79352
1.79134
1.78999
1.78957
1.78998
1.7909
1.79193
1.79263
1.79262
1.79159
1.78928
1.78548
1.78009
1.77312
1.76489
1.75606
1.74769
1.741
1.73697
1.73587
1.73714
1.73975
1.74264
1.74508
1.74675
1.74765
1.74794
1.74777
1.74723
1.74631
1.745
1.74325
1.74111
1.73874
1.73639
1.73438
1.73306
1.73267
1.73329
1.73488
1.73722
1.74004
1.74307
1.74606
1.74884
1.7513
1.75339
1.75511
1.75646
1.75747
1.75816
1.75856
1.75868
1.75851
1.75802
1.75718
1.75591
1.75413
1.75173
1.7486
1.74463
1.73978
1.73405
1.72761
1.72077
1.71401
1.70791
1.70299
1.69963
1.69794
1.69784
1.69914
1.70163
1.70519
1.70969
1.71498
1.72078
1.72673
1.7324
1.73734
1.74114
1.74348
1.74407
1.74274
1.73947
1.73442
1.7281
1.72141
1.71562
1.71202
1.7115
1.71415
1.71924
1.72561
1.73207
1.7378
1.74235
1.74563
1.74773
1.74886
1.74929
1.74927
1.74905
1.74885
1.74882
1.74909
1.74971
1.7507
1.75202
1.75359
1.75533
1.75712
1.75888
1.7605
1.76189
1.76296
1.7636
1.76373
1.76323
1.762
1.75994
1.75695
1.75298
1.74803
1.74219
1.73564
1.72873
1.72194
1.71591
1.71134
1.70887
1.70893
1.71155
1.71634
1.72254
1.72928
1.73573
1.74127
1.74555
1.74843
1.74996
1.75033
1.74982
1.74884
1.74783
1.74727
1.74752
1.74869
1.75063
1.75288
1.75489
1.75614
1.75628
1.75512
1.75273
1.74934
1.7453
1.74107
1.73711
1.73382
1.73145
1.73009
1.7297
1.73011
1.73112
1.73254
1.73415
1.73579
1.7373
1.73853
1.73937
1.73972
1.73954
1.73882
1.7376
1.73598
1.7341
1.73214
1.73029
1.7287
1.72749
1.7267
1.72632
1.72629
1.72652
1.72695
1.72753
1.72825
1.72912
1.73015
1.73135
1.73272
1.73423
1.73582
1.73743
1.73899
1.74043
1.74168
1.74266
1.74329
1.74351
1.74322
1.74234
1.74075
1.73836
1.73512
1.73101
1.72619
1.72094
1.71579
1.71138
1.70837
1.70723
1.70808
1.71064
1.71441
1.71878
1.72324
1.72745
1.73122
1.73447
1.7372
1.73942
1.74116
1.74246
1.74337
1.74398
1.74442
1.74486
1.74554
1.74665
1.74833
1.75063
1.75346
1.75665
1.75997
1.76315
1.76599
1.7683
1.76998
1.77093
1.77114
1.7706
1.76937
1.76758
1.76539
1.76305
1.76087
1.75913
1.75807
1.75781
1.75836
1.75956
1.76118
1.76296
1.76464
1.76597
1.76676
1.7669
1.76636
1.76525
1.76382
1.76246
1.7616
1.76154
1.76239
1.76397
1.76592
1.76789
1.76963
1.77112
1.77251
1.77404
1.77594
1.77833
1.78119
1.78441
1.7878
1.7912
1.79447
1.79756
1.80044
1.80311
1.80561
1.80797
1.8102
1.81234
1.81437
1.8163
1.81812
1.81981
1.82136
1.82277
1.82404
1.82516
1.82615
1.827
1.8277
1.82822
1.82851
1.82849
1.82803
1.82701
1.82527
1.82271
1.81932
1.8152
1.8107
1.80634
1.80278
1.80063
1.80023
1.80155
1.80416
1.80749
1.81095
1.81411
1.81671
1.81862
1.81975
1.81999
1.81914
1.8169
1.81295
1.80711
1.79954
1.791
1.7829
1.77702
1.77491
1.7772
1.78341
1.79229
1.80237
1.81237
1.82139
1.82886
1.83453
1.83835
1.84041
1.84093
1.84017
1.83847
1.83622
1.83387
1.8319
1.83071
1.83055
1.83147
1.8333
1.83567
1.83815
1.84022
1.84141
1.84122
1.83919
1.83486
1.82785
1.81808
1.80597
1.79272
1.78026
1.77073
1.76566
1.76535
1.76892
1.77483
1.78144
1.78738
1.79181
1.79453
1.80123
1.8021
1.80333
1.80541
1.80834
1.81169
1.81483
1.81716
1.81827
1.81799
1.81634
1.81345
1.80954
1.80484
1.79963
1.7942
1.78887
1.78401
1.78004
1.77731
1.77606
1.77627
1.77768
1.77979
1.78208
1.78414
1.78577
1.78699
1.78797
1.78892
1.78996
1.79109
1.79217
1.79296
1.79321
1.7927
1.79133
1.78909
1.78611
1.7827
1.77927
1.7763
1.77429
1.7736
1.77437
1.77647
1.77954
1.78312
1.78671
1.7899
1.79243
1.79415
1.79505
1.79517
1.7946
1.79345
1.79183
1.78986
1.78764
1.7853
1.78296
1.7808
1.77898
1.77767
1.77693
1.77674
1.77693
1.77722
1.77731
1.77694
1.77598
1.77445
1.77254
1.77052
1.76867
1.76716
1.76594
1.7648
1.76342
1.76152
1.75895
1.7558
1.7524
1.74925
1.74692
1.74595
1.74668
1.7492
1.7533
1.75857
1.76445
1.77039
1.77591
1.78066
1.78445
1.7872
1.78895
1.7898
1.78992
1.78949
1.7887
1.78775
1.78684
1.78612
1.78575
1.78582
1.7864
1.78752
1.78914
1.79116
1.79344
1.79582
1.7981
1.80009
1.80163
1.80256
1.80273
1.80203
1.80031
1.79742
1.79322
1.78761
1.78053
1.7721
1.76267
1.7529
1.74377
1.7364
1.73183
1.73064
1.7328
1.73761
1.744
1.75087
1.7573
1.76276
1.76701
1.7701
1.77223
1.77368
1.77478
1.77583
1.77709
1.77874
1.78085
1.78335
1.78613
1.78897
1.79168
1.79409
1.79609
1.79761
1.79862
1.79916
1.79924
1.7989
1.79817
1.79703
1.79547
1.79345
1.79088
1.78769
1.78381
1.77922
1.774
1.76838
1.76278
1.7577
1.7536
1.75074
1.749
1.74797
1.74706
1.74583
1.74414
1.7423
1.74091
1.7407
1.74219
1.74548
1.75026
1.75591
1.76183
1.76753
1.77274
1.77738
1.78148
1.78511
1.78837
1.79135
1.79412
1.79673
1.79919
1.80153
1.80371
1.8057
1.80743
1.80883
1.80978
1.81014
1.80978
1.80851
1.80619
1.80268
1.79787
1.79175
1.7844
1.77605
1.7671
1.75811
1.74974
1.74271
1.73768
1.73523
1.73575
1.73938
1.74586
1.75443
1.76405
1.77367
1.78249
1.79011
1.79643
1.80158
1.8058
1.80932
1.81237
1.81507
1.81748
1.81955
1.82117
1.82218
1.82243
1.82179
1.82021
1.81769
1.81434
1.81039
1.80614
1.80196
1.79826
1.7954
1.79363
1.79304
1.79355
1.79491
1.79675
1.79866
1.80031
1.80146
1.80199
1.80195
1.80146
1.80071
1.79992
1.79927
1.79889
1.79887
1.79924
1.8
1.80112
1.80258
1.80435
1.8064
1.8087
1.81121
1.81389
1.81668
1.8195
1.82227
1.82487
1.82716
1.829
1.83021
1.83062
1.83002
1.82824
1.82513
1.82063
1.81486
1.80822
1.8014
1.79537
1.79111
1.78931
1.79015
1.79327
1.79798
1.80349
1.80909
1.81421
1.81846
1.8216
1.8236
1.82457
1.82474
1.82446
1.82414
1.82414
1.82478
1.82626
1.8286
1.83171
1.83538
1.83936
1.84338
1.84721
1.85066
1.85362
1.85599
1.85777
1.85895
1.85958
1.85971
1.8594
1.8587
1.85762
1.85618
1.85436
1.85215
1.84954
1.84653
1.84315
1.83939
1.83525
1.83069
1.8257
1.82033
1.81476
1.80929
1.80426
1.80002
1.79672
1.7944
1.79301
1.79258
1.79334
1.7956
1.79948
1.80473
1.81067
1.81643
1.82127
1.82474
1.82673
1.82739
1.82702
1.826
1.82469
1.8234
1.82238
1.82176
1.82162
1.82194
1.82265
1.82364
1.82478
1.82595
1.82705
1.82799
1.82872
1.8292
1.82941
1.82935
1.82904
1.8285
1.82775
1.82681
1.82572
1.82448
1.82313
1.82166
1.82008
1.81836
1.81648
1.81441
1.81212
1.80962
1.80694
1.80419
1.80154
1.79921
1.79741
1.79631
1.79592
1.79614
1.79675
1.79749
1.79811
1.79847
1.79852
1.7983
1.79793
1.79751
1.79714
1.79684
1.79665
1.79659
1.79672
1.7971
1.79777
1.79867
1.79961
1.80028
1.80028
1.7993
1.79716
1.79396
1.79013
1.78638
1.78356
1.78248
1.7836
1.78688
1.79182
1.79764
1.8035
1.80875
1.81299
1.81607
1.81801
1.81897
1.81914
1.81874
1.81798
1.81708
1.81622
1.81555
1.81518
1.81517
1.8155
1.8161
1.81681
1.81744
1.81773
1.81745
1.81634
1.81424
1.81104
1.80675
1.80153
1.7957
1.7897
1.78404
1.77922
1.77559
1.77333
1.7724
1.77259
1.77363
1.77524
1.77718
1.77927
1.78139
1.78344
1.78532
1.78695
1.78825
1.78915
1.78958
1.78952
1.78899
1.78807
1.7869
1.78564
1.78447
1.7835
1.78279
1.78226
1.7818
1.78124
1.78043
1.77932
1.77792
1.77636
1.77482
1.77352
1.77263
1.77227
1.77248
1.77323
1.7744
1.77588
1.77753
1.77921
1.78082
1.78226
1.78348
1.78448
1.78525
1.78582
1.78622
1.78651
1.78671
1.78685
1.78697
1.78707
1.78716
1.78724
1.78729
1.78729
1.78723
1.78707
1.7868
1.78637
1.78576
1.78494
1.78386
1.78251
1.78084
1.77884
1.7765
1.77385
1.77095
1.76792
1.76492
1.76222
1.76009
1.75884
1.75871
1.75987
1.76235
1.76603
1.77067
1.77598
1.78166
1.78744
1.7931
1.79847
1.80338
1.80766
1.81107
1.81332
1.81411
1.81306
1.80983
1.80418
1.79601
1.78553
1.77337
1.76065
1.74892
1.73991
1.73509
1.73526
1.74036
1.74952
1.76134
1.77432
1.78715
1.79893
1.80913
1.8176
1.8244
1.82975
1.8339
1.8371
1.83958
1.84152
1.84307
1.8443
1.84531
1.84612
1.84676
1.84727
1.84766
1.84796
1.84818
1.84834
1.84847
1.84856
1.8486
1.84858
1.84845
1.84815
1.84762
1.84679
1.84557
1.84394
1.84185
1.83934
1.83653
1.83361
1.83087
1.82866
1.82726
1.82682
1.82722
1.82814
1.82922
1.83029
1.8316
1.83379
1.83749
1.84293
1.84959
1.85641
1.86219
1.866
1.86727
1.86579
1.86157
1.85486
1.84625
1.83696
1.82901
1.82484
1.82628
1.83338
1.84436
1.85665
1.8681
1.87752
1.88453
1.8892
1.89176
1.89241
1.89125
1.88833
1.88368
1.87738
1.86964
1.86092
1.85191
1.84348
1.83648
1.83147
1.82863
1.82775
1.82846
1.83041
1.8334
1.83731
1.842
1.84726
1.85277
1.85814
1.86302
1.86715
1.87033
1.8725
1.87361
1.87367
1.87269
1.87067
1.86759
1.86343
1.85821
1.85195
1.84477
1.83692
1.82879
1.82095
1.81415
1.80913
1.80646
1.80625
1.8081
1.81116
1.81441
1.81695
1.81819
1.8179
1.81625
1.81374
1.81111
1.80916
1.80853
1.80945
1.81169
1.81473
1.81793
1.82078
1.823
1.82452
1.82539
1.82577
1.82583
1.82572
1.82556
1.82544
1.82543
1.82559
1.82591
1.82638
1.82695
1.82757
1.82815
1.82865
1.82902
1.82924
1.82932
1.82928
1.82915
1.82894
1.82864
1.82818
1.82744
1.82628
1.82456
1.8222
1.81928
1.81603
1.81283
1.81013
1.80829
1.80746
1.80747
1.80793
1.80826
1.80785
1.80618
1.80287
1.79782
1.79133
1.78413
1.77726
1.77179
1.76839
1.76709
1.76734
1.76836
1.76963
1.77125
1.77387
1.7783
1.78481
1.79285
1.80129
1.80891
1.8149
1.81893
1.82105
1.82158
1.82087
1.81933
1.81727
1.81496
1.81258
1.81026
1.80805
1.80599
1.80407
1.80228
1.80064
1.79913
1.79779
1.79663
1.79569
1.79502
1.79464
1.79459
1.79487
1.79548
1.79637
1.79751
1.79882
1.80023
1.80168
1.80312
1.80451
1.80581
1.807
1.80808
1.80902
1.80983
1.81051
1.81104
1.81142
1.81163
1.81166
1.81147
1.81103
1.81028
1.80917
1.80763
1.8056
1.80304
1.79993
1.79632
1.79234
1.78822
1.78426
1.78082
1.77822
1.77663
1.77606
1.77634
1.77721
1.77836
1.77956
1.78064
1.7815
1.78208
1.78228
1.78197
1.78092
1.77884
1.77538
1.7702
1.7631
1.75421
1.74412
1.73398
1.72534
1.7197
1.71793
1.71995
1.72482
1.73124
1.73803
1.74444
1.75018
1.75533
1.76007
1.76459
1.76894
1.77302
1.77667
1.77973
1.7821
1.78377
1.78485
1.78549
1.78591
1.78629
1.78679
1.78751
1.78846
1.7896
1.79083
1.79201
1.793
1.79363
1.79368
1.79293
1.79103
1.78759
1.78216
1.77438
1.76429
1.75275
1.74184
1.73455
1.73345
1.73908
1.74957
1.76193
1.77369
1.78352
1.79114
1.79678
1.80086
1.80378
1.80586
1.80732
1.80831
1.80895
1.80931
1.80948
1.80951
1.80947
1.80942
1.80942
1.80952
1.80978
1.81023
1.8109
1.8118
1.81295
1.81432
1.81592
1.81772
1.81968
1.82178
1.82397
1.8262
1.82842
1.83055
1.83253
1.8343
1.83577
1.83689
1.83763
1.83796
1.83793
1.83761
1.83715
1.83675
1.83662
1.83699
1.83805
1.8399
1.84255
1.84592
1.84984
1.85412
1.85853
1.86284
1.86684
1.87032
1.87309
1.87496
1.87574
1.87527
1.87344
1.87022
1.86571
1.86025
1.85439
1.84896
1.84488
1.84303
1.84392
1.84754
1.85335
1.86048
1.86801
1.87515
1.88142
1.8866
1.8907
1.89381
1.89609
1.89767
1.89866
1.89913
1.89912
1.89865
1.8977
1.89628
1.8944
1.89208
1.88936
1.88632
1.88306
1.87968
1.87623
1.87268
1.86893
1.86476
1.85996
1.85438
1.84811
1.84153
1.83543
1.8308
1.82852
1.82901
1.83205
1.8369
1.84263
1.84842
1.85373
1.85828
1.86197
1.86486
1.86701
1.86854
1.86954
1.87009
1.87025
1.87006
1.86953
1.86866
1.86743
1.86582
1.86381
1.8614
1.85861
1.85544
1.85194
1.84815
1.84412
1.83994
1.83578
1.83188
1.82858
1.82625
1.82521
1.82557
1.82723
1.82981
1.83286
1.8359
1.83858
1.84065
1.842
1.8426
1.84248
1.84167
1.84025
1.83829
1.83588
1.83311
1.8301
1.827
1.82395
1.82111
1.81859
1.79809
1.79652
1.79538
1.79467
1.79435
1.79443
1.79491
1.79579
1.79705
1.79862
1.80037
1.80214
1.80375
1.80499
1.80569
1.8057
1.80492
1.8033
1.80091
1.79795
1.79473
1.79173
1.78943
1.78826
1.7884
1.78976
1.792
1.79465
1.79727
1.79953
1.80126
1.80242
1.80309
1.8034
1.80353
1.8036
1.80373
1.80396
1.8043
1.80469
1.80507
1.80541
1.80567
1.80587
1.80605
1.8063
1.80668
1.80727
1.80808
1.80909
1.81022
1.81136
1.81237
1.81315
1.81358
1.8136
1.81322
1.81247
1.81145
1.81034
1.80931
1.80858
1.80834
1.80869
1.80967
1.81123
1.81322
1.81548
1.81782
1.82009
1.82217
1.82399
1.82551
1.82673
1.82765
1.82829
1.82871
1.82895
1.82905
1.8291
1.82913
1.82922
1.82939
1.82968
1.8301
1.83062
1.83125
1.83193
1.83264
1.83335
1.83403
1.83469
1.83532
1.83592
1.83652
1.83712
1.83775
1.83838
1.83899
1.83953
1.83994
1.84012
1.83999
1.83946
1.83848
1.83701
1.83506
1.83264
1.82983
1.82671
1.82345
1.82032
1.81767
1.81595
1.8155
1.81633
1.81775
1.81819
1.81551
1.80761
1.79365
1.7752
1.7568
1.74444
1.74221
1.7496
1.76207
1.77421
1.78271
1.78732
1.79009
1.7935
1.79884
1.80569
1.81254
1.81785
1.82069
1.82085
1.81869
1.81493
1.81048
1.80623
1.80296
1.80117
1.80106
1.80251
1.8052
1.80872
1.81262
1.81653
1.82017
1.82334
1.82595
1.82795
1.82937
1.83024
1.83061
1.83053
1.83004
1.82918
1.82795
1.82639
1.8245
1.82233
1.81993
1.81737
1.81476
1.81226
1.81001
1.80817
1.80687
1.8062
1.80619
1.80677
1.80782
1.80914
1.81048
1.81159
1.81222
1.81219
1.81137
1.8097
1.80724
1.80411
1.80052
1.79672
1.793
1.78966
1.78693
1.785
1.784
1.78397
1.78484
1.78649
1.78869
1.79118
1.79371
1.796
1.79788
1.7992
1.79991
1.80002
1.79958
1.79867
1.79741
1.7959
1.79426
1.79265
1.79124
1.79021
1.78972
1.78986
1.79059
1.79177
1.79312
1.79438
1.79527
1.79563
1.79542
1.79473
1.79374
1.7927
1.79185
1.7914
1.79144
1.792
1.79299
1.79432
1.79585
1.79751
1.79923
1.80097
1.80273
1.8045
1.80629
1.80808
1.80985
1.81158
1.81326
1.81486
1.81638
1.81782
1.81918
1.82046
1.82169
1.82287
1.82401
1.82514
1.82623
1.82731
1.82835
1.82936
1.83033
1.83124
1.83209
1.83288
1.8336
1.83425
1.83482
1.8353
1.83568
1.83593
1.83603
1.83597
1.83573
1.83529
1.83461
1.83365
1.83236
1.83068
1.82858
1.82611
1.82344
1.82088
1.81888
1.81797
1.81861
1.82107
1.82535
1.83111
1.83779
1.84474
1.85133
1.85706
1.86155
1.86459
1.8661
1.86612
1.86479
1.86238
1.85925
1.85579
1.85233
1.84901
1.8457
1.84206
1.83775
1.83271
1.82755
1.82354
1.82231
1.82496
1.83141
1.8404
1.85011
1.85903
1.86626
1.87153
1.87497
1.87693
1.87779
1.87795
1.87773
1.87739
1.8771
1.87694
1.87694
1.87707
1.87726
1.87746
1.87759
1.87761
1.87746
1.87708
1.87643
1.87543
1.87407
1.87235
1.87034
1.86816
1.86602
1.86415
1.86279
1.86211
1.86221
1.86311
1.86474
1.86699
1.86974
1.87282
1.87608
1.87936
1.88252
1.88544
1.88805
1.89029
1.89216
1.8937
1.89494
1.89595
1.8968
1.89757
1.89833
1.89913
1.90002
1.90101
1.90211
1.90327
1.90445
1.90555
1.90644
1.90699
1.90703
1.9064
1.90491
1.90246
1.89895
1.89443
1.88908
1.88325
1.87749
1.87242
1.86866
1.86656
1.86614
1.86702
1.86856
1.87009
1.87104
1.8711
1.8702
1.86853
1.86648
1.86453
1.86316
1.86279
1.86363
1.86573
1.86897
1.87313
1.87797
1.88327
1.88884
1.89452
1.90016
1.90561
1.91071
1.91533
1.91932
1.9226
1.92506
1.92663
1.92721
1.92671
1.92495
1.92175
1.91683
1.90993
1.90087
1.88972
1.87703
1.86396
1.85205
1.84263
1.83603
1.8314
1.82729
1.82283
1.81838
1.81543
1.81563
1.81964
1.82671
1.83516
1.84331
1.85004
1.85488
1.8578
1.85898
1.85868
1.85715
1.85462
1.85126
1.84725
1.84273
1.83785
1.83279
1.82777
1.82306
1.81897
1.81577
1.81371
1.81288
1.8133
1.81484
1.81729
1.82039
1.82385
1.82744
1.8309
1.83406
1.83677
1.83894
1.84051
1.84145
1.8418
1.84159
1.8409
1.8398
1.8384
1.83678
1.83501
1.83314
1.83117
1.82905
1.82672
1.82409
1.82106
1.81756
1.81354
1.80906
1.80426
1.7994
1.79483
1.79097
1.78817
1.78663
1.78635
1.7871
1.78851
1.79018
1.79174
1.79291
1.79351
1.79343
1.79264
1.79112
1.78894
1.78619
1.78304
1.77974
1.77659
1.77394
1.77208
1.77117
1.77122
1.77207
1.77345
1.77504
1.77655
1.77775
1.77848
1.77863
1.77812
1.77684
1.77464
1.77129
1.76653
1.76008
1.75189
1.74232
1.73253
1.72447
1.72031
1.72135
1.7272
1.73601
1.74555
1.75415
1.76105
1.76614
1.76972
1.77216
1.77383
1.77502
1.7759
1.7766
1.77719
1.77767
1.77806
1.77832
1.77841
1.77827
1.77777
1.77678
1.77513
1.7726
1.76901
1.76422
1.75825
1.75138
1.74421
1.73769
1.73286
1.73063
1.73138
1.73497
1.7408
1.74808
1.75603
1.76395
1.77128
1.77763
1.78273
1.78644
1.78871
1.78957
1.78911
1.78748
1.78488
1.78152
1.77752
1.77284
1.76723
1.76038
1.75234
1.74405
1.73758
1.73548
1.73922
1.74807
1.7595
1.7707
1.77984
1.78625
1.79008
1.79191
1.7924
1.7922
1.79186
1.79181
1.79234
1.79357
1.79546
1.79785
1.80046
1.80297
1.80511
1.80665
1.80751
1.80774
1.80751
1.80711
1.80686
1.80701
1.80771
1.80894
1.81057
1.81237
1.81412
1.81563
1.81676
1.81739
1.81744
1.81685
1.81553
1.81343
1.81055
1.80696
1.80289
1.79878
1.7953
1.79315
1.79294
1.79487
1.79868
1.80374
1.80929
1.81471
1.81955
1.82363
1.82688
1.82937
1.83118
1.83236
1.83294
1.83294
1.83233
1.8311
1.82925
1.82684
1.824
1.82093
1.81791
1.81523
1.81321
1.81205
1.81185
1.81258
1.81407
1.8161
1.81843
1.82086
1.82326
1.82555
1.82769
1.82968
1.83152
1.8332
1.83472
1.83606
1.83718
1.83805
1.83861
1.83881
1.83859
1.83791
1.83672
1.83501
1.83279
1.83014
1.8272
1.82417
1.82133
1.81898
1.81739
1.81679
1.81725
1.81872
1.82104
1.82395
1.82716
1.83037
1.8333
1.83567
1.83725
1.83785
1.8374
1.83597
1.83382
1.83145
1.82951
1.82868
1.82941
1.83181
1.83554
1.84
1.84447
1.84834
1.85117
1.85271
1.8529
1.85183
1.84973
1.84692
1.8438
1.84075
1.83806
1.83586
1.83411
1.83266
1.83133
1.82992
1.8283
1.82636
1.82404
1.82137
1.81848
1.81565
1.81332
1.81202
1.81221
1.81416
1.81779
1.82275
1.82853
1.83459
1.84046
1.8458
1.85037
1.85406
1.8568
1.85859
1.85947
1.85952
1.85883
1.85753
1.85573
1.85358
1.85119
1.8487
1.8462
1.84382
1.84165
1.83977
1.83827
1.83723
1.83671
1.83676
1.83739
1.83857
1.84021
1.84216
1.84425
1.84626
1.848
1.84927
1.84988
1.84967
1.84851
1.84624
1.84276
1.83798
1.83189
1.82458
1.8163
1.80751
1.79888
1.79131
1.78576
1.78301
1.78327
1.78605
1.79028
1.79471
1.79836
1.80073
1.8019
1.8023
1.80257
1.80328
1.8048
1.80718
1.81025
1.81366
1.81708
1.82023
1.82292
1.82509
1.8267
1.82779
1.82841
1.82862
1.82848
1.82806
1.82743
1.82667
1.82588
1.82515
1.82457
1.82421
1.82411
1.82425
1.82459
1.82503
1.82543
1.82562
1.82544
1.82468
1.82318
1.8208
1.81746
1.81322
1.80836
1.80342
1.79916
1.79644
1.79588
1.79764
1.80136
1.80628
1.81158
1.81659
1.82091
1.82438
1.82703
1.82898
1.83038
1.83139
1.83211
1.83263
1.83295
1.833
1.83265
1.83173
1.83008
1.82761
1.82441
1.82082
1.8175
1.8153
1.81502
1.81704
1.82119
1.82676
1.83283
1.83859
1.84349
1.84726
1.84986
1.85137
1.85194
1.85172
1.85087
1.84953
1.84785
1.84595
1.84396
1.84203
1.84025
1.83874
1.83758
1.83682
1.83648
1.83654
1.83694
1.83762
1.83849
1.83942
1.84029
1.84097
1.84129
1.84108
1.84013
1.83828
1.83543
1.83165
1.82726
1.82279
1.819
1.81664
1.81638
1.81868
1.82377
1.8315
1.84126
1.85198
1.8625
1.87177
1.87915
1.88431
1.88722
1.88798
1.88674
1.8837
1.87908
1.87315
1.86627
1.85891
1.85165
1.84509
1.83973
1.83578
1.83309
1.83113
1.82915
1.82636
1.82217
1.81622
1.80853
1.79941
1.78956
1.78007
1.77242
1.76829
1.76903
1.77494
1.78502
1.79734
1.80988
1.82118
1.83053
1.83775
1.84299
1.84651
1.84857
1.84937
1.84908
1.8478
1.84567
1.84281
1.83941
1.83572
1.83202
1.82863
1.82583
1.82379
1.82256
1.82205
1.82206
1.82233
1.82258
1.82261
1.82229
1.82159
1.82056
1.81931
1.81798
1.8167
1.81555
1.81453
1.81356
1.81253
1.81128
1.80967
1.80759
1.80499
1.80185
1.79822
1.79423
1.79002
1.78578
1.78172
1.77801
1.77482
1.77228
1.77046
1.7694
1.76908
1.76949
1.77054
1.77216
1.77426
1.77672
1.77943
1.78226
1.78509
1.78782
1.79036
1.79266
1.79468
1.79641
1.79784
1.799
1.79991
1.80058
1.80105
1.80133
1.80145
1.80142
1.80125
1.80096
1.80055
1.80004
1.79943
1.79875
1.79799
1.79718
1.79634
1.79548
1.79462
1.79379
1.793
1.79228
1.79162
1.79104
1.79054
1.7901
1.7897
1.78932
