-0.0318398
-0.0318487
-0.031864
-0.0318856
-0.0319135
-0.0319477
-0.0319882
-0.032035
-0.0320881
-0.0321476
-0.0322134
-0.0322857
-0.0323643
-0.0324567
-0.0325581
-0.0326616
-0.0327885
-0.0329154
-0.0330543
-0.0332052
-0.0333611
-0.0335267
-0.0336905
-0.033869
-0.0340744
-0.0342737
-0.0344811
-0.0346992
-0.0349233
-0.0351465
-0.0353902
-0.0356358
-0.035881
-0.0361497
-0.0364232
-0.0367065
-0.036988
-0.0372846
-0.0375894
-0.0379075
-0.0382224
-0.0385536
-0.0389015
-0.0392782
-0.0396439
-0.0400251
-0.0404245
-0.0408331
-0.0412634
-0.0416969
-0.0421437
-0.0426161
-0.043103
-0.0436123
-0.0441444
-0.0446909
-0.0452619
-0.0458418
-0.0464527
-0.0470837
-0.0477407
-0.0484103
-0.0491129
-0.0498423
-0.0506048
-0.0513875
-0.0522038
-0.0530504
-0.0539387
-0.054849
-0.0558094
-0.0568078
-0.0578391
-0.0589342
-0.0600744
-0.0612597
-0.0624956
-0.0637824
-0.0651235
-0.0665294
-0.0680059
-0.0695546
-0.0711818
-0.0728773
-0.0746645
-0.0765239
-0.0784815
-0.0805347
-0.082695
-0.0849502
-0.0873183
-0.0897955
-0.0923844
-0.0950859
-0.0979088
-0.10084
-0.103876
-0.107
-0.110208
-0.113464
-0.116726
-0.119946
-0.123066
-0.125996
-0.128599
-0.130753
-0.13228
-0.132982
-0.132672
-0.13121
-0.128491
-0.124615
-0.119912
-0.114972
-0.110629
-0.107796
-0.107211
-0.109222
-0.113711
-0.120125
-0.127637
-0.135333
-0.14235
-0.148054
-0.152102
-0.15458
-0.156006
-0.157278
-0.159427
-0.163317
-0.169299
-0.177059
-0.185772
-0.194393
-0.201971
-0.207855
-0.211719
-0.21356
-0.213615
-0.21228
-0.210049
-0.207398
-0.204715
-0.202239
-0.200063
-0.19813
-0.196338
-0.194598
-0.192787
-0.190815
-0.188594
-0.186206
-0.18398
-0.182482
-0.182413
-0.184326
-0.188444
-0.194624
-0.202381
-0.211055
-0.219973
-0.228476
-0.236029
-0.242224
-0.246812
-0.249705
-0.250992
-0.250911
-0.249796
-0.248077
-0.246243
-0.244711
-0.2439
-0.244044
-0.245251
-0.247452
-0.250463
-0.253967
-0.257672
-0.261269
-0.264511
-0.267247
-0.269406
-0.271031
-0.272209
-0.273092
-0.273817
-0.274484
-0.275136
-0.275776
-0.276386
-0.276933
-0.277441
-0.277962
-0.278527
-0.279199
-0.279988
-0.280893
-0.281861
-0.282843
-0.283803
-0.284726
-0.285617
-0.286508
-0.287478
-0.288602
-0.289928
-0.291493
-0.293321
-0.295393
-0.297664
-0.300042
-0.302458
-0.304807
-0.306988
-0.308908
-0.310463
-0.311576
-0.31218
-0.312213
-0.31167
-0.310583
-0.309026
-0.30714
-0.305114
-0.303153
-0.30141
-0.299987
-0.29883
-0.297779
-0.296559
-0.294881
-0.292493
-0.289292
-0.285351
-0.281001
-0.276844
-0.273698
-0.272428
-0.273686
-0.277705
-0.284138
-0.29215
-0.300675
-0.3086
-0.314984
-0.319098
-0.320409
-0.318609
-0.31379
-0.306599
-0.298447
-0.291406
-0.287622
-0.288373
-0.293472
-0.301452
-0.310342
-0.318358
-0.324203
-0.327069
-0.32649
-0.322308
-0.314587
-0.303735
-0.290591
-0.276499
-0.263316
-0.253098
-0.247651
-0.247945
-0.253783
-0.263934
-0.276504
-0.289574
-0.301606
-0.311708
-0.319479
-0.325014
-0.328614
-0.330722
-0.331794
-0.332233
-0.33237
-0.332426
-0.332556
-0.332783
-0.333128
-0.333571
-0.334064
-0.334586
-0.335121
-0.335676
-0.336235
-0.336809
-0.337393
-0.337962
-0.338504
-0.338945
-0.339199
-0.339139
-0.3386
-0.337372
-0.335209
-0.331847
-0.327079
-0.320831
-0.313299
-0.305088
-0.297203
-0.290894
-0.287223
-0.286561
-0.288517
-0.292082
-0.296166
-0.299905
-0.302844
-0.304849
-0.30601
-0.306545
-0.306725
-0.306817
-0.306998
-0.307357
-0.307932
-0.308637
-0.309341
-0.309912
-0.310238
-0.310243
-0.309969
-0.309501
-0.309005
-0.308672
-0.3086
-0.308851
-0.309383
-0.310075
-0.310763
-0.311275
-0.311524
-0.311406
-0.310959
-0.310222
-0.30932
-0.308358
-0.307472
-0.306759
-0.306274
-0.306038
-0.306025
-0.306203
-0.306518
-0.306926
-0.307382
-0.307876
-0.308415
-0.308995
-0.309644
-0.310361
-0.311122
-0.311899
-0.312595
-0.313135
-0.313395
-0.313224
-0.312433
-0.310809
-0.308144
-0.304241
-0.298912
-0.292072
-0.283814
-0.274529
-0.264956
-0.256206
-0.249621
-0.246424
-0.247382
-0.252513
-0.261037
-0.271706
-0.28316
-0.294246
-0.304154
-0.312434
-0.318917
-0.32355
-0.326393
-0.327489
-0.326889
-0.324647
-0.320829
-0.315609
-0.309317
-0.302477
-0.295753
-0.289814
-0.28516
-0.281943
-0.280035
-0.27908
-0.27873
-0.278814
-0.279272
-0.280169
-0.281529
-0.283326
-0.285435
-0.287685
-0.289898
-0.291954
-0.293782
-0.295384
-0.296784
-0.298047
-0.299202
-0.300307
-0.301355
-0.302358
-0.303314
-0.304205
-0.305025
-0.305766
-0.306408
-0.306964
-0.307446
-0.307835
-0.308175
-0.308448
-0.308676
-0.308873
-0.309029
-0.309161
-0.309244
-0.309281
-0.309251
-0.309146
-0.308943
-0.30862
-0.308153
-0.307507
-0.306671
-0.305602
-0.304292
-0.302754
-0.300993
-0.299083
-0.297069
-0.295079
-0.293241
-0.291669
-0.290487
-0.289722
-0.289355
-0.289301
-0.289421
-0.28957
-0.2896
-0.289396
-0.288912
-0.288141
-0.287163
-0.286082
-0.28503
-0.284196
-0.283712
-0.283703
-0.284247
-0.285325
-0.286866
-0.288745
-0.290772
-0.292775
-0.29457
-0.296035
-0.297081
-0.297704
-0.297961
-0.297919
-0.297675
-0.297318
-0.296889
-0.296371
-0.295727
-0.294834
-0.293623
-0.292053
-0.290122
-0.287941
-0.285654
-0.283453
-0.281525
-0.280054
-0.279127
-0.278761
-0.27889
-0.279361
-0.279966
-0.280527
-0.280934
-0.281147
-0.281259
-0.28149
-0.282055
-0.283112
-0.284703
-0.286706
-0.28892
-0.291146
-0.293158
-0.29482
-0.29602
-0.296681
-0.296769
-0.296293
-0.295317
-0.294002
-0.292574
-0.291262
-0.290262
-0.289726
-0.289742
-0.290332
-0.29153
-0.293406
-0.296041
-0.299456
-0.303575
-0.308222
-0.313085
-0.317831
-0.322169
-0.325853
-0.328714
-0.330634
-0.331571
-0.331495
-0.330442
-0.328461
-0.325682
-0.322304
-0.318568
-0.314781
-0.311237
-0.308145
-0.305671
-0.303914
-0.302898
-0.302589
-0.302872
-0.303569
-0.304372
-0.304907
-0.304788
-0.303725
-0.301583
-0.298437
-0.294596
-0.290541
-0.28685
-0.28403
-0.282401
-0.281986
-0.282568
-0.283736
-0.285049
-0.286163
-0.286902
-0.287281
-0.287517
-0.287938
-0.288781
-0.290242
-0.292243
-0.294615
-0.297136
-0.299694
-0.302292
-0.305057
-0.308138
-0.311512
-0.31508
-0.318591
-0.321781
-0.324388
-0.326271
-0.327327
-0.327543
-0.326917
-0.325498
-0.323323
-0.320432
-0.316873
-0.312706
-0.308052
-0.303104
-0.298124
-0.293482
-0.289588
-0.286852
-0.285565
-0.285835
-0.28752
-0.29032
-0.293846
-0.297699
-0.30156
-0.305199
-0.308488
-0.31136
-0.31381
-0.315844
-0.317514
-0.31885
-0.319879
-0.32061
-0.321086
-0.321289
-0.321232
-0.320927
-0.320416
-0.319744
-0.319029
-0.318412
-0.318054
-0.318152
-0.318852
-0.320246
-0.322324
-0.32495
-0.3279
-0.33088
-0.333535
-0.335498
-0.336389
-0.3358
-0.333373
-0.328811
-0.321998
-0.313106
-0.302737
-0.291941
-0.281985
-0.274189
-0.26979
-0.269842
-0.274798
-0.284033
-0.295673
-0.307337
-0.31701
-0.323457
-0.326148
-0.324957
-0.319953
-0.311392
-0.300065
-0.287709
-0.277191
-0.271826
-0.273706
-0.282264
-0.294671
-0.307588
-0.318668
-0.326913
-0.332277
-0.335173
-0.336176
-0.335788
-0.334441
-0.33247
-0.33013
-0.327659
-0.325284
-0.323286
-0.321919
-0.321429
-0.321931
-0.323383
-0.325593
-0.328234
-0.33097
-0.333451
-0.335421
-0.336718
-0.337197
-0.336746
-0.335227
-0.332493
-0.328362
-0.322711
-0.315552
-0.30717
-0.298286
-0.290015
-0.283728
-0.28061
-0.281167
-0.285015
-0.291093
-0.298079
-0.304878
-0.310769
-0.315421
-0.318846
-0.321166
-0.322624
-0.32346
-0.32386
-0.323972
-0.323897
-0.323613
-0.323098
-0.322299
-0.321155
-0.319672
-0.31793
-0.316094
-0.314412
-0.313131
-0.312472
-0.312506
-0.313198
-0.314411
-0.316
-0.317814
-0.319748
-0.321702
-0.323507
-0.324982
-0.325908
-0.326055
-0.325276
-0.323545
-0.32099
-0.317889
-0.314663
-0.311734
-0.309511
-0.308233
-0.30799
-0.308684
-0.310133
-0.312122
-0.314389
-0.316666
-0.318743
-0.320413
-0.321608
-0.322295
-0.322579
-0.32257
-0.322437
-0.322374
-0.322497
-0.32297
-0.323842
-0.325111
-0.326709
-0.328461
-0.330158
-0.331586
-0.332557
-0.332923
-0.332617
-0.331608
-0.329966
-0.327818
-0.325333
-0.322781
-0.320447
-0.318581
-0.317387
-0.316961
-0.317284
-0.31827
-0.319768
-0.321682
-0.323873
-0.326203
-0.328588
-0.330906
-0.333038
-0.33486
-0.336286
-0.337211
-0.337584
-0.337349
-0.336487
-0.334985
-0.332876
-0.330173
-0.326933
-0.323257
-0.31926
-0.315094
-0.310917
-0.306911
-0.303229
-0.3
-0.297326
-0.295221
-0.29364
-0.292523
-0.291795
-0.291418
-0.291447
-0.291979
-0.293137
-0.294998
-0.297517
-0.300532
-0.30379
-0.307008
-0.309922
-0.312375
-0.314287
-0.315627
-0.316463
-0.316878
-0.316983
-0.316876
-0.316653
-0.316406
-0.31618
-0.316018
-0.315928
-0.315915
-0.315949
-0.316001
-0.316027
-0.315972
-0.31579
-0.315428
-0.314816
-0.313927
-0.31272
-0.311192
-0.30937
-0.307344
-0.30523
-0.303207
-0.301498
-0.300336
-0.299896
-0.300277
-0.301465
-0.303288
-0.305482
-0.307645
-0.309326
-0.310021
-0.30925
-0.306518
-0.301419
-0.293769
-0.28376
-0.272181
-0.260569
-0.251055
-0.245862
-0.24639
-0.252417
-0.262008
-0.272305
-0.280644
-0.285284
-0.285609
-0.282107
-0.276153
-0.269828
-0.265221
-0.263878
-0.266133
-0.27115
-0.277495
-0.283745
-0.289003
-0.292983
-0.295951
-0.298447
-0.301019
-0.304047
-0.30763
-0.311624
-0.315785
-0.319859
-0.32365
-0.32707
-0.330071
-0.332635
-0.334795
-0.336542
-0.337862
-0.338738
-0.339084
-0.338823
-0.337824
-0.33595
-0.333056
-0.329051
-0.323948
-0.317882
-0.31123
-0.304515
-0.298246
-0.29269
-0.287599
-0.282298
-0.275938
-0.268117
-0.259442
-0.251834
-0.247962
-0.249941
-0.257894
-0.26995
-0.283385
-0.295907
-0.306247
-0.314001
-0.319324
-0.322607
-0.324296
-0.324812
-0.324547
-0.323862
-0.323094
-0.322564
-0.322534
-0.323149
-0.32446
-0.326355
-0.328614
-0.330973
-0.333176
-0.335016
-0.336337
-0.337059
-0.337141
-0.33654
-0.335252
-0.333232
-0.330417
-0.326744
-0.322098
-0.31642
-0.309695
-0.30201
-0.293626
-0.284983
-0.276679
-0.269361
-0.263553
-0.259571
-0.25742
-0.256892
-0.257628
-0.259239
-0.26132
-0.263488
-0.265435
-0.266977
-0.268069
-0.268785
-0.269328
-0.269951
-0.270877
-0.272286
-0.274217
-0.27661
-0.279343
-0.282227
-0.285057
-0.287684
-0.290023
-0.291972
-0.29351
-0.29466
-0.29545
-0.295932
-0.29615
-0.296155
-0.295985
-0.295679
-0.295268
-0.294758
-0.29416
-0.293481
-0.292694
-0.291786
-0.290693
-0.289368
-0.287739
-0.285737
-0.283302
-0.280356
-0.276736
-0.273052
-0.269079
-0.264984
-0.261021
-0.257491
-0.254648
-0.252728
-0.251827
-0.251954
-0.252975
-0.25467
-0.256795
-0.259117
-0.261432
-0.263612
-0.265576
-0.267277
-0.268686
-0.269773
-0.270545
-0.270988
-0.271133
-0.271051
-0.270844
-0.270647
-0.270629
-0.270886
-0.27145
-0.272255
-0.273218
-0.274194
-0.275078
-0.275823
-0.27646
-0.27702
-0.277573
-0.278187
-0.278942
-0.279972
-0.281393
-0.283314
-0.285714
-0.288478
-0.291331
-0.293965
-0.296027
-0.297229
-0.29739
-0.296436
-0.294358
-0.291234
-0.287168
-0.282319
-0.276886
-0.271155
-0.26552
-0.260576
-0.257002
-0.255476
-0.256455
-0.26001
-0.265779
-0.27308
-0.281136
-0.289265
-0.296991
-0.304019
-0.310214
-0.315486
-0.319841
-0.32328
-0.325824
-0.327461
-0.328205
-0.328047
-0.326996
-0.325088
-0.322405
-0.319094
-0.315413
-0.311688
-0.308317
-0.305633
-0.30392
-0.30322
-0.303396
-0.304155
-0.305122
-0.306014
-0.306704
-0.307307
-0.308152
-0.309642
-0.312118
-0.315658
-0.320036
-0.324828
-0.32953
-0.333731
-0.337195
-0.339856
-0.341773
-0.343113
-0.344052
-0.344805
-0.345488
-0.346255
-0.347158
-0.348218
-0.349398
-0.350646
-0.351845
-0.352888
-0.353638
-0.353979
-0.353766
-0.352886
-0.351203
-0.348615
-0.345086
-0.34061
-0.335285
-0.329391
-0.323345
-0.317764
-0.31337
-0.310857
-0.310711
-0.313067
-0.31761
-0.32373
-0.330636
-0.337642
-0.344287
-0.350356
-0.355787
-0.360701
-0.3652
-0.369385
-0.37328
-0.376904
-0.38019
-0.383052
-0.385408
-0.387198
-0.388339
-0.388792
-0.388526
-0.387507
-0.385753
-0.3833
-0.380205
-0.376604
-0.372707
-0.368748
-0.365017
-0.361785
-0.359244
-0.357413
-0.356154
-0.355192
-0.35416
-0.35279
-0.351044
-0.349196
-0.347855
-0.347776
-0.34952
-0.353199
-0.358373
-0.364293
-0.370164
-0.375399
-0.379661
-0.382833
-0.384944
-0.386047
-0.386219
-0.385467
-0.38382
-0.381278
-0.377935
-0.373932
-0.369572
-0.3652
-0.361178
-0.35774
-0.354922
-0.352486
-0.350085
-0.347359
-0.344108
-0.340388
-0.336454
-0.332741
-0.329667
-0.327625
-0.326843
-0.327421
-0.329406
-0.332794
-0.337484
-0.343287
-0.349857
-0.35674
-0.363476
-0.369646
-0.37494
-0.379191
-0.382332
-0.384391
-0.385469
-0.385664
-0.3851
-0.383872
-0.382087
-0.379814
-0.37713
-0.374086
-0.370746
-0.367153
-0.36335
-0.359387
-0.355343
-0.351336
-0.347541
-0.344219
-0.34168
-0.340207
-0.339977
-0.340994
-0.343065
-0.345823
-0.34879
-0.3515
-0.353558
-0.354675
-0.354662
-0.353468
-0.351191
-0.348099
-0.344661
-0.341484
-0.33928
-0.338579
-0.339647
-0.342344
-0.346238
-0.350684
-0.355087
-0.35899
-0.362122
-0.364315
-0.365481
-0.365612
-0.364713
-0.362798
-0.359904
-0.356141
-0.351704
-0.346941
-0.342421
-0.338806
-0.336818
-0.336989
-0.339517
-0.344188
-0.35047
-0.357608
-0.364836
-0.371441
-0.376808
-0.380399
-0.38172
-0.38036
-0.376067
-0.368885
-0.359289
-0.348327
-0.337418
-0.327916
-0.320465
-0.314863
-0.310328
-0.306135
-0.302101
-0.298682
-0.296676
-0.296779
-0.29926
-0.303883
-0.310117
-0.31725
-0.324571
-0.331499
-0.33759
-0.342624
-0.346579
-0.349548
-0.351704
-0.353242
-0.354315
-0.355016
-0.355445
-0.355624
-0.355586
-0.355337
-0.354904
-0.354296
-0.353517
-0.35258
-0.35152
-0.350363
-0.349076
-0.347701
-0.346236
-0.344668
-0.342984
-0.34116
-0.339158
-0.336961
-0.334536
-0.331849
-0.328913
-0.325741
-0.32241
-0.319034
-0.315769
-0.312816
-0.310379
-0.308642
-0.307681
-0.307484
-0.307934
-0.308832
-0.309963
-0.31109
-0.312023
-0.312599
-0.312758
-0.312466
-0.311762
-0.31076
-0.309648
-0.308634
-0.307933
-0.30771
-0.308041
-0.308949
-0.31033
-0.312061
-0.313976
-0.315946
-0.31785
-0.319588
-0.321065
-0.322234
-0.323048
-0.323482
-0.323549
-0.323281
-0.322749
-0.32205
-0.321318
-0.320679
-0.32024
-0.320088
-0.320252
-0.320712
-0.321387
-0.322197
-0.323016
-0.323723
-0.324145
-0.324134
-0.323506
-0.322107
-0.319806
-0.316576
-0.312527
-0.307893
-0.303128
-0.298838
-0.29566
-0.294152
-0.294612
-0.297008
-0.301049
-0.306191
-0.311849
-0.317514
-0.322757
-0.327326
-0.331091
-0.334048
-0.336261
-0.33783
-0.338863
-0.339496
-0.339812
-0.339874
-0.339696
-0.339221
-0.338341
-0.3369
-0.334733
-0.331684
-0.327725
-0.322985
-0.317851
-0.312956
-0.309007
-0.306568
-0.305792
-0.306326
-0.307519
-0.308639
-0.309118
-0.308723
-0.307598
-0.306284
-0.305559
-0.306223
-0.308768
-0.313143
-0.318761
-0.324723
-0.330156
-0.334393
-0.337076
-0.338111
-0.337651
-0.336023
-0.333752
-0.33149
-0.329946
-0.329744
-0.331231
-0.334422
-0.338965
-0.344331
-0.349988
-0.355473
-0.360485
-0.364864
-0.368552
-0.371558
-0.373909
-0.375625
-0.376724
-0.37719
-0.376997
-0.376078
-0.374338
-0.371651
-0.367822
-0.362616
-0.355767
-0.347033
-0.336291
-0.323806
-0.310432
-0.297646
-0.28711
-0.279786
-0.275256
-0.272174
-0.269882
-0.269709
-0.274342
-0.285268
-0.301062
-0.318317
-0.334056
-0.346883
-0.356819
-0.364504
-0.370654
-0.375835
-0.380326
-0.384271
-0.387668
-0.390451
-0.392551
-0.393885
-0.394393
-0.394044
-0.392856
-0.39085
-0.388177
-0.385066
-0.381805
-0.378755
-0.376299
-0.374743
-0.374297
-0.374987
-0.376659
-0.379045
-0.381808
-0.384625
-0.38725
-0.389497
-0.391282
-0.39257
-0.39337
-0.393662
-0.393459
-0.392719
-0.391392
-0.389418
-0.386779
-0.383493
-0.379655
-0.375469
-0.371213
-0.367228
-0.363875
-0.361419
-0.360043
-0.359741
-0.360399
-0.36176
-0.363566
-0.36553
-0.367383
-0.368907
-0.369941
-0.370395
-0.370284
-0.369726
-0.368953
-0.368265
-0.367967
-0.368327
-0.369456
-0.371331
-0.373771
-0.376511
-0.379259
-0.381736
-0.383737
-0.385118
-0.385823
-0.385836
-0.385191
-0.383956
-0.382229
-0.380102
-0.377686
-0.375075
-0.372371
-0.369649
-0.36694
-0.364258
-0.361528
-0.358625
-0.355384
-0.351601
-0.347099
-0.341772
-0.33567
-0.329063
-0.322472
-0.31668
-0.312584
-0.310992
-0.312358
-0.3166
-0.32308
-0.330842
-0.338829
-0.346133
-0.352147
-0.356572
-0.359356
-0.360625
-0.360584
-0.359578
-0.35793
-0.355953
-0.353915
-0.352015
-0.350304
-0.348741
-0.347157
-0.345352
-0.343108
-0.340214
-0.336591
-0.332296
-0.327548
-0.322761
-0.318508
-0.315435
-0.314089
-0.31478
-0.317485
-0.321872
-0.327364
-0.333353
-0.339294
-0.344771
-0.34955
-0.353529
-0.356652
-0.358943
-0.360411
-0.361078
-0.360953
-0.360058
-0.358396
-0.355996
-0.352929
-0.3493
-0.345279
-0.341082
-0.336999
-0.333335
-0.330406
-0.328445
-0.327639
-0.328022
-0.329523
-0.331982
-0.335155
-0.338786
-0.342628
-0.346436
-0.350041
-0.353278
-0.356015
-0.358134
-0.359523
-0.359995
-0.359363
-0.357376
-0.353769
-0.348333
-0.340976
-0.331808
-0.321305
-0.31034
-0.300105
-0.291862
-0.28662
-0.284931
-0.286796
-0.291822
-0.299355
-0.308534
-0.318383
-0.3279
-0.33623
-0.342768
-0.347257
-0.34968
-0.350274
-0.349496
-0.347931
-0.34625
-0.345074
-0.344807
-0.345528
-0.346999
-0.348813
-0.350581
-0.35207
-0.353285
-0.354403
-0.355669
-0.357302
-0.359355
-0.361784
-0.364413
-0.367004
-0.369384
-0.371426
-0.373075
-0.374357
-0.375316
-0.376044
-0.376613
-0.377095
-0.377538
-0.377968
-0.378421
-0.378879
-0.379304
-0.379642
-0.379791
-0.379647
-0.379031
-0.377703
-0.375369
-0.371668
-0.366195
-0.358637
-0.348875
-0.337274
-0.324847
-0.313169
-0.303922
-0.29825
-0.296357
-0.29773
-0.301697
-0.307778
-0.315613
-0.324703
-0.334345
-0.343623
-0.351664
-0.357767
-0.361445
-0.362414
-0.360615
-0.356221
-0.349729
-0.342162
-0.33501
-0.330014
-0.328561
-0.331028
-0.336652
-0.343987
-0.35154
-0.358254
-0.363534
-0.367188
-0.369213
-0.369748
-0.368996
-0.367252
-0.36493
-0.362578
-0.360818
-0.360172
-0.360961
-0.363101
-0.366267
-0.369919
-0.373496
-0.37651
-0.378595
-0.379516
-0.379096
-0.377193
-0.373688
-0.368504
-0.361676
-0.353511
-0.344645
-0.336038
-0.328787
-0.323733
-0.321077
-0.320306
-0.320541
-0.320936
-0.321008
-0.320669
-0.32009
-0.319601
-0.31951
-0.320051
-0.321407
-0.323657
-0.326845
-0.330891
-0.3356
-0.340658
-0.345711
-0.350429
-0.354617
-0.358155
-0.361043
-0.363321
-0.36509
-0.366441
-0.367453
-0.368179
-0.368629
-0.368815
-0.36866
-0.368106
-0.367084
-0.365486
-0.363283
-0.360424
-0.356961
-0.353052
-0.348995
-0.345142
-0.341912
-0.33963
-0.338427
-0.338177
-0.338522
-0.338974
-0.339039
-0.338307
-0.336502
-0.333537
-0.329548
-0.324882
-0.320071
-0.315795
-0.312732
-0.311355
-0.311776
-0.313768
-0.316823
-0.320343
-0.323813
-0.326867
-0.329299
-0.331078
-0.332316
-0.333178
-0.333886
-0.334612
-0.335485
-0.33654
-0.337732
-0.338942
-0.340046
-0.340972
-0.341704
-0.34234
-0.343033
-0.34393
-0.345148
-0.34671
-0.348541
-0.350474
-0.352334
-0.353905
-0.355039
-0.35563
-0.355628
-0.355011
-0.353797
-0.352056
-0.34987
-0.347343
-0.344596
-0.341758
-0.338963
-0.336306
-0.333864
-0.331677
-0.329734
-0.327983
-0.326348
-0.324754
-0.323128
-0.321476
-0.319874
-0.318457
-0.317402
-0.316903
-0.317049
-0.317818
-0.319074
-0.320605
-0.322201
-0.323709
-0.325059
-0.326275
-0.327439
-0.328662
-0.33004
-0.331638
-0.333463
-0.33549
-0.337698
-0.340007
-0.342373
-0.34475
-0.347128
-0.349502
-0.35187
-0.354226
-0.356552
-0.358823
-0.360999
-0.363039
-0.364904
-0.366568
-0.367993
-0.36916
-0.370061
-0.370689
-0.371031
-0.371072
-0.370835
-0.37028
-0.369418
-0.368237
-0.366724
-0.364889
-0.36274
-0.360302
-0.357568
-0.354563
-0.351305
-0.347836
-0.344311
-0.340997
-0.338298
-0.336743
-0.336787
-0.338607
-0.342006
-0.346469
-0.351335
-0.355994
-0.360067
-0.363408
-0.366012
-0.367949
-0.369297
-0.370096
-0.370372
-0.370112
-0.369254
-0.367708
-0.365343
-0.362002
-0.357495
-0.351818
-0.345327
-0.339043
-0.334607
-0.333819
-0.337618
-0.345423
-0.355371
-0.365249
-0.373379
-0.378887
-0.381564
-0.381619
-0.379436
-0.375535
-0.370467
-0.364822
-0.359227
-0.354269
-0.350412
-0.347969
-0.347033
-0.347456
-0.34891
-0.350982
-0.353262
-0.355424
-0.357305
-0.35892
-0.360403
-0.361984
-0.363876
-0.366182
-0.368877
-0.37181
-0.374715
-0.377323
-0.379403
-0.380832
-0.381549
-0.381585
-0.381011
-0.379965
-0.378593
-0.377093
-0.375615
-0.374349
-0.373452
-0.373032
-0.37312
-0.373653
-0.374505
-0.375442
-0.376145
-0.37629
-0.375529
-0.373538
-0.370057
-0.36495
-0.358395
-0.351025
-0.343988
-0.338848
-0.337064
-0.339389
-0.345399
-0.353823
-0.363102
-0.372641
-0.380107
-0.386117
-0.390635
-0.393749
-0.395604
-0.396352
-0.396148
-0.3951
-0.393342
-0.390987
-0.388154
-0.38496
-0.381524
-0.377978
-0.374455
-0.371086
-0.367981
-0.365226
-0.362887
-0.361023
-0.35963
-0.358694
-0.358207
-0.358159
-0.358553
-0.359404
-0.360707
-0.362481
-0.364682
-0.367229
-0.370011
-0.372867
-0.375594
-0.378018
-0.379952
-0.381211
-0.38168
-0.381277
-0.379947
-0.377749
-0.374832
-0.371481
-0.368114
-0.365229
-0.363292
-0.362592
-0.363174
-0.364807
-0.367057
-0.36947
-0.371629
-0.373242
-0.374167
-0.374365
-0.373846
-0.372692
-0.371015
-0.368914
-0.366533
-0.363999
-0.361455
-0.359017
-0.356817
-0.354927
-0.353384
-0.352217
-0.351379
-0.3508
-0.350438
-0.350228
-0.350122
-0.350065
-0.350042
-0.350029
-0.350027
-0.350047
-0.350113
-0.350208
-0.350373
-0.350637
-0.350985
-0.351423
-0.351925
-0.352447
-0.352951
-0.353379
-0.353673
-0.353812
-0.353787
-0.353596
-0.35327
-0.352808
-0.352264
-0.35166
-0.351018
-0.350354
-0.349683
-0.349045
-0.34847
-0.347992
-0.347664
-0.347546
-0.347699
-0.348195
-0.349085
-0.350381
-0.352078
-0.354113
-0.356417
-0.358839
-0.361269
-0.363609
-0.365728
-0.367536
-0.368992
-0.370041
-0.370697
-0.370939
-0.370766
-0.370216
-0.369318
-0.368134
-0.366729
-0.365194
-0.363596
-0.362027
-0.360528
-0.359113
-0.35775
-0.356388
-0.354954
-0.353396
-0.351743
-0.350089
-0.34861
-0.347509
-0.346979
-0.347135
-0.347978
-0.349404
-0.351253
-0.353321
-0.355418
-0.35739
-0.359131
-0.360581
-0.361705
-0.362445
-0.362773
-0.362647
-0.361965
-0.360659
-0.358676
-0.356021
-0.352898
-0.349687
-0.347058
-0.345784
-0.34656
-0.349679
-0.354878
-0.361486
-0.368637
-0.375584
-0.381816
-0.387096
-0.391364
-0.394673
-0.397135
-0.398842
-0.399878
-0.400271
-0.400022
-0.399068
-0.397292
-0.394528
-0.390527
-0.38499
-0.37756
-0.36788
-0.355668
-0.340829
-0.323605
-0.304737
-0.285574
-0.268009
-0.25416
-0.24583
-0.244039
-0.248749
-0.259021
-0.273479
-0.290665
-0.309242
-0.328018
-0.345873
-0.361883
-0.375449
-0.386304
-0.394493
-0.40028
-0.404011
-0.406062
-0.406724
-0.406265
-0.404851
-0.402605
-0.399592
-0.395854
-0.391412
-0.386367
-0.38086
-0.375175
-0.36968
-0.36481
-0.360954
-0.358349
-0.356959
-0.356451
-0.356246
-0.355703
-0.354157
-0.351191
-0.346638
-0.340746
-0.334264
-0.32833
-0.324296
-0.323342
-0.32602
-0.332042
-0.340385
-0.349726
-0.358805
-0.366755
-0.373098
-0.377729
-0.380777
-0.382486
-0.383157
-0.383126
-0.382698
-0.382151
-0.381725
-0.381551
-0.381701
-0.382111
-0.382681
-0.383232
-0.383606
-0.383655
-0.383305
-0.382519
-0.381332
-0.37981
-0.378033
-0.376038
-0.373821
-0.371392
-0.368814
-0.366309
-0.364266
-0.363211
-0.363549
-0.365459
-0.368689
-0.372747
-0.377041
-0.381108
-0.384713
-0.387792
-0.390372
-0.392482
-0.39409
-0.395096
-0.395387
-0.394933
-0.393812
-0.392224
-0.390476
-0.388897
-0.387702
-0.386917
-0.386362
-0.38568
-0.384358
-0.381864
-0.377644
-0.371221
-0.362317
-0.351138
-0.338779
-0.327413
-0.319767
-0.317665
-0.32067
-0.326303
-0.331855
-0.336048
-0.339543
-0.344001
-0.350577
-0.359085
-0.36822
-0.376484
-0.382963
-0.3875
-0.390482
-0.392491
-0.394053
-0.395502
-0.39699
-0.398478
-0.399887
-0.401106
-0.402062
-0.402688
-0.40303
-0.403091
-0.402902
-0.402515
-0.401986
-0.401314
-0.40053
-0.399649
-0.398679
-0.397616
-0.396478
-0.395302
-0.394098
-0.392911
-0.391779
-0.390726
-0.389767
-0.388901
-0.388054
-0.387141
-0.386009
-0.384503
-0.382471
-0.37985
-0.376765
-0.373557
-0.370872
-0.369468
-0.369989
-0.372665
-0.377188
-0.382824
-0.388652
-0.393899
-0.398044
-0.400845
-0.402285
-0.402483
-0.401651
-0.400057
-0.397978
-0.395723
-0.393531
-0.391626
-0.390133
-0.389117
-0.388591
-0.388566
-0.389114
-0.390316
-0.392299
-0.395141
-0.398782
-0.402994
-0.407485
-0.411842
-0.415716
-0.418846
-0.42104
-0.422233
-0.422372
-0.421448
-0.419445
-0.416368
-0.412268
-0.407261
-0.401608
-0.395713
-0.39013
-0.385527
-0.382548
-0.381687
-0.383159
-0.386789
-0.392064
-0.398249
-0.404562
-0.41031
-0.414992
-0.418305
-0.420164
-0.420655
-0.42001
-0.418599
-0.416839
-0.415155
-0.413911
-0.413335
-0.413488
-0.414254
-0.41542
-0.416759
-0.418018
-0.419038
-0.419734
-0.420121
-0.420285
-0.420392
-0.420625
-0.421178
-0.422139
-0.423471
-0.425001
-0.426437
-0.427419
-0.427541
-0.426412
-0.423685
-0.419096
-0.412459
-0.403762
-0.393275
-0.381722
-0.370292
-0.360619
-0.354326
-0.352533
-0.355324
-0.361737
-0.370185
-0.378953
-0.38672
-0.392713
-0.396636
-0.398562
-0.398744
-0.397547
-0.395398
-0.392694
-0.389792
-0.386958
-0.384371
-0.382125
-0.380221
-0.37864
-0.37735
-0.376318
-0.375504
-0.374893
-0.374458
-0.374135
-0.373832
-0.373472
-0.372961
-0.372229
-0.371244
-0.369965
-0.368402
-0.36653
-0.364306
-0.36167
-0.358532
-0.354863
-0.350753
-0.34647
-0.342536
-0.339638
-0.338388
-0.339134
-0.341771
-0.345778
-0.350464
-0.355185
-0.359505
-0.363185
-0.366176
-0.368542
-0.370383
-0.371818
-0.372955
-0.373858
-0.374577
-0.375135
-0.375534
-0.375764
-0.375771
-0.375527
-0.374975
-0.374062
-0.372758
-0.371036
-0.368925
-0.366478
-0.363805
-0.361056
-0.35838
-0.355916
-0.353767
-0.351984
-0.350589
-0.349581
-0.348962
-0.348699
-0.348779
-0.34912
-0.349615
-0.350155
-0.350641
-0.350951
-0.351021
-0.350826
-0.350394
-0.349832
-0.349368
-0.349296
-0.349944
-0.351531
-0.354099
-0.357427
-0.361106
-0.364662
-0.367628
-0.369706
-0.370736
-0.370732
-0.369841
-0.368318
-0.366516
-0.364804
-0.363549
-0.363067
-0.363525
-0.364924
-0.367092
-0.369717
-0.372496
-0.37512
-0.377375
-0.379086
-0.380161
-0.380527
-0.380184
-0.379149
-0.377469
-0.375261
-0.372715
-0.370083
-0.367689
-0.365894
-0.365008
-0.365256
-0.366701
-0.369244
-0.372633
-0.376562
-0.380681
-0.384698
-0.388358
-0.391507
-0.394014
-0.395823
-0.396869
-0.397117
-0.396487
-0.394885
-0.39222
-0.388419
-0.383469
-0.377554
-0.371185
-0.365239
-0.360888
-0.359191
-0.360715
-0.365144
-0.371424
-0.378216
-0.384393
-0.389175
-0.392181
-0.393315
-0.392648
-0.390339
-0.38664
-0.381827
-0.376289
-0.370498
-0.364977
-0.360276
-0.356905
-0.355285
-0.355657
-0.35806
-0.362308
-0.368042
-0.374797
-0.382035
-0.389287
-0.396159
-0.402325
-0.407576
-0.411804
-0.414965
-0.417053
-0.418114
-0.418206
-0.417401
-0.415783
-0.413437
-0.410474
-0.407002
-0.403163
-0.399113
-0.395004
-0.391012
-0.387311
-0.384054
-0.381379
-0.379425
-0.378271
-0.377981
-0.378556
-0.379962
-0.382107
-0.38485
-0.388023
-0.391445
-0.394921
-0.398255
-0.401296
-0.403894
-0.405948
-0.407381
-0.408125
-0.40813
-0.407352
-0.405761
-0.403283
-0.399827
-0.395313
-0.389641
-0.382833
-0.375111
-0.367024
-0.359538
-0.353947
-0.35136
-0.35229
-0.356349
-0.362401
-0.369126
-0.37542
-0.380621
-0.384489
-0.38703
-0.388391
-0.388763
-0.388362
-0.387378
-0.385962
-0.384266
-0.382418
-0.380493
-0.378583
-0.37676
-0.375093
-0.373621
-0.372393
-0.371421
-0.370727
-0.370319
-0.37018
-0.370275
-0.370594
-0.37107
-0.371652
-0.372279
-0.372894
-0.373446
-0.37389
-0.374191
-0.374341
-0.374331
-0.374204
-0.37396
-0.373673
-0.373385
-0.373145
-0.372996
-0.372957
-0.373019
-0.373168
-0.373369
-0.373581
-0.373765
-0.373919
-0.37404
-0.374165
-0.374328
-0.374572
-0.374927
-0.375438
-0.376041
-0.376717
-0.377381
-0.377951
-0.378322
-0.378414
-0.378145
-0.377419
-0.376126
-0.374189
-0.371508
-0.367964
-0.363512
-0.358112
-0.351862
-0.345043
-0.338077
-0.331595
-0.326239
-0.322504
-0.320536
-0.32016
-0.32096
-0.322559
-0.324724
-0.327382
-0.330523
-0.334051
-0.337762
-0.341464
-0.345047
-0.348539
-0.352063
-0.355781
-0.359779
-0.364035
-0.368394
-0.372635
-0.376477
-0.379705
-0.38217
-0.383818
-0.384646
-0.384691
-0.384038
-0.382784
-0.381
-0.378762
-0.376118
-0.373162
-0.370022
-0.366918
-0.364106
-0.361892
-0.360544
-0.360235
-0.360972
-0.362648
-0.365056
-0.367962
-0.371129
-0.374393
-0.377613
-0.380691
-0.383555
-0.386143
-0.388451
-0.390432
-0.392091
-0.393438
-0.394474
-0.395226
-0.395724
-0.39597
-0.395991
-0.395799
-0.395419
-0.394884
-0.394209
-0.393422
-0.39257
-0.391736
-0.390985
-0.390421
-0.390153
-0.390264
-0.390858
-0.391982
-0.393653
-0.395805
-0.398318
-0.40099
-0.403574
-0.405769
-0.407269
-0.407781
-0.407004
-0.404711
-0.400715
-0.394989
-0.387604
-0.378863
-0.369234
-0.359353
-0.350031
-0.34209
-0.336373
-0.333632
-0.334326
-0.338432
-0.345345
-0.353991
-0.363143
-0.371766
-0.37916
-0.384952
-0.389
-0.391341
-0.39208
-0.391352
-0.389291
-0.386043
-0.381817
-0.376869
-0.371541
-0.366304
-0.361703
-0.358292
-0.356501
-0.35653
-0.358298
-0.361438
-0.365456
-0.369838
-0.374131
-0.378021
-0.381303
-0.383829
-0.385503
-0.386294
-0.386209
-0.385313
-0.383674
-0.381398
-0.378609
-0.375408
-0.371854
-0.367987
-0.363807
-0.359321
-0.354579
-0.349767
-0.345178
-0.341296
-0.33862
-0.337608
-0.338557
-0.341454
-0.346042
-0.351832
-0.35823
-0.364638
-0.370561
-0.375669
-0.379795
-0.382913
-0.385098
-0.386456
-0.38709
-0.387128
-0.386652
-0.385663
-0.384155
-0.382074
-0.379336
-0.375871
-0.371711
-0.366991
-0.362049
-0.35742
-0.353663
-0.351277
-0.350417
-0.350845
-0.352154
-0.353951
-0.356098
-0.358748
-0.362176
-0.366533
-0.371691
-0.377221
-0.382526
-0.38702
-0.390234
-0.391812
-0.391578
-0.389433
-0.3854
-0.379668
-0.372689
-0.365188
-0.358138
-0.352524
-0.348979
-0.347531
-0.347583
-0.348199
-0.348406
-0.347507
-0.345214
-0.341598
-0.33712
-0.332465
-0.328417
-0.325673
-0.32467
-0.325496
-0.327956
-0.331667
-0.336212
-0.341223
-0.346408
-0.35156
-0.356528
-0.36123
-0.365623
-0.369704
-0.37352
-0.377101
-0.380455
-0.383538
-0.3862
-0.388279
-0.389505
-0.389602
-0.388313
-0.385389
-0.380704
-0.374327
-0.36655
-0.358045
-0.349825
-0.343082
-0.338968
-0.338209
-0.340799
-0.346017
-0.352701
-0.359607
-0.365746
-0.370499
-0.373617
-0.375036
-0.374898
-0.373348
-0.370598
-0.366888
-0.362523
-0.357871
-0.353328
-0.349266
-0.345923
-0.343343
-0.341338
-0.339617
-0.337755
-0.335479
-0.332601
-0.329113
-0.325182
-0.321044
-0.316983
-0.313223
-0.309919
-0.307103
-0.304777
-0.302924
-0.301595
-0.300945
-0.301228
-0.302715
-0.305588
-0.30986
-0.315277
-0.321395
-0.327681
-0.333565
-0.338606
-0.342504
-0.34531
-0.346468
-0.34635
-0.3451
-0.342882
-0.339897
-0.336312
-0.33231
-0.32802
-0.323521
-0.318881
-0.314153
-0.309453
-0.305008
-0.30119
-0.298455
-0.297226
-0.297714
-0.299854
-0.303312
-0.307594
-0.312224
-0.316837
-0.32121
-0.325252
-0.328941
-0.332285
-0.335313
-0.338059
-0.340546
-0.342786
-0.344795
-0.346572
-0.348103
-0.349395
-0.350422
-0.35117
-0.351591
-0.351651
-0.351248
-0.350289
-0.348667
-0.34627
-0.343012
-0.338887
-0.334028
-0.328751
-0.323606
-0.319256
-0.316345
-0.315238
-0.315852
-0.317756
-0.320272
-0.322763
-0.32479
-0.326119
-0.326716
-0.326702
-0.326236
-0.32548
-0.324621
-0.323775
-0.323001
-0.322348
-0.321793
-0.321262
-0.320681
-0.319951
-0.318972
-0.317682
-0.31603
-0.314009
-0.311641
-0.309012
-0.306295
-0.303741
-0.301672
-0.300419
-0.300251
-0.301273
-0.303384
-0.306312
-0.309685
-0.31317
-0.316495
-0.319514
-0.322129
-0.324323
-0.326116
-0.327556
-0.328681
-0.329555
-0.33026
-0.330848
-0.331391
-0.331956
-0.332585
-0.333305
-0.334114
-0.335003
-0.335939
-0.336867
-0.337754
-0.338535
-0.339155
-0.339557
-0.339689
-0.339509
-0.338961
-0.337968
-0.336503
-0.334506
-0.33194
-0.32881
-0.325182
-0.321176
-0.31699
-0.312922
-0.3093
-0.306439
-0.304532
-0.303565
-0.303314
-0.303364
-0.303191
-0.302269
-0.300182
-0.296856
-0.292568
-0.28804
-0.284283
-0.282306
-0.282769
-0.285783
-0.290995
-0.297757
-0.305346
-0.31308
-0.320395
-0.326851
-0.332208
-0.336375
-0.339381
-0.341354
-0.342458
-0.342869
-0.342747
-0.342235
-0.341452
-0.340468
-0.339335
-0.338083
-0.336722
-0.335267
-0.333754
-0.332219
-0.330739
-0.329427
-0.328398
-0.327781
-0.327654
-0.328093
-0.329071
-0.330511
-0.332303
-0.334278
-0.336273
-0.338161
-0.33979
-0.341127
-0.342116
-0.342771
-0.343139
-0.343287
-0.343298
-0.343279
-0.343331
-0.343524
-0.343915
-0.344505
-0.345258
-0.346094
-0.346888
-0.347519
-0.347866
-0.347848
-0.347438
-0.346678
-0.345735
-0.344836
-0.344268
-0.344326
-0.345189
-0.346936
-0.349445
-0.352484
-0.355741
-0.358898
-0.361696
-0.363928
-0.365415
-0.366043
-0.365711
-0.364362
-0.361994
-0.358704
-0.354756
-0.350615
-0.346926
-0.344398
-0.343539
-0.344505
-0.347004
-0.35041
-0.35404
-0.35728
-0.359742
-0.36126
-0.36185
-0.361589
-0.360666
-0.359251
-0.357543
-0.355709
-0.353908
-0.352286
-0.350963
-0.350004
-0.349477
-0.34939
-0.349717
-0.350424
-0.351434
-0.352665
-0.354036
-0.355471
-0.356906
-0.358271
-0.359535
-0.360669
-0.361646
-0.362445
-0.363066
-0.363474
-0.363647
-0.363572
-0.363209
-0.362535
-0.361547
-0.360247
-0.358708
-0.357001
-0.355231
-0.353547
-0.352078
-0.350944
-0.350183
-0.349811
-0.349769
-0.349972
-0.350327
-0.350735
-0.351145
-0.35151
-0.351801
-0.351967
-0.351986
-0.351809
-0.35136
-0.350612
-0.349526
-0.348118
-0.346443
-0.344601
-0.342741
-0.341014
-0.339598
-0.338616
-0.338178
-0.338269
-0.338864
-0.339883
-0.341231
-0.342812
-0.344573
-0.346463
-0.348444
-0.350465
-0.352463
-0.354367
-0.356093
-0.357536
-0.358593
-0.359173
-0.359209
-0.358669
-0.357599
-0.356094
-0.354377
-0.352719
-0.35144
-0.350863
-0.351218
-0.352597
-0.354896
-0.357907
-0.361357
-0.36498
-0.368533
-0.371872
-0.3749
-0.377589
-0.379942
-0.381958
-0.383675
-0.385108
-0.386305
-0.38729
-0.388089
-0.38873
-0.389236
-0.389609
-0.389853
-0.389944
-0.389845
-0.38949
-0.388814
-0.387717
-0.386114
-0.383913
-0.381088
-0.37773
-0.374078
-0.370548
-0.367707
-0.366073
-0.365983
-0.367366
-0.369666
-0.371925
-0.372848
-0.371119
-0.365587
-0.355662
-0.341775
-0.325847
-0.311475
-0.303305
-0.30536
-0.318472
-0.339205
-0.361765
-0.381248
-0.395262
-0.403515
-0.406791
-0.406156
-0.40262
-0.396965
-0.389773
-0.381519
-0.372637
-0.363633
-0.355201
-0.348231
-0.343591
-0.341831
-0.342879
-0.34616
-0.350824
-0.356111
-0.361476
-0.366587
-0.371252
-0.375388
-0.378956
-0.381974
-0.384518
-0.386743
-0.388847
-0.391069
-0.393623
-0.396575
-0.399782
-0.402897
-0.405462
-0.407028
-0.407268
-0.406016
-0.403268
-0.399129
-0.39383
-0.387664
-0.380994
-0.374254
-0.367876
-0.362305
-0.357911
-0.354954
-0.353515
-0.353528
-0.354748
-0.356822
-0.359402
-0.362149
-0.364824
-0.367237
-0.369309
-0.371036
-0.372426
-0.373521
-0.374373
-0.374988
-0.375377
-0.375561
-0.37553
-0.375276
-0.374812
-0.374146
-0.37333
-0.372439
-0.371555
-0.370784
-0.370205
-0.369878
-0.369829
-0.370038
-0.370482
-0.371091
-0.371778
-0.372473
-0.373118
-0.373651
-0.374024
-0.374196
-0.374146
-0.373822
-0.373175
-0.372183
-0.370793
-0.368995
-0.366802
-0.36428
-0.361598
-0.358975
-0.356664
-0.354916
-0.353885
-0.353578
-0.353845
-0.354437
-0.355086
-0.355583
-0.355791
-0.355672
-0.35524
-0.354567
-0.353678
-0.352565
-0.351211
-0.349608
-0.347797
-0.345827
-0.343755
-0.34158
-0.339145
-0.336119
-0.332105
-0.326652
-0.319544
-0.311065
-0.302163
-0.294554
-0.290317
-0.291128
-0.297275
-0.307447
-0.319313
-0.330711
-0.340232
-0.347402
-0.3524
-0.355716
-0.357889
-0.359367
-0.360474
-0.361348
-0.362033
-0.362485
-0.362579
-0.362221
-0.361326
-0.359849
-0.357805
-0.355341
-0.352659
-0.350063
-0.347901
-0.346484
-0.346013
-0.346508
-0.347789
-0.349556
-0.351477
-0.353248
-0.354655
-0.355578
-0.356006
-0.355973
-0.355546
-0.35479
-0.353776
-0.352567
-0.351196
-0.349741
-0.348306
-0.347025
-0.346047
-0.345488
-0.345425
-0.345826
-0.346575
-0.347452
-0.348187
-0.348542
-0.348256
-0.347168
-0.345186
-0.342296
-0.338564
-0.334114
-0.329113
-0.32373
-0.318136
-0.312475
-0.306998
-0.302052
-0.29816
-0.295968
-0.295988
-0.298321
-0.302609
-0.308108
-0.313941
-0.319361
-0.323803
-0.326887
-0.328373
-0.32817
-0.326349
-0.3232
-0.319259
-0.315333
-0.312273
-0.310741
-0.310996
-0.312838
-0.315741
-0.319136
-0.322571
-0.325723
-0.328456
-0.330661
-0.332285
-0.333266
-0.333543
-0.333098
-0.331947
-0.330161
-0.327853
-0.325194
-0.322402
-0.319678
-0.317215
-0.315196
-0.313765
-0.313016
-0.313014
-0.313762
-0.315198
-0.317199
-0.319565
-0.322039
-0.324311
-0.326075
-0.327043
-0.32707
-0.326133
-0.324427
-0.322335
-0.320366
-0.319037
-0.318682
-0.319291
-0.3206
-0.322159
-0.323456
-0.324103
-0.323917
-0.322833
-0.320969
-0.318495
-0.315647
-0.312647
-0.309753
-0.307162
-0.305099
-0.303795
-0.303448
-0.304184
-0.306052
-0.308901
-0.312472
-0.316429
-0.320393
-0.324104
-0.327369
-0.330091
-0.332229
-0.333819
-0.334912
-0.335557
-0.33581
-0.33574
-0.335387
-0.334771
-0.333945
-0.332924
-0.331743
-0.330435
-0.329026
-0.32755
-0.32606
-0.324602
-0.323234
-0.322005
-0.32097
-0.32016
-0.319603
-0.319328
-0.319318
-0.319543
-0.319972
-0.320573
-0.321292
-0.322096
-0.322946
-0.323821
-0.324712
-0.325594
-0.326478
-0.327389
-0.328308
-0.329262
-0.330262
-0.331315
-0.332428
-0.3336
-0.334832
-0.336101
-0.337378
-0.338637
-0.339835
-0.3409
-0.341793
-0.342472
-0.34288
-0.342958
-0.342678
-0.342005
-0.340965
-0.33957
-0.337866
-0.33592
-0.333847
-0.331753
-0.329785
-0.328093
-0.326804
-0.326051
-0.325938
-0.326481
-0.32763
-0.329279
-0.331212
-0.333161
-0.334911
-0.336297
-0.337311
-0.33816
-0.339222
-0.340953
-0.343763
-0.347842
-0.353018
-0.358858
-0.36479
-0.370272
-0.3749
-0.37845
-0.380878
-0.382257
-0.382747
-0.382584
-0.382021
-0.381317
-0.380708
-0.380362
-0.380377
-0.380745
-0.381373
-0.382121
-0.382792
-0.383229
-0.383295
-0.382853
-0.381836
-0.380189
-0.377881
-0.374869
-0.371144
-0.366655
-0.361388
-0.355353
-0.348774
-0.34207
-0.335998
-0.331564
-0.329767
-0.331251
-0.335945
-0.34306
-0.351421
-0.359852
-0.367466
-0.373794
-0.378693
-0.382212
-0.384551
-0.38593
-0.386588
-0.386739
-0.386568
-0.386203
-0.385764
-0.385352
-0.385001
-0.384756
-0.384638
-0.384629
-0.384717
-0.384886
-0.38512
-0.385383
-0.385665
-0.385957
-0.386239
-0.38654
-0.386855
-0.387196
-0.387544
-0.387884
-0.388176
-0.388326
-0.388203
-0.387603
-0.386217
-0.383626
-0.379315
-0.372729
-0.363463
-0.351662
-0.338587
-0.326857
-0.319871
-0.319952
-0.326803
-0.337763
-0.349623
-0.360159
-0.368484
-0.374577
-0.378785
-0.381522
-0.383099
-0.383695
-0.383441
-0.382345
-0.380401
-0.377614
-0.374062
-0.369932
-0.365592
-0.361545
-0.358387
-0.356656
-0.356608
-0.358118
-0.36075
-0.363909
-0.36703
-0.369706
-0.371705
-0.372975
-0.37359
-0.373665
-0.373355
-0.372799
-0.372118
-0.371428
-0.370796
-0.370276
-0.369898
-0.369688
-0.369638
-0.369738
-0.369975
-0.37034
-0.370822
-0.371392
-0.372027
-0.372727
-0.373448
-0.374203
-0.374949
-0.375657
-0.376313
-0.376896
-0.377396
-0.37778
-0.378063
-0.378226
-0.378249
-0.378143
-0.377895
-0.377506
-0.376986
-0.376337
-0.375548
-0.374614
-0.373514
-0.372224
-0.370703
-0.368905
-0.366828
-0.36444
-0.361771
-0.35895
-0.356159
-0.353577
-0.351377
-0.349594
-0.348108
-0.346614
-0.34468
-0.341914
-0.33809
-0.333256
-0.327764
-0.322259
-0.317506
-0.314173
-0.31261
-0.312887
-0.314794
-0.318053
-0.322361
-0.327408
-0.332905
-0.338535
-0.344
-0.349072
-0.35358
-0.357431
-0.360586
-0.363096
-0.365013
-0.366391
-0.367327
-0.367893
-0.368141
-0.368149
-0.36797
-0.367632
-0.367186
-0.366648
-0.366039
-0.365376
-0.364632
-0.363781
-0.362773
-0.361558
-0.360049
-0.358149
-0.355737
-0.352724
-0.349005
-0.344501
-0.339201
-0.333172
-0.326567
-0.319679
-0.312901
-0.306731
-0.301725
-0.298412
-0.297261
-0.298539
-0.30233
-0.308356
-0.316083
-0.324778
-0.333693
-0.342168
-0.34976
-0.356201
-0.361416
-0.365426
-0.368316
-0.370212
-0.371241
-0.371512
-0.371131
-0.370191
-0.368758
-0.36688
-0.364589
-0.361931
-0.358947
-0.35565
-0.352078
-0.348281
-0.344333
-0.340314
-0.336347
-0.332577
-0.3292
-0.326426
-0.32444
-0.323415
-0.323437
-0.324499
-0.326504
-0.329255
-0.332531
-0.33608
-0.339682
-0.343173
-0.346407
-0.349312
-0.351842
-0.353969
-0.355708
-0.357073
-0.358086
-0.358774
-0.359184
-0.359341
-0.359255
-0.358993
-0.358556
-0.357978
-0.357254
-0.356398
-0.355451
-0.354407
-0.353265
-0.352044
-0.350729
-0.349332
-0.347848
-0.346292
-0.344659
-0.342986
-0.341307
-0.339654
-0.338082
-0.336639
-0.335387
-0.33434
-0.333517
-0.332877
-0.332396
-0.332003
-0.331649
-0.331311
-0.330982
-0.330689
-0.330499
-0.33047
-0.330645
-0.33106
-0.331708
-0.332588
-0.333688
-0.33503
-0.336638
-0.338546
-0.34076
-0.343513
-0.346275
-0.349181
-0.352146
-0.355038
-0.357759
-0.360222
-0.362377
-0.364191
-0.365664
-0.366817
-0.367707
-0.368366
-0.368833
-0.369178
-0.36944
-0.36961
-0.369728
-0.369768
-0.369741
-0.369628
-0.369377
-0.368973
-0.36833
-0.367366
-0.365939
-0.363938
-0.361163
-0.357479
-0.352802
-0.347215
-0.341022
-0.33482
-0.329345
-0.325386
-0.323439
-0.323544
-0.325373
-0.328435
-0.332289
-0.336596
-0.341177
-0.345872
-0.350526
-0.354976
-0.359093
-0.362752
-0.365863
-0.368371
-0.370232
-0.371438
-0.371977
-0.371903
-0.371329
-0.370409
-0.36937
-0.368492
-0.368028
-0.368167
-0.369035
-0.37061
-0.37278
-0.375348
-0.378105
-0.380873
-0.383488
-0.385845
-0.38787
-0.389521
-0.390786
-0.391657
-0.392142
-0.392249
-0.392017
-0.39148
-0.390714
-0.389813
-0.388872
-0.387991
-0.387297
-0.386877
-0.386756
-0.386936
-0.387355
-0.387944
-0.388612
-0.38928
-0.389919
-0.390484
-0.390977
-0.391404
-0.391784
-0.392129
-0.392461
-0.392788
-0.393096
-0.393388
-0.393672
-0.393969
-0.394287
-0.394655
-0.395079
-0.395577
-0.396121
-0.396689
-0.397237
-0.39776
-0.398215
-0.398618
-0.398996
-0.399383
-0.399856
-0.400477
-0.401262
-0.402246
-0.403437
-0.404858
-0.406569
-0.408558
-0.4108
-0.413133
-0.415365
-0.417136
-0.418138
-0.418105
-0.41692
-0.414608
-0.411378
-0.407548
-0.403517
-0.39969
-0.396466
-0.394268
-0.393398
-0.394105
-0.396424
-0.400163
-0.404957
-0.410339
-0.41582
-0.420985
-0.425539
-0.429289
-0.43213
-0.434041
-0.435048
-0.435234
-0.434748
-0.433796
-0.432653
-0.431636
-0.430982
-0.430842
-0.431269
-0.432117
-0.43316
-0.434123
-0.434713
-0.434656
-0.433784
-0.43195
-0.429159
-0.425531
-0.421383
-0.417202
-0.413535
-0.410852
-0.409353
-0.408913
-0.409091
-0.409273
-0.408908
-0.40758
-0.405
-0.401061
-0.395858
-0.389809
-0.383766
-0.379116
-0.377425
-0.379806
-0.386264
-0.395575
-0.405933
-0.415673
-0.423724
-0.429651
-0.433437
-0.43532
-0.435638
-0.434735
-0.432988
-0.430704
-0.428163
-0.425623
-0.423306
-0.42142
-0.420148
-0.419652
-0.420008
-0.421248
-0.423297
-0.42596
-0.428994
-0.432122
-0.435065
-0.437664
-0.439823
-0.441515
-0.442772
-0.44366
-0.444251
-0.444636
-0.444889
-0.44511
-0.445409
-0.445901
-0.446663
-0.447757
-0.449198
-0.450967
-0.452983
-0.455158
-0.457425
-0.459674
-0.461824
-0.463837
-0.465676
-0.467306
-0.468703
-0.469846
-0.470706
-0.47122
-0.471335
-0.470908
-0.469735
-0.467498
-0.463721
-0.457731
-0.448707
-0.43592
-0.419328
-0.40056
-0.383658
-0.373982
-0.374929
-0.385134
-0.399901
-0.414602
-0.426822
-0.435998
-0.442584
-0.44715
-0.45019
-0.452068
-0.453012
-0.453187
-0.452708
-0.451654
-0.450035
-0.447837
-0.445065
-0.441815
-0.438403
-0.435461
-0.433865
-0.43451
-0.43792
-0.443949
-0.451893
-0.460697
-0.469384
-0.477302
-0.484086
-0.489659
-0.494086
-0.497475
-0.499957
-0.501634
-0.502555
-0.50277
-0.502285
-0.50108
-0.499163
-0.496555
-0.493336
-0.489637
-0.485667
-0.481739
-0.478233
-0.475528
-0.473935
-0.4736
-0.474441
-0.476233
-0.478598
-0.481199
-0.483813
-0.48636
-0.488879
-0.491455
-0.49414
-0.496921
-0.49969
-0.502277
-0.504465
-0.506061
-0.506909
-0.506881
-0.505928
-0.504084
-0.501413
-0.498088
-0.494345
-0.490412
-0.486484
-0.48252
-0.478128
-0.472577
-0.464922
-0.454509
-0.441902
-0.429939
-0.423672
-0.427915
-0.443483
-0.466291
-0.490552
-0.512077
-0.529144
-0.541723
-0.550468
-0.556146
-0.559401
-0.56072
-0.560456
-0.558879
-0.556217
-0.552737
-0.548768
-0.544725
-0.541117
-0.538376
-0.536811
-0.53641
-0.536891
-0.537712
-0.538224
-0.537801
-0.535925
-0.532212
-0.52643
-0.518552
-0.508866
-0.498211
-0.488049
-0.48026
-0.476443
-0.477192
-0.481815
-0.488779
-0.496565
-0.504074
-0.510741
-0.516358
-0.520852
-0.524271
-0.526672
-0.528155
-0.528805
-0.528725
-0.528044
-0.52685
-0.525246
-0.523314
-0.521145
-0.518855
-0.516536
-0.514311
-0.512274
-0.510504
-0.509056
-0.507954
-0.507185
-0.506702
-0.506446
-0.506322
-0.506239
-0.506098
-0.50575
-0.504976
-0.503542
-0.501067
-0.497108
-0.491209
-0.483183
-0.473432
-0.463292
-0.454967
-0.450722
-0.451518
-0.456352
-0.462825
-0.468508
-0.471821
-0.472224
-0.469961
-0.465753
-0.460629
-0.45571
-0.452037
-0.450316
-0.450706
-0.452856
-0.456071
-0.459593
-0.462825
-0.465423
-0.467328
-0.468669
-0.469681
-0.470632
-0.471797
-0.473337
-0.475273
-0.477495
-0.479769
-0.481875
-0.483722
-0.48533
-0.486873
-0.488562
-0.490547
-0.492884
-0.495502
-0.498222
-0.500753
-0.502843
-0.504223
-0.504632
-0.503872
-0.501804
-0.498337
-0.493506
-0.487426
-0.480374
-0.472757
-0.465077
-0.457965
-0.452152
-0.448442
-0.447538
-0.449855
-0.455177
-0.462686
-0.471139
-0.479295
-0.48615
-0.49111
-0.493942
-0.494669
-0.49347
-0.490624
-0.48646
-0.481305
-0.475534
-0.469505
-0.463615
-0.458227
-0.453679
-0.45026
-0.448212
-0.447651
-0.448589
-0.45097
-0.454644
-0.459404
-0.464997
-0.471131
-0.477565
-0.484061
-0.490417
-0.496477
-0.502114
-0.507227
-0.511766
-0.515663
-0.518855
-0.521259
-0.522783
-0.523284
-0.522593
-0.520524
-0.516861
-0.511388
-0.503902
-0.494237
-0.482292
-0.468216
-0.452713
-0.437483
-0.424897
-0.416835
-0.413205
-0.411945
-0.410719
-0.408666
-0.406834
-0.407254
-0.411354
-0.419029
-0.428766
-0.438623
-0.447018
-0.453098
-0.456626
-0.457672
-0.456473
-0.453324
-0.448621
-0.442933
-0.437099
-0.432312
-0.429778
-0.430355
-0.434122
-0.440367
-0.447947
-0.455753
-0.463055
-0.469465
-0.474878
-0.479293
-0.48268
-0.484944
-0.485906
-0.485288
-0.482693
-0.477684
-0.469863
-0.459148
-0.446063
-0.432115
-0.419843
-0.412209
-0.411342
-0.417421
-0.42859
-0.441994
-0.454968
-0.465724
-0.473342
-0.47751
-0.478211
-0.475521
-0.469497
-0.46026
-0.448162
-0.434154
-0.420054
-0.408486
-0.402131
-0.402353
-0.408463
-0.41808
-0.428432
-0.437425
-0.443958
-0.447769
-0.449173
-0.448835
-0.447577
-0.446292
-0.445823
-0.44681
-0.449554
-0.453928
-0.45944
-0.465414
-0.4712
-0.476244
-0.480251
-0.483181
-0.485162
-0.486394
-0.487093
-0.487393
-0.487288
-0.486728
-0.485545
-0.483589
-0.480726
-0.476883
-0.472095
-0.466509
-0.460405
-0.454174
-0.448281
-0.443224
-0.439412
-0.437142
-0.436459
-0.437226
-0.439153
-0.441881
-0.445019
-0.448214
-0.451178
-0.4537
-0.455619
-0.45683
-0.457261
-0.456883
-0.455709
-0.453745
-0.451025
-0.447621
-0.443624
-0.439138
-0.434333
-0.429405
-0.424626
-0.420272
-0.416596
-0.413828
-0.412129
-0.411481
-0.411818
-0.412955
-0.414666
-0.416706
-0.418892
-0.421092
-0.42317
-0.42503
-0.426596
-0.427783
-0.428531
-0.428787
-0.428519
-0.427731
-0.426515
-0.424996
-0.423389
-0.421957
-0.420978
-0.420665
-0.421144
-0.422389
-0.424258
-0.4265
-0.428856
-0.43106
-0.432885
-0.43421
-0.434958
-0.435138
-0.434803
-0.434094
-0.433168
-0.432195
-0.431294
-0.430517
-0.429809
-0.42901
-0.427899
-0.426263
-0.423941
-0.420911
-0.417266
-0.413183
-0.408841
-0.404341
-0.399629
-0.394687
-0.389671
-0.385167
-0.382216
-0.381958
-0.385078
-0.391362
-0.399769
-0.408886
-0.417485
-0.424768
-0.430355
-0.434192
-0.43647
-0.437423
-0.437356
-0.436601
-0.435438
-0.434145
-0.432936
-0.431955
-0.431309
-0.431041
-0.43118
-0.431694
-0.432559
-0.433755
-0.435246
-0.437006
-0.438986
-0.441145
-0.443425
-0.445766
-0.448092
-0.450334
-0.452434
-0.454298
-0.455844
-0.457024
-0.457747
-0.457943
-0.457557
-0.456565
-0.454984
-0.45286
-0.450314
-0.44751
-0.444634
-0.441873
-0.439398
-0.437313
-0.435651
-0.434416
-0.433539
-0.432895
-0.43234
-0.431722
-0.430987
-0.430287
-0.430018
-0.430692
-0.432722
-0.436192
-0.440832
-0.446056
-0.451258
-0.455953
-0.459856
-0.462901
-0.465121
-0.466648
-0.467596
-0.468086
-0.468207
-0.468055
-0.467681
-0.467147
-0.466494
-0.465775
-0.465048
-0.464367
-0.463775
-0.463311
-0.463009
-0.46285
-0.462806
-0.462799
-0.462722
-0.462418
-0.461732
-0.460483
-0.458503
-0.455644
-0.45184
-0.447118
-0.44162
-0.435585
-0.429265
-0.422873
-0.416499
-0.41019
-0.4041
-0.398647
-0.394545
-0.392609
-0.393334
-0.396657
-0.401846
-0.40792
-0.413877
-0.418988
-0.422846
-0.425334
-0.426509
-0.426532
-0.425583
-0.423882
-0.421605
-0.418963
-0.416093
-0.413156
-0.410286
-0.407573
-0.405055
-0.402731
-0.400522
-0.398306
-0.39596
-0.393343
-0.390353
-0.386924
-0.383101
-0.378989
-0.374809
-0.370836
-0.367393
-0.364795
-0.363272
-0.362929
-0.363707
-0.365438
-0.367868
-0.370698
-0.373674
-0.376579
-0.379244
-0.381585
-0.383544
-0.385101
-0.386268
-0.387075
-0.387521
-0.387663
-0.38752
-0.387109
-0.386446
-0.385516
-0.384315
-0.382834
-0.381056
-0.378965
-0.376531
-0.373749
-0.370611
-0.367135
-0.363346
-0.35927
-0.354944
-0.35038
-0.345594
-0.340567
-0.335294
-0.329757
-0.324008
-0.318203
-0.312575
-0.307459
-0.303213
-0.300123
-0.298339
-0.29784
-0.298456
-0.299951
-0.302081
-0.304682
-0.307633
-0.310884
-0.314393
-0.318147
-0.322085
-0.326143
-0.330196
-0.33414
-0.337875
-0.341292
-0.344323
-0.346924
-0.349079
-0.350774
-0.35203
-0.352873
-0.353303
-0.353343
-0.353005
-0.35231
-0.351256
-0.349877
-0.348185
-0.346232
-0.344068
-0.341784
-0.33951
-0.337336
-0.335414
-0.333837
-0.33266
-0.331919
-0.331589
-0.331597
-0.33185
-0.332254
-0.332738
-0.333215
-0.333619
-0.333928
-0.334088
-0.334068
-0.33385
-0.333381
-0.332652
-0.33161
-0.330252
-0.328612
-0.326769
-0.324867
-0.323081
-0.321632
-0.320695
-0.320379
-0.32072
-0.321652
-0.323053
-0.324737
-0.326555
-0.328411
-0.330224
-0.331965
-0.333626
-0.335175
-0.336602
-0.337857
-0.338886
-0.33961
-0.339931
-0.339706
-0.338817
-0.337107
-0.334455
-0.330809
-0.326183
-0.320787
-0.315002
-0.309467
-0.304893
-0.301926
-0.300917
-0.301817
-0.304248
-0.307628
-0.311429
-0.315244
-0.318862
-0.322202
-0.32526
-0.328046
-0.330576
-0.332819
-0.334761
-0.336347
-0.337545
-0.338315
-0.33861
-0.33843
-0.33773
-0.33646
-0.334504
-0.3317
-0.327867
-0.322974
-0.317276
-0.311511
-0.306796
-0.304261
-0.304455
-0.307014
-0.310859
-0.314829
-0.318098
-0.320357
-0.32165
-0.322194
-0.322207
-0.321922
-0.321629
-0.321596
-0.322065
-0.323141
-0.324707
-0.32652
-0.328265
-0.329652
-0.330473
-0.330679
-0.330303
-0.329497
-0.328463
-0.327468
-0.326772
-0.326565
-0.326938
-0.327897
-0.329347
-0.331164
-0.33325
-0.335557
-0.338067
-0.34099
-0.343742
-0.34649
-0.349054
-0.351261
-0.352928
-0.35387
-0.353949
-0.35302
-0.350994
-0.347796
-0.343435
-0.33804
-0.331892
-0.325508
-0.31957
-0.31479
-0.311838
-0.311066
-0.312522
-0.315935
-0.320817
-0.326565
-0.332649
-0.338621
-0.344213
-0.34928
-0.353767
-0.357673
-0.360956
-0.363543
-0.365314
-0.366161
-0.365963
-0.364667
-0.362275
-0.358921
-0.354813
-0.350288
-0.345705
-0.341457
-0.337932
-0.335432
-0.33419
-0.334347
-0.335903
-0.338699
-0.34245
-0.346753
-0.351175
-0.355306
-0.358811
-0.361443
-0.363053
-0.363549
-0.362974
-0.361425
-0.359053
-0.35615
-0.353088
-0.350349
-0.34848
-0.348073
-0.349556
-0.353053
-0.358195
-0.364254
-0.370366
-0.375754
-0.379862
-0.382466
-0.383565
-0.383346
-0.382139
-0.38034
-0.37837
-0.376612
-0.375373
-0.374816
-0.374936
-0.375628
-0.376709
-0.378035
-0.379477
-0.381003
-0.382637
-0.384404
-0.386314
-0.388357
-0.390465
-0.392519
-0.39437
-0.395827
-0.39668
-0.396656
-0.395398
-0.392429
-0.387213
-0.379237
-0.368341
-0.355301
-0.342335
-0.332952
-0.330386
-0.335437
-0.345888
-0.358124
-0.369176
-0.377605
-0.383212
-0.3864
-0.387759
-0.387831
-0.387083
-0.385879
-0.384527
-0.38326
-0.382261
-0.38165
-0.381515
-0.381851
-0.382619
-0.383734
-0.385083
-0.386558
-0.388036
-0.389366
-0.390404
-0.390971
-0.390865
-0.389844
-0.387714
-0.384386
-0.380012
-0.375065
-0.370376
-0.367005
-0.365738
-0.366749
-0.369443
-0.372797
-0.375777
-0.377787
-0.378839
-0.379428
-0.380324
-0.382268
-0.385674
-0.390585
-0.396619
-0.403178
-0.409631
-0.415455
-0.420266
-0.423873
-0.426203
-0.427286
-0.427238
-0.426269
-0.424635
-0.422638
-0.420627
-0.418933
-0.417785
-0.417307
-0.417484
-0.418151
-0.419071
-0.419962
-0.420564
-0.420644
-0.420031
-0.418633
-0.41644
-0.413561
-0.410217
-0.40676
-0.403634
-0.40134
-0.400354
-0.401036
-0.403531
-0.407759
-0.413424
-0.420095
-0.427299
-0.434579
-0.441553
-0.44789
-0.453311
-0.457631
-0.46065
-0.462192
-0.462072
-0.460089
-0.45603
-0.449731
-0.441077
-0.430091
-0.416951
-0.402159
-0.386559
-0.3715
-0.358855
-0.350811
-0.349259
-0.354916
-0.366746
-0.382257
-0.398576
-0.413469
-0.425677
-0.434846
-0.441163
-0.445086
-0.447174
-0.447952
-0.447834
-0.447159
-0.446188
-0.44507
-0.443908
-0.442723
-0.441517
-0.44026
-0.438925
-0.437482
-0.435919
-0.434239
-0.43249
-0.430714
-0.42897
-0.427332
-0.425847
-0.424528
-0.423378
-0.422408
-0.421593
-0.420936
-0.420472
-0.420237
-0.420283
-0.420613
-0.421219
-0.422034
-0.422967
-0.423898
-0.42473
-0.425349
-0.42572
-0.42581
-0.425647
-0.425246
-0.424659
-0.423935
-0.423093
-0.422175
-0.421198
-0.420168
-0.419068
-0.417863
-0.416527
-0.415005
-0.413266
-0.411269
-0.40903
-0.406608
-0.404138
-0.401815
-0.399898
-0.398636
-0.39822
-0.398769
-0.400254
-0.402492
-0.405269
-0.408342
-0.411508
-0.414624
-0.417638
-0.420502
-0.423216
-0.425738
-0.427983
-0.429832
-0.431142
-0.43177
-0.431648
-0.430816
-0.429493
-0.428086
-0.427146
-0.427248
-0.428796
-0.431844
-0.436094
-0.441002
-0.445971
-0.45049
-0.454231
-0.457048
-0.458925
-0.459915
-0.460116
-0.459627
-0.45853
-0.456837
-0.454567
-0.451656
-0.44805
-0.443656
-0.438449
-0.432468
-0.425886
-0.419037
-0.412452
-0.406773
-0.402685
-0.400781
-0.401477
-0.404853
-0.410676
-0.41839
-0.427238
-0.436358
-0.444954
-0.452375
-0.458191
-0.462182
-0.464293
-0.464594
-0.463217
-0.460373
-0.456281
-0.451268
-0.44571
-0.440074
-0.434914
-0.430785
-0.428134
-0.42722
-0.42798
-0.430102
-0.433127
-0.436528
-0.439831
-0.44269
-0.444901
-0.446362
-0.447052
-0.447
-0.446235
-0.444828
-0.44284
-0.440337
-0.437391
-0.434083
-0.430535
-0.426882
-0.423318
-0.420044
-0.417263
-0.415163
-0.41389
-0.41349
-0.413915
-0.415012
-0.416549
-0.418277
-0.419944
-0.421297
-0.422152
-0.422364
-0.421813
-0.420422
-0.418189
-0.415199
-0.411627
-0.407802
-0.404168
-0.401216
-0.399376
-0.398861
-0.399631
-0.401384
-0.403689
-0.406106
-0.408255
-0.4099
-0.410883
-0.411175
-0.41076
-0.40968
-0.407946
-0.405596
-0.40266
-0.399172
-0.395201
-0.390831
-0.38621
-0.381507
-0.376956
-0.372801
-0.369294
-0.366621
-0.364917
-0.364182
-0.364294
-0.365075
-0.366323
-0.367831
-0.369446
-0.371087
-0.372718
-0.374324
-0.375894
-0.377425
-0.378843
-0.380063
-0.380956
-0.381387
-0.38123
-0.380356
-0.378702
-0.376237
-0.37304
-0.369312
-0.365408
-0.361783
-0.358894
-0.357081
-0.35636
-0.356466
-0.356872
-0.35703
-0.356541
-0.355386
-0.353908
-0.352782
-0.352709
-0.354138
-0.357094
-0.361118
-0.365556
-0.3698
-0.373388
-0.376117
-0.377926
-0.37885
-0.378929
-0.378146
-0.376387
-0.373421
-0.368906
-0.362469
-0.353886
-0.343454
-0.332375
-0.32297
-0.317988
-0.319176
-0.326118
-0.336512
-0.347608
-0.357448
-0.365166
-0.370684
-0.374362
-0.376613
-0.377833
-0.378327
-0.378313
-0.377934
-0.377282
-0.376386
-0.375257
-0.373873
-0.372238
-0.370344
-0.368296
-0.36629
-0.364631
-0.363705
-0.363864
-0.365253
-0.367773
-0.371053
-0.374522
-0.377613
-0.37989
-0.381132
-0.38132
-0.380618
-0.379328
-0.377809
-0.376399
-0.375299
-0.37459
-0.374196
-0.373952
-0.373624
-0.372998
-0.371923
-0.370351
-0.368304
-0.365936
-0.363419
-0.360997
-0.358897
-0.357308
-0.356395
-0.356239
-0.356881
-0.358325
-0.360552
-0.363527
-0.367248
-0.371651
-0.376673
-0.382169
-0.387961
-0.393845
-0.399581
-0.404932
-0.409721
-0.413779
-0.416982
-0.419234
-0.420473
-0.420618
-0.419612
-0.417414
-0.414062
-0.409671
-0.404558
-0.39924
-0.394386
-0.390706
-0.388723
-0.38856
-0.38992
-0.392224
-0.394846
-0.397318
-0.399386
-0.400991
-0.402199
-0.403142
-0.403935
-0.40462
-0.405167
-0.405446
-0.405264
-0.404376
-0.402504
-0.399374
-0.394712
-0.388372
-0.380355
-0.370903
-0.360643
-0.350543
-0.341851
-0.335773
-0.3331
-0.333978
-0.337882
-0.343923
-0.351122
-0.358643
-0.3659
-0.372571
-0.378485
-0.383583
-0.387844
-0.391236
-0.393744
-0.395315
-0.395919
-0.395553
-0.394274
-0.392187
-0.389442
-0.386257
-0.382846
-0.379441
-0.376298
-0.373599
-0.371479
-0.370031
-0.369288
-0.369204
-0.369715
-0.370729
-0.372135
-0.373802
-0.375617
-0.377464
-0.379281
-0.381005
-0.382595
-0.384007
-0.385224
-0.386187
-0.386855
-0.387107
-0.386757
-0.385548
-0.383113
-0.378973
-0.372603
-0.363575
-0.352056
-0.339174
-0.327422
-0.320069
-0.319344
-0.324989
-0.334406
-0.344379
-0.352678
-0.358378
-0.361505
-0.362543
-0.362107
-0.360761
-0.359017
-0.357323
-0.356008
-0.35529
-0.355207
-0.355665
-0.356457
-0.357358
-0.358185
-0.358761
-0.35897
-0.358713
-0.357907
-0.356511
-0.35463
-0.352597
-0.35102
-0.35064
-0.352106
-0.355696
-0.361155
-0.367802
-0.374785
-0.381395
-0.38711
-0.391667
-0.395009
-0.397147
-0.398173
-0.398142
-0.397151
-0.395269
-0.392609
-0.389308
-0.385595
-0.381751
-0.378101
-0.374978
-0.372636
-0.371213
-0.3707
-0.371007
-0.371945
-0.373398
-0.375234
-0.377426
-0.379917
-0.3827
-0.385681
-0.388766
-0.391773
-0.394494
-0.396694
-0.39814
-0.398613
-0.398003
-0.396281
-0.393598
-0.390267
-0.386838
-0.383941
-0.382192
-0.381972
-0.383292
-0.38577
-0.388811
-0.391815
-0.39432
-0.3961
-0.397173
-0.397733
-0.398046
-0.398383
-0.398953
-0.399767
-0.400785
-0.40181
-0.402666
-0.403199
-0.403321
-0.40308
-0.402567
-0.401977
-0.401564
-0.401579
-0.402261
-0.403745
-0.406042
-0.409034
-0.412503
-0.416189
-0.41982
-0.423165
-0.42603
-0.428285
-0.429832
-0.430608
-0.430591
-0.429806
-0.428306
-0.426203
-0.423701
-0.421031
-0.418439
-0.416179
-0.414418
-0.413268
-0.412754
-0.412821
-0.413336
-0.41413
-0.415027
-0.415838
-0.416381
-0.416506
-0.416074
-0.414978
-0.413125
-0.410399
-0.406696
-0.401975
-0.396347
-0.390199
-0.38435
-0.379922
-0.378152
-0.379797
-0.384734
-0.391967
-0.400064
-0.40768
-0.414006
-0.418775
-0.422164
-0.424617
-0.426644
-0.428694
-0.43108
-0.43388
-0.436993
-0.440188
-0.443169
-0.445622
-0.447284
-0.447925
-0.447419
-0.445699
-0.442793
-0.438856
-0.434206
-0.429276
-0.424536
-0.420348
-0.416776
-0.413603
-0.410404
-0.406742
-0.402386
-0.39749
-0.392535
-0.388256
-0.385375
-0.384412
-0.385527
-0.388513
-0.392891
-0.39807
-0.403469
-0.408617
-0.413185
-0.416963
-0.41985
-0.421863
-0.423043
-0.423471
-0.423227
-0.422391
-0.421039
-0.41926
-0.417128
-0.414712
-0.412098
-0.409428
-0.406833
-0.404515
-0.402686
-0.401556
-0.401295
-0.402011
-0.403684
-0.406177
-0.40922
-0.412487
-0.415538
-0.417921
-0.419169
-0.418821
-0.416465
-0.411848
-0.404898
-0.395973
-0.385895
-0.37597
-0.367678
-0.362219
-0.36
-0.360481
-0.362433
-0.364484
-0.365577
-0.365189
-0.363333
-0.360451
-0.357366
-0.35515
-0.354805
-0.356908
-0.36137
-0.367597
-0.374824
-0.382358
-0.389652
-0.39636
-0.402238
-0.407117
-0.410937
-0.413657
-0.415334
-0.416044
-0.415887
-0.414938
-0.413285
-0.410985
-0.408105
-0.404708
-0.400822
-0.396554
-0.392023
-0.387393
-0.382887
-0.378766
-0.375293
-0.372659
-0.370955
-0.370141
-0.370087
-0.370537
-0.371278
-0.372076
-0.372763
-0.373252
-0.373481
-0.373446
-0.373176
-0.372701
-0.372056
-0.371295
-0.370451
-0.369575
-0.368664
-0.367757
-0.366879
-0.36604
-0.365258
-0.364537
-0.363886
-0.363318
-0.362825
-0.362395
-0.362038
-0.361735
-0.361486
-0.361266
-0.361066
-0.360863
-0.360638
-0.360361
-0.360011
-0.359559
-0.358988
-0.358281
-0.35744
-0.356455
-0.355349
-0.354125
-0.352825
-0.351483
-0.350146
-0.348859
-0.347666
-0.346632
-0.345822
-0.345301
-0.345111
-0.345339
-0.346042
-0.347231
-0.348889
-0.350935
-0.353212
-0.355544
-0.357693
-0.3594
-0.360445
-0.360604
-0.359701
-0.357634
-0.354389
-0.350096
-0.345086
-0.33984
-0.334981
-0.331138
-0.328725
-0.327869
-0.328343
-0.329701
-0.331432
-0.333099
-0.334457
-0.335336
-0.335793
-0.335948
-0.336015
-0.336234
-0.336808
-0.337862
-0.339394
-0.341288
-0.343367
-0.345435
-0.347315
-0.348911
-0.350216
-0.351243
-0.352068
-0.352782
-0.35346
-0.354164
-0.354958
-0.355886
-0.356948
-0.358142
-0.359437
-0.360779
-0.362073
-0.363229
-0.364141
-0.364705
-0.364845
-0.364529
-0.363783
-0.362717
-0.361524
-0.360409
-0.359596
-0.359203
-0.359226
-0.359501
-0.359755
-0.359659
-0.358949
-0.35744
-0.355088
-0.351992
-0.348358
-0.344448
-0.340573
-0.33696
-0.333825
-0.33131
-0.329588
-0.328844
-0.329289
-0.331494
-0.335106
-0.340164
-0.346363
-0.353237
-0.360258
-0.366922
-0.372861
-0.377819
-0.381664
-0.384314
-0.385773
-0.386017
-0.385045
-0.382794
-0.379231
-0.374301
-0.368004
-0.360539
-0.352358
-0.344356
-0.337699
-0.333665
-0.333081
-0.335962
-0.341478
-0.348381
-0.355474
-0.361884
-0.367194
-0.371244
-0.374098
-0.375883
-0.376756
-0.376872
-0.376371
-0.37541
-0.374181
-0.372923
-0.371904
-0.371361
-0.371475
-0.372245
-0.373542
-0.375135
-0.376725
-0.378052
-0.378978
-0.379483
-0.379638
-0.379624
-0.379645
-0.379913
-0.380581
-0.381759
-0.383487
-0.385732
-0.388376
-0.391302
-0.39435
-0.397368
-0.400195
-0.402692
-0.404719
-0.406159
-0.40692
-0.406942
-0.406192
-0.404715
-0.402614
-0.400084
-0.397416
-0.394908
-0.392813
-0.391284
-0.390242
-0.38942
-0.388443
-0.386964
-0.384936
-0.382856
-0.381754
-0.382889
-0.387062
-0.39413
-0.402926
-0.411854
-0.419446
-0.424704
-0.427118
-0.426551
-0.423146
-0.417371
-0.410063
-0.402458
-0.396034
-0.391966
-0.390796
-0.392192
-0.395297
-0.399162
-0.403162
-0.407006
-0.410546
-0.413706
-0.416372
-0.418397
-0.419651
-0.420071
-0.419698
-0.418673
-0.417254
-0.415736
-0.414416
-0.413559
-0.413328
-0.413754
-0.414748
-0.416164
-0.41777
-0.41935
-0.420748
-0.421851
-0.422647
-0.423159
-0.423412
-0.423459
-0.423335
-0.42305
-0.422618
-0.422027
-0.421293
-0.420425
-0.419417
-0.41828
-0.417035
-0.415694
-0.414317
-0.412946
-0.411658
-0.41056
-0.409712
-0.409192
-0.409039
-0.409247
-0.409789
-0.410599
-0.41159
-0.412661
-0.41372
-0.414706
-0.415568
-0.416274
-0.416832
-0.417256
-0.417555
-0.417745
-0.417775
-0.417617
-0.41721
-0.416523
-0.415573
-0.414471
-0.413433
-0.412744
-0.412717
-0.413615
-0.415554
-0.41846
-0.422116
-0.426199
-0.430371
-0.434302
-0.43776
-0.44057
-0.442623
-0.443764
-0.443895
-0.442912
-0.440757
-0.437411
-0.432956
-0.427594
-0.421639
-0.415461
-0.409334
-0.403413
-0.397733
-0.392461
-0.388089
-0.385382
-0.385073
-0.387419
-0.392059
-0.398121
-0.404639
-0.410781
-0.415872
-0.419448
-0.42121
-0.420994
-0.418801
-0.414838
-0.409539
-0.403631
-0.398114
-0.394099
-0.392509
-0.393648
-0.39713
-0.402062
-0.407477
-0.412672
-0.417349
-0.421476
-0.425138
-0.428418
-0.431307
-0.43375
-0.43569
-0.437097
-0.437985
-0.438434
-0.438559
-0.438508
-0.438443
-0.438512
-0.438817
-0.439429
-0.440354
-0.441524
-0.442801
-0.443998
-0.444899
-0.445312
-0.445046
-0.443979
-0.44207
-0.439351
-0.435975
-0.432237
-0.428545
-0.425437
-0.423492
-0.423283
-0.425139
-0.429061
-0.434705
-0.441451
-0.448619
-0.45561
-0.461987
-0.467561
-0.472218
-0.476004
-0.478989
-0.481264
-0.482921
-0.484038
-0.484664
-0.484845
-0.484597
-0.483931
-0.482843
-0.481288
-0.479257
-0.476719
-0.473664
-0.470163
-0.466384
-0.462606
-0.459189
-0.456534
-0.45497
-0.454669
-0.455567
-0.457422
-0.459834
-0.462365
-0.46463
-0.466304
-0.467132
-0.46694
-0.465574
-0.462963
-0.45908
-0.454024
-0.448039
-0.441497
-0.434854
-0.428643
-0.423343
-0.41935
-0.416953
-0.416363
-0.417693
-0.420983
-0.426097
-0.43277
-0.440488
-0.448663
-0.456679
-0.463997
-0.470228
-0.475165
-0.478789
-0.481229
-0.482697
-0.483461
-0.483751
-0.483784
-0.48372
-0.483625
-0.483531
-0.483441
-0.483361
-0.48329
-0.483233
-0.483255
-0.483374
-0.483605
-0.483938
-0.484272
-0.484482
-0.484404
-0.483848
-0.48268
-0.480867
-0.478531
-0.475935
-0.473558
-0.471949
-0.471597
-0.472773
-0.475397
-0.479054
-0.483115
-0.486895
-0.489781
-0.491258
-0.490917
-0.48848
-0.483874
-0.477312
-0.469504
-0.461624
-0.455011
-0.450563
-0.44821
-0.4469
-0.445168
-0.441833
-0.436404
-0.429131
-0.420745
-0.41224
-0.404563
-0.398478
-0.394452
-0.392685
-0.393254
-0.396161
-0.401196
-0.407702
-0.414506
-0.420199
-0.423705
-0.424742
-0.424015
-0.423036
-0.423448
-0.426258
-0.431441
-0.438207
-0.445624
-0.453065
-0.460303
-0.467369
-0.474337
-0.481171
-0.487761
-0.493924
-0.499464
-0.504204
-0.508045
-0.510949
-0.512934
-0.514097
-0.514524
-0.514307
-0.513516
-0.512157
-0.51021
-0.507634
-0.504363
-0.500291
-0.495333
-0.489359
-0.482227
-0.47384
-0.464191
-0.453454
-0.442143
-0.431125
-0.421646
-0.415049
-0.412374
-0.41398
-0.419394
-0.427508
-0.436937
-0.446434
-0.455056
-0.462268
-0.467782
-0.471487
-0.473349
-0.473384
-0.471688
-0.468505
-0.464228
-0.459506
-0.455136
-0.451997
-0.450836
-0.452046
-0.455487
-0.460572
-0.466453
-0.472292
-0.477504
-0.481753
-0.48492
-0.487071
-0.488322
-0.488817
-0.488691
-0.488049
-0.486962
-0.485473
-0.483597
-0.481338
-0.478684
-0.475605
-0.4721
-0.468187
-0.46393
-0.4594
-0.454746
-0.450158
-0.445853
-0.442079
-0.439053
-0.436983
-0.435978
-0.436105
-0.437309
-0.439461
-0.442348
-0.445741
-0.449361
-0.452989
-0.456405
-0.459415
-0.461886
-0.463683
-0.4647
-0.464894
-0.464244
-0.462781
-0.460567
-0.457696
-0.454244
-0.450361
-0.446183
-0.441939
-0.437844
-0.434165
-0.43116
-0.429007
-0.427794
-0.427417
-0.42749
-0.427371
-0.426216
-0.423293
-0.418411
-0.412508
-0.407833
-0.407299
-0.412751
-0.423575
-0.437045
-0.450062
-0.460566
-0.467856
-0.47219
-0.474258
-0.474869
-0.474717
-0.474283
-0.47387
-0.473592
-0.473415
-0.473273
-0.473068
-0.472733
-0.472234
-0.471589
-0.470826
-0.469963
-0.46905
-0.468071
-0.467017
-0.465866
-0.464629
-0.463301
-0.461916
-0.460569
-0.459346
-0.458299
-0.457486
-0.456877
-0.456387
-0.455883
-0.455198
-0.454135
-0.452527
-0.450187
-0.447003
-0.442971
-0.438217
-0.433094
-0.428112
-0.423878
-0.420981
-0.419783
-0.420396
-0.422613
-0.426002
-0.430009
-0.434088
-0.437815
-0.440886
-0.443168
-0.444667
-0.445499
-0.445826
-0.445825
-0.445669
-0.445483
-0.445336
-0.445249
-0.445214
-0.445188
-0.44516
-0.445133
-0.445146
-0.445208
-0.445356
-0.445622
-0.445993
-0.446414
-0.446819
-0.447103
-0.447142
-0.446825
-0.446055
-0.444765
-0.442909
-0.440471
-0.437464
-0.43387
-0.42969
-0.424888
-0.419396
-0.413192
-0.40629
-0.398816
-0.390987
-0.383148
-0.375715
-0.369172
-0.364025
-0.360822
-0.360078
-0.362146
-0.36703
-0.374265
-0.383003
-0.392208
-0.400935
-0.408517
-0.414595
-0.419076
-0.422038
-0.423653
-0.42415
-0.423688
-0.422476
-0.42066
-0.418379
-0.415729
-0.412867
-0.409887
-0.406963
-0.404216
-0.401784
-0.399769
-0.398261
-0.397287
-0.396819
-0.396771
-0.397027
-0.397446
-0.397865
-0.39814
-0.398128
-0.397719
-0.396845
-0.395462
-0.393584
-0.391271
-0.388631
-0.385803
-0.382955
-0.380312
-0.378126
-0.376683
-0.376212
-0.376887
-0.37873
-0.381677
-0.385526
-0.390008
-0.394826
-0.399647
-0.404101
-0.407762
-0.410196
-0.411005
-0.40991
-0.406819
-0.401927
-0.395696
-0.388788
-0.38204
-0.376298
-0.372254
-0.370465
-0.371198
-0.374428
-0.3798
-0.386755
-0.394615
-0.402708
-0.41048
-0.417534
-0.423584
-0.428502
-0.432253
-0.434804
-0.436203
-0.436497
-0.435741
-0.433998
-0.431334
-0.427805
-0.423512
-0.418571
-0.413165
-0.407555
-0.402039
-0.396945
-0.392596
-0.389196
-0.386729
-0.384944
-0.383175
-0.380404
-0.375306
-0.366606
-0.353827
-0.338597
-0.325377
-0.319798
-0.324336
-0.335822
-0.348112
-0.35662
-0.360119
-0.359942
-0.358542
-0.358164
-0.359945
-0.363744
-0.368555
-0.373228
-0.376953
-0.379376
-0.380569
-0.380866
-0.380768
-0.380828
-0.381577
-0.383377
-0.386377
-0.390433
-0.395268
-0.400461
-0.40561
-0.410434
-0.414754
-0.418459
-0.421547
-0.424051
-0.426011
-0.427462
-0.42846
-0.429065
-0.429287
-0.429182
-0.428784
-0.428125
-0.427232
-0.426155
-0.424974
-0.423772
-0.422617
-0.421599
-0.42079
-0.420228
-0.419932
-0.419909
-0.420128
-0.420542
-0.421093
-0.421738
-0.422397
-0.42304
-0.423589
-0.424035
-0.424335
-0.424501
-0.424557
-0.424566
-0.424572
-0.424584
-0.424565
-0.42441
-0.423964
-0.423042
-0.421435
-0.418943
-0.415327
-0.410364
-0.40387
-0.395875
-0.386788
-0.377558
-0.36964
-0.364585
-0.363529
-0.366698
-0.373336
-0.382031
-0.391335
-0.400121
-0.407744
-0.413982
-0.418921
-0.422777
-0.425782
-0.428169
-0.430072
-0.431585
-0.432706
-0.433448
-0.433795
-0.4338
-0.433552
-0.433156
-0.432748
-0.432444
-0.432335
-0.432441
-0.432762
-0.433237
-0.433798
-0.434358
-0.434877
-0.435289
-0.435557
-0.435657
-0.435576
-0.435315
-0.43486
-0.434218
-0.433378
-0.432332
-0.431064
-0.429558
-0.427817
-0.425821
-0.423588
-0.421146
-0.418579
-0.415967
-0.413466
-0.411221
-0.409378
-0.408069
-0.407355
-0.407266
-0.407701
-0.408517
-0.40957
-0.41064
-0.411549
-0.412116
-0.412166
-0.411557
-0.410173
-0.407915
-0.404736
-0.400612
-0.395604
-0.389897
-0.383788
-0.377745
-0.372317
-0.368048
-0.365392
-0.364521
-0.365367
-0.367538
-0.37049
-0.373574
-0.376211
-0.378032
-0.379011
-0.379561
-0.380383
-0.382328
-0.385984
-0.39144
-0.398191
-0.405371
-0.412112
-0.417763
-0.422049
-0.424902
-0.42645
-0.426885
-0.426407
-0.425198
-0.423417
-0.421193
-0.418651
-0.415898
-0.413026
-0.41014
-0.407323
-0.404656
-0.402248
-0.400152
-0.398415
-0.396968
-0.39575
-0.394607
-0.393397
-0.392011
-0.390419
-0.388668
-0.386871
-0.385162
-0.383696
-0.382578
-0.38189
-0.381652
-0.381825
-0.382353
-0.383146
-0.384135
-0.385257
-0.38645
-0.387706
-0.389044
-0.390475
-0.392029
-0.393712
-0.395511
-0.39741
-0.399356
-0.401315
-0.403233
-0.40507
-0.406759
-0.408302
-0.409666
-0.410854
-0.411853
-0.412683
-0.413313
-0.413786
-0.414091
-0.414221
-0.414153
-0.413881
-0.413389
-0.41265
-0.411637
-0.410358
-0.408803
-0.406992
-0.404901
-0.402491
-0.399713
-0.396477
-0.392715
-0.388454
-0.383855
-0.3793
-0.375308
-0.37241
-0.370937
-0.370925
-0.372078
-0.373955
-0.376129
-0.378335
-0.380483
-0.382596
-0.384714
-0.386841
-0.38895
-0.390984
-0.39289
-0.394617
-0.39619
-0.39763
-0.398971
-0.400248
-0.401462
-0.402641
-0.403784
-0.404882
-0.405934
-0.406939
-0.407913
-0.408821
-0.40968
-0.410499
-0.411279
-0.412022
-0.412748
-0.413438
-0.414102
-0.414745
-0.415346
-0.415894
-0.416366
-0.416731
-0.416908
-0.416826
-0.416353
-0.415332
-0.41353
-0.410639
-0.406253
-0.399837
-0.390805
-0.378689
-0.363426
-0.345969
-0.32874
-0.315622
-0.310594
-0.315678
-0.32957
-0.348377
-0.367807
-0.384761
-0.39778
-0.406596
-0.411561
-0.413221
-0.412118
-0.408767
-0.403652
-0.397334
-0.390495
-0.383867
-0.378136
-0.373713
-0.370701
-0.368946
-0.36827
-0.368678
-0.370329
-0.373729
-0.378153
-0.383344
-0.388703
-0.3937
-0.398072
-0.401802
-0.405045
-0.407976
-0.410725
-0.413325
-0.415694
-0.417709
-0.41925
-0.420218
-0.420552
-0.420265
-0.41938
-0.417975
-0.41614
-0.413974
-0.411605
-0.409159
-0.406755
-0.404556
-0.40267
-0.401242
-0.400374
-0.400125
-0.400545
-0.4016
-0.403205
-0.405259
-0.407575
-0.41001
-0.412378
-0.414532
-0.416322
-0.417654
-0.41845
-0.418666
-0.418305
-0.417401
-0.41603
-0.414326
-0.412462
-0.41061
-0.408953
-0.407682
-0.406919
-0.406684
-0.406936
-0.407532
-0.408253
-0.408835
-0.408964
-0.408404
-0.407007
-0.404829
-0.402249
-0.399986
-0.398912
-0.399739
-0.402683
-0.40734
-0.41287
-0.418334
-0.423031
-0.426558
-0.428823
-0.429867
-0.429851
-0.428926
-0.427323
-0.425308
-0.423159
-0.421258
-0.419975
-0.419594
-0.420276
-0.421982
-0.424513
-0.427485
-0.430518
-0.433267
-0.435477
-0.437067
-0.438089
-0.438688
-0.439107
-0.439582
-0.440325
-0.441495
-0.443167
-0.44534
-0.447937
-0.450825
-0.453857
-0.456854
-0.459646
-0.46207
-0.463967
-0.465178
-0.465581
-0.465053
-0.463518
-0.460984
-0.457576
-0.453573
-0.449361
-0.445376
-0.441964
-0.439282
-0.437226
-0.435467
-0.433613
-0.431388
-0.428734
-0.4258
-0.423013
-0.420892
-0.419944
-0.420488
-0.422553
-0.425834
-0.429792
-0.433833
-0.437425
-0.440261
-0.442243
-0.443434
-0.444051
-0.444314
-0.44445
-0.44462
-0.444899
-0.445277
-0.445699
-0.44608
-0.446312
-0.44631
-0.44604
-0.445497
-0.444716
-0.443798
-0.442846
-0.441974
-0.441311
-0.440925
-0.440878
-0.441177
-0.441778
-0.44262
-0.443633
-0.444735
-0.445862
-0.446948
-0.447914
-0.448733
-0.449378
-0.449827
-0.450055
-0.450053
-0.449785
-0.449186
-0.448195
-0.446691
-0.444579
-0.441759
-0.4382
-0.433979
-0.429326
-0.42464
-0.420437
-0.417272
-0.415525
-0.415248
-0.416115
-0.417406
-0.418094
-0.417041
-0.41306
-0.405033
-0.392154
-0.374436
-0.353382
-0.332707
-0.318129
-0.315088
-0.325155
-0.3446
-0.367065
-0.387362
-0.403023
-0.413742
-0.420277
-0.423695
-0.424945
-0.424767
-0.423696
-0.422081
-0.420089
-0.41773
-0.41497
-0.411716
-0.407904
-0.403489
-0.398478
-0.392951
-0.38709
-0.381197
-0.375669
-0.371049
-0.367891
-0.366662
-0.367562
-0.370473
-0.374998
-0.380602
-0.386709
-0.392853
-0.398715
-0.404029
-0.408606
-0.412285
-0.414983
-0.416702
-0.417555
-0.417745
-0.417551
-0.417293
-0.417241
-0.417581
-0.418362
-0.419494
-0.420772
-0.421955
-0.422795
-0.423132
-0.42288
-0.422036
-0.420699
-0.419055
-0.417345
-0.415765
-0.414447
-0.413446
-0.412607
-0.411657
-0.410217
-0.407968
-0.40472
-0.400639
-0.396248
-0.39249
-0.390409
-0.390782
-0.39373
-0.398664
-0.404565
-0.410417
-0.41549
-0.419384
-0.422025
-0.423527
-0.424108
-0.424033
-0.423586
-0.42306
-0.422738
-0.422874
-0.423632
-0.425103
-0.427255
-0.429963
-0.433011
-0.436134
-0.439075
-0.441627
-0.443615
-0.444899
-0.44543
-0.445119
-0.443937
-0.441842
-0.43882
-0.434957
-0.430384
-0.42536
-0.420217
-0.415337
-0.411065
-0.407623
-0.405128
-0.403602
-0.403051
-0.403509
-0.405036
-0.407637
-0.411227
-0.41557
-0.420296
-0.425016
-0.429315
-0.432915
-0.43564
-0.437449
-0.438418
-0.438697
-0.438494
-0.438066
-0.437703
-0.437663
-0.438172
-0.439404
-0.441393
-0.444056
-0.447244
-0.450713
-0.454163
-0.457299
-0.459843
-0.461537
-0.462223
-0.461808
-0.460323
-0.457962
-0.455046
-0.45199
-0.449201
-0.446941
-0.445277
-0.444024
-0.442898
-0.441646
-0.440228
-0.438782
-0.43757
-0.436788
-0.436476
-0.436386
-0.436026
-0.434803
-0.432134
-0.427635
-0.421225
-0.413247
-0.404448
-0.395916
-0.38876
-0.38377
-0.381167
-0.380592
-0.381376
-0.382809
-0.384312
-0.38549
-0.38604
-0.385802
-0.384786
-0.383316
-0.38213
-0.382207
-0.38438
-0.388857
-0.395114
-0.402115
-0.408794
-0.414347
-0.418402
-0.420899
-0.42196
-0.421793
-0.420618
-0.418651
-0.416019
-0.41285
-0.409253
-0.405313
-0.401113
-0.396732
-0.392242
-0.387753
-0.383343
-0.379099
-0.375016
-0.371056
-0.367086
-0.362853
-0.358053
-0.352314
-0.345345
-0.337099
-0.327986
-0.319119
-0.312242
-0.309188
-0.311002
-0.317257
-0.326331
-0.33621
-0.345305
-0.352731
-0.358179
-0.36171
-0.363509
-0.363801
-0.36279
-0.360654
-0.357581
-0.353738
-0.349347
-0.344627
-0.339859
-0.335307
-0.331207
-0.327746
-0.324987
-0.322874
-0.321308
-0.320131
-0.319194
-0.318371
-0.317596
-0.316828
-0.316087
-0.315398
-0.314779
-0.314225
-0.313723
-0.313245
-0.312746
-0.312171
-0.31147
-0.310602
-0.309562
-0.308369
-0.307052
-0.305685
-0.304355
-0.30314
-0.302137
-0.301433
-0.301074
-0.301094
-0.30148
-0.302189
-0.303155
-0.304306
-0.305555
-0.306832
-0.308075
-0.30926
-0.310326
-0.311278
-0.312106
-0.312825
-0.313412
-0.313916
-0.314305
-0.314619
-0.314831
-0.314936
-0.314944
-0.314828
-0.314559
-0.314102
-0.313442
-0.31253
-0.311329
-0.309827
-0.308026
-0.305964
-0.303715
-0.301397
-0.299175
-0.297224
-0.29571
-0.294728
-0.294284
-0.29423
-0.294348
-0.294317
-0.293878
-0.292922
-0.291593
-0.290315
-0.28968
-0.290242
-0.292319
-0.295787
-0.300166
-0.304842
-0.309279
-0.313136
-0.316347
-0.319013
-0.321311
-0.323447
-0.325607
-0.327841
-0.330175
-0.332529
-0.334768
-0.336741
-0.338278
-0.339203
-0.339336
-0.338521
-0.336548
-0.33329
-0.328682
-0.322792
-0.315939
-0.308739
-0.302146
-0.297261
-0.294984
-0.295694
-0.299047
-0.304222
-0.31013
-0.315845
-0.320707
-0.324416
-0.326929
-0.32838
-0.329016
-0.329101
-0.328936
-0.328799
-0.328993
-0.329743
-0.331259
-0.333605
-0.336734
-0.340448
-0.344471
-0.348428
-0.351931
-0.354589
-0.356056
-0.356018
-0.354238
-0.350544
-0.344922
-0.337604
-0.329229
-0.320918
-0.314253
-0.31089
-0.311973
-0.317554
-0.326628
-0.337566
-0.348798
-0.359178
-0.368102
-0.375318
-0.380813
-0.384673
-0.387007
-0.387937
-0.387548
-0.38591
-0.383159
-0.37946
-0.37509
-0.370448
-0.366048
-0.362446
-0.360098
-0.359237
-0.359764
-0.361275
-0.363273
-0.365265
-0.366926
-0.368135
-0.368963
-0.369586
-0.370132
-0.370707
-0.37127
-0.37171
-0.371866
-0.371642
-0.371019
-0.37009
-0.369042
-0.368071
-0.367334
-0.366852
-0.366524
-0.36614
-0.365379
-0.363925
-0.361527
-0.358053
-0.353568
-0.348437
-0.343299
-0.338969
-0.336187
-0.335315
-0.336202
-0.338216
-0.340535
-0.342457
-0.343646
-0.344152
-0.344336
-0.34467
-0.345611
-0.34746
-0.350263
-0.353858
-0.357943
-0.362169
-0.366192
-0.369714
-0.37251
-0.374441
-0.375382
-0.3753
-0.374231
-0.372298
-0.369742
-0.366894
-0.364188
-0.362004
-0.360659
-0.360251
-0.360662
-0.361571
-0.362598
-0.363314
-0.363313
-0.362278
-0.359967
-0.356161
-0.350763
-0.343801
-0.335574
-0.326739
-0.318355
-0.311664
-0.307637
-0.306536
-0.307813
-0.310426
-0.313305
-0.31574
-0.317403
-0.318308
-0.318597
-0.31842
-0.317874
-0.316962
-0.315652
-0.313907
-0.311781
-0.309416
-0.307058
-0.305058
-0.303733
-0.303334
-0.30396
-0.305546
-0.307886
-0.310703
-0.313729
-0.316715
-0.319491
-0.321947
-0.324044
-0.325766
-0.327122
-0.328135
-0.328824
-0.329222
-0.329339
-0.329165
-0.328679
-0.327833
-0.326572
-0.324795
-0.322393
-0.31926
-0.315297
-0.310441
-0.304707
-0.298266
-0.291435
-0.284683
-0.278578
-0.273655
-0.270292
-0.268607
-0.268511
-0.269806
-0.272298
-0.275857
-0.280362
-0.285648
-0.291454
-0.297397
-0.303068
-0.308004
-0.311802
-0.314134
-0.314725
-0.313414
-0.310137
-0.305096
-0.298771
-0.292085
-0.286293
-0.282681
-0.282159
-0.284806
-0.289908
-0.296269
-0.302738
-0.308474
-0.313031
-0.316304
-0.318398
-0.319532
-0.31996
-0.319931
-0.31971
-0.319503
-0.319475
-0.319737
-0.320356
-0.321344
-0.322658
-0.32423
-0.325964
-0.327763
-0.329521
-0.331135
-0.332513
-0.333578
-0.334229
-0.334351
-0.333852
-0.332616
-0.330553
-0.327562
-0.323596
-0.318645
-0.312801
-0.306254
-0.299336
-0.29254
-0.286512
-0.281937
-0.279469
-0.279532
-0.282151
-0.286942
-0.293158
-0.2999
-0.306346
-0.311894
-0.316169
-0.319055
-0.320593
-0.320968
-0.320468
-0.319473
-0.318463
-0.317917
-0.318169
-0.319353
-0.321287
-0.323547
-0.325554
-0.326813
-0.326941
-0.325796
-0.323409
-0.320009
-0.315974
-0.311746
-0.307797
-0.304522
-0.302156
-0.300802
-0.300409
-0.300827
-0.301838
-0.303251
-0.304868
-0.306505
-0.308013
-0.309233
-0.310077
-0.310419
-0.310239
-0.309517
-0.308286
-0.306664
-0.304785
-0.302817
-0.300971
-0.299384
-0.298172
-0.29738
-0.296994
-0.296953
-0.297186
-0.297615
-0.298195
-0.298926
-0.299797
-0.300826
-0.302029
-0.303397
-0.304899
-0.306489
-0.308102
-0.309657
-0.311098
-0.312343
-0.313315
-0.313956
-0.314178
-0.313894
-0.313015
-0.311426
-0.309043
-0.305801
-0.301703
-0.296873
-0.291631
-0.286478
-0.282066
-0.279053
-0.277928
-0.27878
-0.281353
-0.285117
-0.289491
-0.293963
-0.298179
-0.301956
-0.30521
-0.30793
-0.310152
-0.311905
-0.313205
-0.314109
-0.314705
-0.315143
-0.315597
-0.316271
-0.317384
-0.319067
-0.321369
-0.324206
-0.327399
-0.330718
-0.333904
-0.336734
-0.339054
-0.34073
-0.34169
-0.341897
-0.341355
-0.340128
-0.338335
-0.336141
-0.333814
-0.331624
-0.329877
-0.328816
-0.328566
-0.329105
-0.3303
-0.331931
-0.333728
-0.3354
-0.33673
-0.337525
-0.337666
-0.33712
-0.336011
-0.334578
-0.33322
-0.332347
-0.332301
-0.333148
-0.334725
-0.336674
-0.338638
-0.340377
-0.341872
-0.343256
-0.344785
-0.34668
-0.349065
-0.35193
-0.35515
-0.358539
-0.361938
-0.365224
-0.368307
-0.371183
-0.373851
-0.376352
-0.378708
-0.380945
-0.38308
-0.38511
-0.387038
-0.388855
-0.39056
-0.392119
-0.393527
-0.394792
-0.395921
-0.396899
-0.397748
-0.398456
-0.398971
-0.399267
-0.399236
-0.39878
-0.397753
-0.396013
-0.393454
-0.390061
-0.385946
-0.381436
-0.377091
-0.373528
-0.371384
-0.370992
-0.372301
-0.374915
-0.378242
-0.381704
-0.384865
-0.387464
-0.389366
-0.390506
-0.390754
-0.389897
-0.387653
-0.383698
-0.377866
-0.370299
-0.361766
-0.353652
-0.34778
-0.345675
-0.347962
-0.354189
-0.363067
-0.373143
-0.383147
-0.39216
-0.399635
-0.405307
-0.409136
-0.411198
-0.41172
-0.410958
-0.409257
-0.407011
-0.404673
-0.402695
-0.401502
-0.401333
-0.402255
-0.404082
-0.406454
-0.408926
-0.410993
-0.41218
-0.412
-0.409969
-0.40563
-0.39862
-0.388847
-0.376742
-0.363491
-0.351032
-0.341506
-0.336429
-0.336104
-0.339676
-0.345586
-0.352186
-0.358127
-0.36256
-0.365273
-0.366787
-0.367655
-0.368886
-0.370967
-0.373897
-0.377253
-0.380389
-0.38271
-0.383822
-0.383549
-0.381893
-0.379
-0.375089
-0.370396
-0.365193
-0.359757
-0.354433
-0.349577
-0.345594
-0.342867
-0.341618
-0.341834
-0.343242
-0.345357
-0.347646
-0.349704
-0.351337
-0.352543
-0.353526
-0.354475
-0.355511
-0.356646
-0.357719
-0.358503
-0.358745
-0.358245
-0.356874
-0.35463
-0.351663
-0.348258
-0.34482
-0.341855
-0.339853
-0.339156
-0.33992
-0.342027
-0.345101
-0.348678
-0.352271
-0.355465
-0.357989
-0.359715
-0.360616
-0.360731
-0.360153
-0.358999
-0.357384
-0.355401
-0.353175
-0.350836
-0.348511
-0.346352
-0.344531
-0.343212
-0.342486
-0.342296
-0.34248
-0.342768
-0.342864
-0.342501
-0.341537
-0.340012
-0.338098
-0.336081
-0.334227
-0.332708
-0.331492
-0.330354
-0.328972
-0.327071
-0.324506
-0.321362
-0.317957
-0.314802
-0.312476
-0.3115
-0.312227
-0.314754
-0.318853
-0.324122
-0.33
-0.33593
-0.341449
-0.346209
-0.349993
-0.352746
-0.354485
-0.35534
-0.355462
-0.355018
-0.354222
-0.353279
-0.352364
-0.351646
-0.351277
-0.351343
-0.351924
-0.353045
-0.354666
-0.356689
-0.358979
-0.361348
-0.363631
-0.365626
-0.367157
-0.368087
-0.368266
-0.367555
-0.365838
-0.362948
-0.358759
-0.353139
-0.346062
-0.337632
-0.328206
-0.318443
-0.309305
-0.30193
-0.297354
-0.296169
-0.298319
-0.303135
-0.309521
-0.316385
-0.322811
-0.328261
-0.332511
-0.335599
-0.337727
-0.339191
-0.340295
-0.34134
-0.342599
-0.344249
-0.346345
-0.348853
-0.351619
-0.354455
-0.357167
-0.359587
-0.36158
-0.363093
-0.364112
-0.364654
-0.364737
-0.364406
-0.363665
-0.362533
-0.360977
-0.358956
-0.356396
-0.353205
-0.349321
-0.344734
-0.339503
-0.333884
-0.328283
-0.323199
-0.319096
-0.31623
-0.314502
-0.313467
-0.312561
-0.311334
-0.30965
-0.307797
-0.306408
-0.306191
-0.307679
-0.310978
-0.31575
-0.321397
-0.327322
-0.333015
-0.338235
-0.342878
-0.346969
-0.350601
-0.353865
-0.356845
-0.359613
-0.362223
-0.364692
-0.367021
-0.369201
-0.371183
-0.372915
-0.374316
-0.375264
-0.375627
-0.375262
-0.373991
-0.371655
-0.368143
-0.363337
-0.357218
-0.349874
-0.341526
-0.332576
-0.323584
-0.31522
-0.308189
-0.303165
-0.300698
-0.301215
-0.304842
-0.311313
-0.319888
-0.32951
-0.339127
-0.347955
-0.355575
-0.361888
-0.367045
-0.37126
-0.374782
-0.377831
-0.380532
-0.382937
-0.385007
-0.386626
-0.387634
-0.387882
-0.387247
-0.385664
-0.383136
-0.379785
-0.375832
-0.371584
-0.367402
-0.363704
-0.360841
-0.359068
-0.358485
-0.359007
-0.360363
-0.362202
-0.364117
-0.365764
-0.366905
-0.367436
-0.367395
-0.366902
-0.366157
-0.365363
-0.364707
-0.364322
-0.364301
-0.364669
-0.365429
-0.366558
-0.36803
-0.369806
-0.371857
-0.374147
-0.376655
-0.379327
-0.38212
-0.384945
-0.387715
-0.390312
-0.392603
-0.394441
-0.39566
-0.396071
-0.395482
-0.393702
-0.390585
-0.386074
-0.380306
-0.373666
-0.366847
-0.360821
-0.356562
-0.354759
-0.35559
-0.3587
-0.363412
-0.368929
-0.37453
-0.379656
-0.383898
-0.38705
-0.389045
-0.390006
-0.390183
-0.38991
-0.38958
-0.389587
-0.390231
-0.391709
-0.394046
-0.397155
-0.400833
-0.404825
-0.408836
-0.412666
-0.416121
-0.419077
-0.421461
-0.42324
-0.424428
-0.42505
-0.425174
-0.424852
-0.424156
-0.423084
-0.421639
-0.419822
-0.417602
-0.414998
-0.411987
-0.408624
-0.404881
-0.400728
-0.396164
-0.391182
-0.385816
-0.380246
-0.374778
-0.369753
-0.365508
-0.362217
-0.359896
-0.3585
-0.358075
-0.35883
-0.361086
-0.364977
-0.370231
-0.376171
-0.381939
-0.386775
-0.390245
-0.392252
-0.392912
-0.392549
-0.391529
-0.390212
-0.388926
-0.3879
-0.387286
-0.387148
-0.387464
-0.388168
-0.389155
-0.390293
-0.391452
-0.392554
-0.393496
-0.394223
-0.394706
-0.394917
-0.394855
-0.394556
-0.394016
-0.393261
-0.392326
-0.391237
-0.390009
-0.388656
-0.387198
-0.385616
-0.383895
-0.382016
-0.379943
-0.377652
-0.375149
-0.372459
-0.369705
-0.36706
-0.36473
-0.362935
-0.361824
-0.361442
-0.36167
-0.362284
-0.363026
-0.363642
-0.364005
-0.364051
-0.363832
-0.363458
-0.363037
-0.362663
-0.362368
-0.362176
-0.362129
-0.36224
-0.362616
-0.363289
-0.364191
-0.365137
-0.365805
-0.365807
-0.364822
-0.362673
-0.359485
-0.355659
-0.351908
-0.349096
-0.348021
-0.349141
-0.352428
-0.357376
-0.363195
-0.369056
-0.374311
-0.378554
-0.381636
-0.383584
-0.384547
-0.384715
-0.384325
-0.383582
-0.382691
-0.38183
-0.381156
-0.38079
-0.380788
-0.381125
-0.381723
-0.382437
-0.383051
-0.383356
-0.383073
-0.38198
-0.379875
-0.376677
-0.372396
-0.367182
-0.361347
-0.355344
-0.349691
-0.344872
-0.341234
-0.338976
-0.338049
-0.338243
-0.339281
-0.34089
-0.342825
-0.344916
-0.347042
-0.34909
-0.350962
-0.352587
-0.353886
-0.35479
-0.355215
-0.355149
-0.354623
-0.353699
-0.352521
-0.351267
-0.350108
-0.349151
-0.348425
-0.347907
-0.347438
-0.34687
-0.346069
-0.344943
-0.343541
-0.341979
-0.340433
-0.339137
-0.338237
-0.337878
-0.33809
-0.338835
-0.339995
-0.341475
-0.343125
-0.344797
-0.346407
-0.347847
-0.349071
-0.350068
-0.350828
-0.351396
-0.351805
-0.352087
-0.352286
-0.352435
-0.352557
-0.352665
-0.352755
-0.352827
-0.352875
-0.352874
-0.352806
-0.352656
-0.352384
-0.351965
-0.351357
-0.350537
-0.349466
-0.348105
-0.346435
-0.344435
-0.342106
-0.339456
-0.336554
-0.333515
-0.330521
-0.327824
-0.3257
-0.324442
-0.324318
-0.325481
-0.327955
-0.331628
-0.336278
-0.341587
-0.347261
-0.353043
-0.358704
-0.364075
-0.368992
-0.373268
-0.37668
-0.378941
-0.37973
-0.37868
-0.375459
-0.369815
-0.361644
-0.351162
-0.338999
-0.326279
-0.314552
-0.305537
-0.300716
-0.300893
-0.305989
-0.315151
-0.326974
-0.339946
-0.352783
-0.364547
-0.374739
-0.383213
-0.390023
-0.39537
-0.399517
-0.402712
-0.405191
-0.407139
-0.408694
-0.40993
-0.410932
-0.411742
-0.412389
-0.412897
-0.413293
-0.413579
-0.413802
-0.413977
-0.414097
-0.414187
-0.414232
-0.414211
-0.414067
-0.413775
-0.413253
-0.412418
-0.41121
-0.409572
-0.407489
-0.404984
-0.402164
-0.399233
-0.396491
-0.394273
-0.39288
-0.392439
-0.392845
-0.393773
-0.394847
-0.395912
-0.39723
-0.399411
-0.403126
-0.408565
-0.415215
-0.422035
-0.427824
-0.431635
-0.432904
-0.431419
-0.427196
-0.420485
-0.411871
-0.402581
-0.394632
-0.390468
-0.391904
-0.399005
-0.409992
-0.422285
-0.433737
-0.443158
-0.450163
-0.454843
-0.4574
-0.458051
-0.456898
-0.453987
-0.449349
-0.443044
-0.435313
-0.426591
-0.417586
-0.409156
-0.402152
-0.397145
-0.394298
-0.393419
-0.394144
-0.396103
-0.399091
-0.402994
-0.407684
-0.412939
-0.418443
-0.423812
-0.42869
-0.432819
-0.436002
-0.438166
-0.439277
-0.439325
-0.438332
-0.436313
-0.433233
-0.429076
-0.423848
-0.417588
-0.410417
-0.402561
-0.394439
-0.386609
-0.379805
-0.374787
-0.372106
-0.371908
-0.373762
-0.376816
-0.380068
-0.382605
-0.38385
-0.383569
-0.381914
-0.379407
-0.376776
-0.374819
-0.374182
-0.375097
-0.377351
-0.380391
-0.383587
-0.386445
-0.388669
-0.390187
-0.391061
-0.391439
-0.391494
-0.391373
-0.39121
-0.391097
-0.391099
-0.391248
-0.391571
-0.392042
-0.392625
-0.393234
-0.393825
-0.394329
-0.39469
-0.394914
-0.395003
-0.39496
-0.394834
-0.394629
-0.39434
-0.393878
-0.393147
-0.391985
-0.390267
-0.387916
-0.385
-0.381745
-0.378547
-0.375846
-0.374005
-0.373172
-0.373186
-0.373646
-0.373967
-0.373564
-0.371887
-0.368582
-0.363528
-0.357038
-0.349828
-0.342955
-0.3375
-0.334098
-0.332798
-0.333053
-0.33407
-0.335336
-0.336947
-0.339567
-0.34399
-0.350504
-0.358548
-0.366982
-0.374609
-0.380599
-0.384619
-0.386753
-0.387268
-0.386558
-0.385007
-0.382946
-0.380645
-0.378265
-0.375937
-0.373735
-0.371672
-0.369753
-0.36796
-0.366315
-0.364813
-0.363475
-0.36232
-0.361392
-0.360717
-0.360332
-0.360277
-0.360554
-0.361166
-0.362071
-0.363206
-0.364505
-0.365917
-0.367371
-0.368812
-0.370197
-0.371495
-0.372685
-0.373758
-0.374694
-0.37551
-0.376183
-0.376728
-0.377108
-0.37732
-0.377351
-0.377165
-0.376724
-0.375975
-0.374857
-0.373317
-0.371287
-0.368723
-0.365613
-0.362002
-0.35802
-0.353902
-0.349939
-0.346509
-0.343891
-0.342296
-0.341721
-0.342009
-0.342871
-0.344024
-0.345228
-0.346308
-0.347165
-0.347728
-0.347929
-0.34762
-0.346577
-0.344491
-0.341018
-0.335832
-0.328737
-0.319852
-0.309765
-0.29962
-0.290986
-0.285339
-0.28357
-0.285584
-0.290456
-0.296871
-0.303663
-0.310072
-0.315816
-0.320954
-0.325694
-0.330217
-0.334552
-0.338632
-0.342289
-0.345344
-0.347705
-0.349378
-0.350454
-0.351099
-0.351509
-0.351887
-0.352391
-0.353109
-0.354058
-0.355185
-0.356409
-0.357598
-0.35859
-0.359216
-0.359275
-0.358517
-0.356626
-0.353182
-0.347751
-0.339971
-0.329871
-0.318323
-0.307401
-0.30011
-0.299008
-0.304626
-0.315118
-0.327484
-0.339245
-0.349073
-0.356694
-0.362335
-0.36642
-0.369348
-0.371417
-0.372877
-0.373874
-0.374519
-0.374888
-0.375056
-0.37509
-0.375056
-0.37502
-0.375014
-0.375119
-0.375369
-0.375813
-0.376492
-0.377402
-0.378542
-0.379921
-0.381529
-0.383321
-0.385284
-0.387378
-0.389548
-0.39179
-0.393996
-0.396125
-0.398108
-0.399874
-0.401352
-0.402471
-0.403208
-0.403537
-0.403505
-0.40319
-0.402735
-0.402332
-0.402202
-0.402573
-0.403634
-0.405487
-0.408146
-0.411522
-0.415448
-0.419728
-0.424128
-0.428447
-0.432449
-0.435946
-0.438715
-0.44058
-0.441368
-0.440906
-0.43907
-0.435852
-0.431338
-0.425864
-0.42001
-0.414574
-0.410502
-0.408651
-0.40954
-0.413168
-0.418983
-0.426123
-0.433636
-0.440767
-0.447036
-0.452222
-0.456318
-0.45943
-0.461717
-0.463299
-0.464285
-0.464763
-0.464754
-0.464275
-0.463329
-0.461922
-0.46004
-0.457716
-0.454995
-0.451958
-0.448694
-0.445318
-0.441854
-0.438309
-0.434553
-0.43038
-0.425567
-0.41999
-0.413708
-0.407127
-0.40103
-0.39639
-0.394104
-0.394587
-0.397624
-0.402479
-0.408207
-0.414006
-0.419307
-0.423847
-0.427543
-0.430425
-0.432578
-0.434114
-0.435112
-0.435663
-0.435834
-0.435638
-0.435105
-0.434232
-0.433001
-0.431393
-0.429386
-0.426975
-0.424176
-0.420993
-0.417491
-0.413695
-0.409661
-0.405475
-0.401311
-0.397413
-0.394108
-0.391783
-0.390741
-0.391104
-0.392758
-0.395338
-0.398394
-0.401439
-0.404112
-0.406192
-0.407551
-0.408161
-0.40803
-0.407218
-0.405799
-0.403842
-0.401412
-0.398636
-0.395634
-0.39254
-0.389487
-0.386637
-0.384109
-0.381852
-0.38028
-0.379143
-0.378425
-0.378104
-0.378183
-0.378664
-0.379546
-0.380802
-0.382371
-0.384117
-0.385891
-0.387497
-0.388736
-0.389435
-0.389448
-0.388668
-0.387051
-0.384662
-0.381699
-0.378493
-0.375482
-0.373183
-0.372008
-0.372147
-0.373519
-0.375764
-0.378414
-0.381031
-0.383293
-0.385016
-0.386167
-0.386836
-0.387162
-0.387276
-0.387347
-0.387476
-0.387709
-0.388048
-0.38844
-0.388829
-0.389161
-0.389414
-0.389605
-0.389784
-0.390036
-0.390414
-0.391
-0.391818
-0.392826
-0.393961
-0.395099
-0.396117
-0.396883
-0.39731
-0.397344
-0.396958
-0.396211
-0.395198
-0.394076
-0.39305
-0.392318
-0.392075
-0.392423
-0.393403
-0.39496
-0.396956
-0.399215
-0.401547
-0.403812
-0.405896
-0.407711
-0.409232
-0.410439
-0.411352
-0.411992
-0.412409
-0.412637
-0.412745
-0.412783
-0.412823
-0.41291
-0.413081
-0.413366
-0.413788
-0.414315
-0.414934
-0.415623
-0.416324
-0.41703
-0.417715
-0.418367
-0.41899
-0.419594
-0.42019
-0.420791
-0.421402
-0.422035
-0.422651
-0.423202
-0.423602
-0.423774
-0.423643
-0.423112
-0.422126
-0.420652
-0.418701
-0.416289
-0.413469
-0.410356
-0.407093
-0.403962
-0.401314
-0.399595
-0.399151
-0.399985
-0.401389
-0.401835
-0.399163
-0.391271
-0.377296
-0.358845
-0.340451
-0.328095
-0.325866
-0.333253
-0.345734
-0.35787
-0.366366
-0.370981
-0.373746
-0.377153
-0.382497
-0.389348
-0.396201
-0.401521
-0.404365
-0.40453
-0.402363
-0.398605
-0.394147
-0.389902
-0.386634
-0.384849
-0.384725
-0.386182
-0.388876
-0.392397
-0.396301
-0.400216
-0.403847
-0.407009
-0.409616
-0.411619
-0.41304
-0.413913
-0.414289
-0.414212
-0.413714
-0.412854
-0.411619
-0.410057
-0.408183
-0.405999
-0.403593
-0.401023
-0.398418
-0.39592
-0.393667
-0.391827
-0.390524
-0.389853
-0.389837
-0.390414
-0.391469
-0.392783
-0.394119
-0.395224
-0.395853
-0.395816
-0.394985
-0.393326
-0.390857
-0.387724
-0.384124
-0.380323
-0.376614
-0.373258
-0.370533
-0.368612
-0.367602
-0.367565
-0.368443
-0.370088
-0.372284
-0.374778
-0.377296
-0.379591
-0.381467
-0.382799
-0.383507
-0.383613
-0.383175
-0.382273
-0.380999
-0.37949
-0.377851
-0.376241
-0.374822
-0.373785
-0.373291
-0.37343
-0.374168
-0.375329
-0.376682
-0.377932
-0.378826
-0.379186
-0.378971
-0.378278
-0.377281
-0.376236
-0.375385
-0.374942
-0.374985
-0.375552
-0.37655
-0.377871
-0.379405
-0.381052
-0.382764
-0.384503
-0.386273
-0.388046
-0.389838
-0.391626
-0.393394
-0.395125
-0.396793
-0.398385
-0.399907
-0.401351
-0.402702
-0.403985
-0.405223
-0.406409
-0.40756
-0.40869
-0.409786
-0.410868
-0.411914
-0.412929
-0.413894
-0.414796
-0.415653
-0.416441
-0.41716
-0.417807
-0.41838
-0.418865
-0.419239
-0.419498
-0.419593
-0.419535
-0.419283
-0.418843
-0.418164
-0.417216
-0.415912
-0.414231
-0.412139
-0.409668
-0.407001
-0.404449
-0.402445
-0.40154
-0.402181
-0.404648
-0.408923
-0.414687
-0.421352
-0.428304
-0.434894
-0.440624
-0.445113
-0.448157
-0.449673
-0.449692
-0.448368
-0.445951
-0.442818
-0.439352
-0.435894
-0.432565
-0.429251
-0.425619
-0.421307
-0.416278
-0.411107
-0.407099
-0.405859
-0.408514
-0.414967
-0.423946
-0.433658
-0.442573
-0.449808
-0.455083
-0.458522
-0.46047
-0.461338
-0.461501
-0.461286
-0.460939
-0.460641
-0.460485
-0.460498
-0.460624
-0.460812
-0.461001
-0.461148
-0.461173
-0.461022
-0.460645
-0.459995
-0.458999
-0.457641
-0.455924
-0.453908
-0.451736
-0.449597
-0.447722
-0.446356
-0.445678
-0.445782
-0.446682
-0.448311
-0.450572
-0.453321
-0.456407
-0.459659
-0.462942
-0.466103
-0.469029
-0.47163
-0.473879
-0.475755
-0.477281
-0.478527
-0.479526
-0.480376
-0.481154
-0.481914
-0.482719
-0.483598
-0.484593
-0.485687
-0.486847
-0.488022
-0.489125
-0.490019
-0.490576
-0.490626
-0.48998
-0.488499
-0.486045
-0.482523
-0.478005
-0.472647
-0.466817
-0.46105
-0.455992
-0.452224
-0.450131
-0.449706
-0.450573
-0.452123
-0.453654
-0.454619
-0.454681
-0.453778
-0.452115
-0.450074
-0.44812
-0.446766
-0.446388
-0.44723
-0.449329
-0.452574
-0.456733
-0.461576
-0.466873
-0.472439
-0.478128
-0.483763
-0.489214
-0.494312
-0.498926
-0.502926
-0.506202
-0.508668
-0.510236
-0.510826
-0.510318
-0.50856
-0.505352
-0.50043
-0.493529
-0.484477
-0.47333
-0.460645
-0.447563
-0.435646
-0.426222
-0.419631
-0.414988
-0.410878
-0.406418
-0.401963
-0.399009
-0.399205
-0.403226
-0.410307
-0.418752
-0.426899
-0.433629
-0.438465
-0.44138
-0.442564
-0.442265
-0.440727
-0.438192
-0.434835
-0.430816
-0.426297
-0.421417
-0.416351
-0.411344
-0.406631
-0.402534
-0.399351
-0.397285
-0.39646
-0.396883
-0.398427
-0.400886
-0.403982
-0.407446
-0.41103
-0.414488
-0.41765
-0.420368
-0.422545
-0.424108
-0.425062
-0.425411
-0.4252
-0.424508
-0.42341
-0.422015
-0.420396
-0.418617
-0.416742
-0.414768
-0.412654
-0.410325
-0.407695
-0.404659
-0.401165
-0.397156
-0.392686
-0.387879
-0.383014
-0.378442
-0.37458
-0.371784
-0.370252
-0.369965
-0.370707
-0.372129
-0.373795
-0.375353
-0.376528
-0.377123
-0.377037
-0.37624
-0.374726
-0.372554
-0.369802
-0.36666
-0.363365
-0.36023
-0.357584
-0.355728
-0.354825
-0.354882
-0.355738
-0.357121
-0.358705
-0.360209
-0.361411
-0.362136
-0.362282
-0.361772
-0.360497
-0.3583
-0.354946
-0.350184
-0.343752
-0.335549
-0.325983
-0.316197
-0.308141
-0.303975
-0.305027
-0.310886
-0.319694
-0.329236
-0.337841
-0.344732
-0.349827
-0.353397
-0.35584
-0.357513
-0.3587
-0.359584
-0.360279
-0.360864
-0.361352
-0.361727
-0.36199
-0.362076
-0.361925
-0.361431
-0.360442
-0.358782
-0.356254
-0.352673
-0.347896
-0.341934
-0.33507
-0.327905
-0.321384
-0.31656
-0.314324
-0.315078
-0.318664
-0.324492
-0.33178
-0.339731
-0.347645
-0.354983
-0.361327
-0.366423
-0.370134
-0.372401
-0.37327
-0.372804
-0.371183
-0.368584
-0.365226
-0.361233
-0.356553
-0.350936
-0.34407
-0.336031
-0.327739
-0.321277
-0.319169
-0.322907
-0.331762
-0.343186
-0.354394
-0.363538
-0.369949
-0.373794
-0.375623
-0.376109
-0.375901
-0.375552
-0.375515
-0.376045
-0.377279
-0.37917
-0.381559
-0.384164
-0.38668
-0.388815
-0.390366
-0.391216
-0.391446
-0.391223
-0.390837
-0.39058
-0.390731
-0.391437
-0.392677
-0.394302
-0.396102
-0.397856
-0.39937
-0.400485
-0.401115
-0.401173
-0.400574
-0.399251
-0.397162
-0.394274
-0.390681
-0.386623
-0.382513
-0.379024
-0.376878
-0.376667
-0.37859
-0.38239
-0.387447
-0.393007
-0.398417
-0.403258
-0.407327
-0.410576
-0.41307
-0.414873
-0.416057
-0.416649
-0.416645
-0.416038
-0.414812
-0.412961
-0.410557
-0.407707
-0.404631
-0.401609
-0.398935
-0.396918
-0.395759
-0.395566
-0.396291
-0.397786
-0.399805
-0.402135
-0.404564
-0.406968
-0.40926
-0.4114
-0.413397
-0.415224
-0.416919
-0.418434
-0.41977
-0.420884
-0.421751
-0.422313
-0.422513
-0.422305
-0.421613
-0.420435
-0.418709
-0.416488
-0.413845
-0.410907
-0.407881
-0.405043
-0.402692
-0.401113
-0.400508
-0.400964
-0.40243
-0.40475
-0.407658
-0.410865
-0.414073
-0.417
-0.419379
-0.420951
-0.421559
-0.421097
-0.419671
-0.417526
-0.415148
-0.413214
-0.412379
-0.413116
-0.415509
-0.419237
-0.423691
-0.428165
-0.432037
-0.43487
-0.436405
-0.436595
-0.435522
-0.433415
-0.430601
-0.427473
-0.424424
-0.421724
-0.419527
-0.417781
-0.416336
-0.414996
-0.413593
-0.411977
-0.410031
-0.407724
-0.405049
-0.402153
-0.399325
-0.396991
-0.395691
-0.395892
-0.397838
-0.401472
-0.406442
-0.412222
-0.418279
-0.424143
-0.429482
-0.434068
-0.437756
-0.440492
-0.442282
-0.443165
-0.443207
-0.442526
-0.441233
-0.439441
-0.437289
-0.43489
-0.432392
-0.429898
-0.427513
-0.425338
-0.423456
-0.421943
-0.420901
-0.420394
-0.420437
-0.42107
-0.422244
-0.423886
-0.425838
-0.427933
-0.42995
-0.431684
-0.432939
-0.433548
-0.433342
-0.432177
-0.429912
-0.426425
-0.421647
-0.41556
-0.408254
-0.399978
-0.391182
-0.382557
-0.374992
-0.369449
-0.36669
-0.366948
-0.369732
-0.373972
-0.378401
-0.382058
-0.384438
-0.385603
-0.386007
-0.386271
-0.386984
-0.388513
-0.390889
-0.393955
-0.397367
-0.400782
-0.403925
-0.406619
-0.408788
-0.410399
-0.411499
-0.412117
-0.412318
-0.412174
-0.411753
-0.411125
-0.410371
-0.40959
-0.408862
-0.408275
-0.40791
-0.407809
-0.407952
-0.408295
-0.408738
-0.409133
-0.409327
-0.409128
-0.408383
-0.406882
-0.404511
-0.401164
-0.396924
-0.392068
-0.387128
-0.382868
-0.380147
-0.379594
-0.381358
-0.385081
-0.390003
-0.395306
-0.400318
-0.40463
-0.4081
-0.410751
-0.412694
-0.41409
-0.415094
-0.415817
-0.416337
-0.416646
-0.416689
-0.416338
-0.415417
-0.413771
-0.411309
-0.408098
-0.404505
-0.401188
-0.398994
-0.398703
-0.400724
-0.404877
-0.410447
-0.416516
-0.422279
-0.427173
-0.430939
-0.433542
-0.435054
-0.435616
-0.435394
-0.434544
-0.433209
-0.431524
-0.429621
-0.427629
-0.425688
-0.423921
-0.422419
-0.421268
-0.420503
-0.420158
-0.420226
-0.420636
-0.421313
-0.422177
-0.423104
-0.423975
-0.424654
-0.424981
-0.424768
-0.423812
-0.421967
-0.419121
-0.415337
-0.410937
-0.406477
-0.40269
-0.400322
-0.400054
-0.402349
-0.407446
-0.415176
-0.424939
-0.435671
-0.446179
-0.455453
-0.462819
-0.467983
-0.470883
-0.471628
-0.47039
-0.467356
-0.462734
-0.456793
-0.449909
-0.442549
-0.435295
-0.428737
-0.423367
-0.419417
-0.416732
-0.414777
-0.41279
-0.410004
-0.405801
-0.399859
-0.392171
-0.383059
-0.37322
-0.363726
-0.356071
-0.351948
-0.35269
-0.358606
-0.36869
-0.381008
-0.393549
-0.404841
-0.414191
-0.421415
-0.426661
-0.430178
-0.432231
-0.433037
-0.432746
-0.431475
-0.429346
-0.42648
-0.423083
-0.419394
-0.41569
-0.412296
-0.409494
-0.407459
-0.406241
-0.40573
-0.405746
-0.406012
-0.406265
-0.406306
-0.405982
-0.405282
-0.404253
-0.403006
-0.401684
-0.400403
-0.399248
-0.398214
-0.397254
-0.396235
-0.394982
-0.39338
-0.391311
-0.388707
-0.385569
-0.381944
-0.377946
-0.373733
-0.369491
-0.365423
-0.361716
-0.358529
-0.35598
-0.354168
-0.353101
-0.352789
-0.353199
-0.354247
-0.355861
-0.357957
-0.360432
-0.363145
-0.365964
-0.368786
-0.371515
-0.374069
-0.376372
-0.378399
-0.38012
-0.381561
-0.382714
-0.383622
-0.384303
-0.384773
-0.385058
-0.38517
-0.38513
-0.384961
-0.384668
-0.384269
-0.383765
-0.383163
-0.382479
-0.381722
-0.380913
-0.380066
-0.379214
-0.378355
-0.377527
-0.376744
-0.37602
-0.375373
-0.374801
-0.374289
-0.373853
-0.373454
-0.373075
