2.84778
2.84006
2.82631
2.80557
2.7764
2.73684
2.68444
2.61647
2.53039
2.42447
2.29877
2.15638
2.00429
1.85326
1.71585
1.60333
1.52267
1.47536
1.4581
1.46463
1.4875
1.51934
1.55378
1.58584
1.61229
1.63164
1.64404
1.65097
1.65455
1.65679
1.65885
1.66068
1.66117
1.65845
1.65041
1.6354
1.61303
1.58476
1.5538
1.5241
1.49891
1.47977
1.46665
1.45895
1.45637
1.45918
1.46762
1.48117
1.49831
1.51665
1.53347
1.54637
1.5536
1.55428
1.54859
1.53793
1.52483
1.51235
1.50291
1.49757
1.49609
1.49781
1.50212
1.50857
1.51651
1.52478
1.53183
1.53621
1.53729
1.53574
1.53354
1.53318
1.53649
1.54388
1.55425
1.56555
1.57559
1.58292
1.58739
1.58992
1.59181
1.59359
1.59466
1.59379
1.59044
1.58542
1.58042
1.57692
1.57568
1.57678
1.57988
1.58439
1.58955
1.59431
1.59754
1.59824
1.5957
1.5895
1.5796
1.56615
1.54948
1.52999
1.50811
1.4845
1.46052
1.43843
1.42112
1.41122
1.41045
1.41943
1.43755
1.46259
1.49081
1.518
1.54074
1.5569
1.56569
1.56742
1.56323
1.55503
1.54512
1.53569
1.52801
1.52208
1.51692
1.51168
1.50664
1.50331
1.50356
1.50871
1.51905
1.53401
1.55259
1.57352
1.5952
1.61574
1.63311
1.64555
1.65221
1.65368
1.65208
1.65027
1.65032
1.65216
1.65378
1.6527
1.64752
1.63869
1.62867
1.62089
1.61783
1.61961
1.62409
1.62814
1.62896
1.62471
1.61464
1.59899
1.5791
1.55796
1.54058
1.53265
1.53675
1.54954
1.56395
1.57436
1.57947
1.58166
1.58452
1.59043
1.59976
1.61148
1.62409
1.63633
1.64768
1.65857
1.66963
1.68011
1.68734
1.6879
1.67959
1.66267
1.64032
1.61815
1.60242
1.59705
1.60177
1.61284
1.62571
1.63722
1.64616
1.65237
1.65579
1.65574
1.65103
1.64045
1.62359
1.60125
1.57515
1.54721
1.51888
1.49129
1.46617
1.44609
1.43354
1.42962
1.43395
1.44572
1.46444
1.48984
1.52123
1.557
1.59471
1.63137
1.66413
1.69058
1.70917
1.71933
1.72148
1.71676
1.7067
1.69286
1.67657
1.65888
1.64072
1.62306
1.60698
1.59365
1.58417
1.57946
1.58018
1.58663
1.59855
1.61489
1.63387
1.65321
1.67052
1.68372
1.69144
1.6933
1.6897
1.68164
1.67057
1.65835
1.64744
1.64084
1.64102
1.64861
1.66193
1.67824
1.69499
1.71014
1.72178
1.72796
1.727
1.71839
1.70341
1.68487
1.66562
1.64713
1.62928
1.61134
1.59312
1.57516
1.55844
1.54393
1.53235
1.52426
1.52002
1.5196
1.52227
1.52651
1.53027
1.53134
1.52795
1.51927
1.50579
1.48939
1.47329
1.46165
1.45861
1.46701
1.48719
1.51652
1.54995
1.58147
1.60576
1.6194
1.6213
1.61268
1.59675
1.57827
1.56262
1.55423
1.55506
1.56407
1.57807
1.59354
1.60781
1.61926
1.62687
1.62978
1.62733
1.61952
1.6074
1.59298
1.57827
1.5644
1.55131
1.53892
1.52862
1.52364
1.5277
1.54239
1.56568
1.59253
1.61707
1.63456
1.64228
1.63963
1.62798
1.61041
1.5912
1.57503
1.56564
1.5646
1.57073
1.58075
1.59051
1.59612
1.59474
1.58494
1.56709
1.54341
1.51749
1.49329
1.47418
1.46236
1.45877
1.4634
1.47544
1.49338
1.51485
1.53674
1.55554
1.56807
1.5722
1.56771
1.55674
1.54378
1.5342
1.53196
1.53751
1.54776
1.55836
1.56615
1.57049
1.57282
1.57548
1.58031
1.5879
1.5975
1.60755
1.6165
1.62339
1.62796
1.63044
1.63123
1.63069
1.62926
1.6276
1.62661
1.62711
1.62937
1.63294
1.63684
1.63997
1.64148
1.64108
1.63899
1.63579
1.63211
1.62849
1.62539
1.62302
1.62131
1.61979
1.61766
1.61419
1.60897
1.60222
1.59476
1.58787
1.58285
1.58038
1.58008
1.5805
1.57995
1.57784
1.57545
1.57526
1.57912
1.5868
1.5965
1.60611
1.61414
1.61982
1.62303
1.62437
1.62506
1.62673
1.63081
1.63799
1.6479
1.65928
1.67047
1.67979
1.68576
1.68724
1.6835
1.67445
1.66063
1.64333
1.62444
1.6062
1.59068
1.57956
1.57374
1.57324
1.57717
1.5839
1.5914
1.59783
1.60195
1.60341
1.60272
1.6011
1.60008
1.60098
1.60428
1.60918
1.61348
1.61411
1.60809
1.59398
1.57307
1.54981
1.53052
1.52067
1.52243
1.53456
1.55427
1.579
1.60702
1.63703
1.66776
1.69768
1.72506
1.74829
1.76615
1.77783
1.7829
1.78107
1.77206
1.75585
1.73282
1.70406
1.67154
1.63801
1.60678
1.58092
1.56235
1.55106
1.54578
1.54542
1.54997
1.56041
1.57744
1.60025
1.62576
1.64903
1.66476
1.6693
1.66256
1.64902
1.63651
1.63207
1.63836
1.65336
1.67245
1.69036
1.70247
1.70586
1.69978
1.68542
1.66539
1.6431
1.62223
1.60613
1.59704
1.5956
1.60065
1.60966
1.61962
1.62775
1.63215
1.63195
1.62685
1.61645
1.60036
1.57911
1.55523
1.53338
1.51908
1.51658
1.52721
1.54941
1.57984
1.61441
1.64904
1.6805
1.70712
1.72887
1.74679
1.76207
1.77526
1.78577
1.79207
1.79236
1.78516
1.76988
1.74701
1.71798
1.68481
1.64968
1.61485
1.58252
1.55487
1.53379
1.52038
1.51444
1.51452
1.51853
1.52468
1.53206
1.54075
1.55156
1.56513
1.58093
1.5968
1.60955
1.61612
1.61469
1.60505
1.58865
1.56826
1.54723
1.52831
1.51245
1.49899
1.48669
1.4751
1.46516
1.45926
1.46049
1.47105
1.49084
1.51732
1.54664
1.57509
1.59969
1.61815
1.62874
1.63064
1.62449
1.61252
1.59807
1.58463
1.57467
1.56886
1.56604
1.56393
1.56026
1.55355
1.54343
1.53023
1.51445
1.49652
1.47721
1.45834
1.44325
1.43609
1.43992
1.45451
1.47611
1.49958
1.52099
1.53883
1.5537
1.56721
1.5807
1.59445
1.60766
1.61897
1.6272
1.63178
1.63287
1.63115
1.62748
1.62259
1.61688
1.61023
1.6021
1.59202
1.58008
1.56737
1.55599
1.54846
1.5469
1.55225
1.56373
1.57895
1.59442
1.60616
1.61038
1.60423
1.58644
1.55816
1.52345
1.48851
1.45945
1.4397
1.42918
1.42567
1.42699
1.43209
1.4411
1.45462
1.47299
1.49572
1.52143
1.54821
1.57413
1.59757
1.61705
1.6308
1.63662
1.63255
1.61813
1.59519
1.56812
1.54298
1.52582
1.52078
1.52911
1.54937
1.57823
1.61127
1.6437
1.67095
1.68945
1.69727
1.69444
1.68265
1.6648
1.64456
1.62603
1.61315
1.6084
1.61174
1.62039
1.63029
1.63807
1.6426
1.64515
1.64814
1.65293
1.6584
1.66124
1.65777
1.64575
1.62528
1.59873
1.57033
1.54506
1.52762
1.52103
1.52582
1.54002
1.56009
1.58198
1.60188
1.61661
1.62399
1.62311
1.61458
1.60054
1.58441
1.5702
1.56158
1.56099
1.56904
1.5846
1.60534
1.62833
1.65064
1.66957
1.68291
1.68896
1.68675
1.67611
1.65779
1.6332
1.60409
1.5724
1.54028
1.51035
1.48542
1.46797
1.45911
1.4579
1.46177
1.46762
1.47321
1.47788
1.48243
1.48858
1.49778
1.50977
1.52223
1.53222
1.53873
1.54383
1.55166
1.56569
1.58634
1.61048
1.63302
1.64888
1.65435
1.64765
1.62921
1.60183
1.57066
1.54263
1.52462
1.52118
1.53295
1.5568
1.58749
1.61965
1.64915
1.67358
1.69228
1.70598
1.71602
1.72352
1.72866
1.73063
1.72803
1.71943
1.70367
1.67993
1.64786
1.60809
1.5627
1.51548
1.47151
1.43595
1.41235
1.40127
1.40032
1.40563
1.41365
1.42223
1.43088
1.44048
1.45276
1.46969
1.49273
1.52205
1.55604
1.59166
1.62541
1.65426
1.67613
1.68993
1.69532
1.69245
1.68185
1.66444
1.64191
1.61689
1.59247
1.57101
1.55321
1.53815
1.52433
1.51095
1.4985
1.4886
1.48283
1.48184
1.48497
1.49067
1.49724
1.50319
1.50729
1.50872
1.50781
1.5066
1.50878
1.518
1.53551
1.55889
1.58355
1.6055
1.62289
1.63583
1.6452
1.65192
1.6565
1.65927
1.66054
1.66077
1.66064
1.66098
1.66253
1.6655
1.66944
1.6734
1.67629
1.67726
1.67598
1.67286
1.66902
1.66598
1.66497
1.66635
1.66966
1.67403
1.6784
1.6816
1.68237
1.67942
1.6718
1.65931
1.64273
1.62377
1.60439
1.58578
1.56775
1.54934
1.53049
1.51392
1.50497
1.50828
1.52358
1.54556
1.56817
1.58814
1.60494
1.61896
1.63018
1.63803
1.64182
1.6412
1.63616
1.62671
1.61289
1.59483
1.57319
1.54976
1.52775
1.51148
1.50469
1.50833
1.51954
1.53284
1.54265
1.5452
1.53925
1.52597
1.50842
1.49049
1.47564
1.46578
1.46166
1.46389
1.47379
1.49263
1.52049
1.55556
1.59441
1.63288
1.66701
1.69396
1.71242
1.72255
1.72531
1.72146
1.71103
1.69368
1.66948
1.63968
1.6068
1.57407
1.54445
1.51999
1.5019
1.49095
1.48731
1.49011
1.49751
1.50753
1.51878
1.53064
1.54274
1.55475
1.56635
1.57746
1.58837
1.59939
1.61036
1.62016
1.62672
1.62802
1.62315
1.6135
1.60281
1.59615
1.59747
1.60722
1.62199
1.63637
1.64531
1.64586
1.63776
1.62287
1.60395
1.58339
1.56316
1.54563
1.53422
1.53273
1.5435
1.56545
1.59385
1.62229
1.645
1.65832
1.66088
1.6532
1.63693
1.61405
1.58619
1.55442
1.51972
1.48363
1.44864
1.41782
1.39387
1.37796
1.36964
1.36772
1.37149
1.3808
1.39503
1.41218
1.42963
1.44587
1.4611
1.47624
1.49173
1.50716
1.52201
1.53619
1.55007
1.56364
1.57574
1.58396
1.58558
1.57873
1.5635
1.54243
1.52046
1.50375
1.49742
1.503
1.51777
1.53635
1.55351
1.56628
1.57494
1.58198
1.59004
1.59997
1.61034
1.61833
1.62125
2.83629
2.79541
2.73081
2.64938
2.56171
2.48046
2.41652
2.37489
2.35364
2.34603
2.34391
2.34036
2.33122
2.31588
2.29774
2.28277
2.27657
2.2812
2.29388
2.30837
2.31822
2.32018
2.3157
2.31025
2.31041
2.32002
2.33735
2.3561
2.36942
2.37271
2.36418
2.34454
2.31697
2.28626
2.25722
2.23295
2.21434
2.20105
2.19275
2.19004
2.19425
2.20656
2.22739
2.25571
2.28854
2.32159
2.35069
2.37328
2.38897
2.39893
2.40473
2.40775
2.40946
2.41179
2.41598
2.42046
2.42052
2.41117
2.39044
2.36058
2.32715
2.29679
2.27483
2.26378
2.26296
2.26853
2.27429
2.2736
2.26172
2.23713
2.20196
2.16134
2.12237
2.09302
2.08159
2.09385
2.12805
2.174
2.21879
2.25301
2.27361
2.28352
2.28907
2.29683
2.31135
2.33487
2.36669
2.40237
2.43438
2.45485
2.45849
2.44386
2.41325
2.37186
2.32727
2.28843
2.26374
2.25854
2.27425
2.30944
2.36077
2.4235
2.49158
2.55815
2.61655
2.66151
2.68983
2.70044
2.69428
2.67417
2.64434
2.60958
2.57372
2.53844
2.50374
2.46978
2.43859
2.41415
2.40033
2.39873
2.40771
2.4226
2.43681
2.44387
2.43934
2.42168
2.39211
2.35421
2.3133
2.27512
2.24388
2.22095
2.20556
2.19661
2.19408
2.19907
2.21303
2.23667
2.26903
2.30734
2.34746
2.38543
2.41903
2.44804
2.47272
2.49223
2.50437
2.50696
2.49971
2.48553
2.46978
2.4576
2.45067
2.4464
2.43948
2.42481
2.40028
2.3682
2.33451
2.30603
2.28763
2.28146
2.28775
2.30503
2.32957
2.35576
2.37769
2.39096
2.39392
2.38786
2.37624
2.36289
2.34994
2.33647
2.31917
2.29399
2.25846
2.21412
2.16801
2.13149
2.11503
2.12277
2.1518
2.19512
2.24405
2.29024
2.32776
2.35338
2.36521
2.36226
2.34573
2.31988
2.2906
2.26168
2.23342
2.20565
2.18109
2.16481
2.16115
2.17179
2.19562
2.22854
2.26372
2.29366
2.31295
2.31975
2.31575
2.30506
2.29275
2.28314
2.27829
2.27744
2.27754
2.275
2.268
2.258
2.25005
2.25087
2.2655
2.29421
2.3321
2.37127
2.40396
2.42504
2.4335
2.43269
2.42896
2.42886
2.43619
2.45079
2.46934
2.48727
2.50058
2.50674
2.50471
2.49464
2.47739
2.45433
2.42761
2.40015
2.37427
2.34999
2.32423
2.2934
2.2576
2.22308
2.2006
2.20068
2.2285
2.28143
2.35009
2.42239
2.48774
2.53898
2.57236
2.58649
2.58134
2.5578
2.51792
2.46576
2.40791
2.35252
2.30673
2.27444
2.25559
2.24708
2.24506
2.24812
2.25794
2.27665
2.30334
2.3335
2.36152
2.38382
2.40003
2.41172
2.42047
2.4275
2.4342
2.44194
2.45145
2.46265
2.47507
2.48845
2.50249
2.51651
2.52912
2.53865
2.5436
2.54308
2.53674
2.52435
2.50529
2.47796
2.43993
2.38946
2.32803
2.26168
2.19997
2.15374
2.13234
2.13991
2.17225
2.21761
2.26141
2.29194
2.30396
2.2996
2.28638
2.27219
2.26163
2.25645
2.25678
2.2606
2.26472
2.26674
2.2669
2.26863
2.2775
2.29742
2.32685
2.35933
2.38777
2.40837
2.42146
2.43026
2.4391
2.45149
2.46845
2.48786
2.50548
2.51705
2.51978
2.51265
2.49611
2.47207
2.44377
2.4151
2.38925
2.36751
2.34914
2.33216
2.31485
2.29731
2.28174
2.27129
2.26862
2.27463
2.28721
2.3017
2.31316
2.31908
2.32022
2.31925
2.31836
2.31749
2.31568
2.31426
2.31757
2.32937
2.34889
2.37184
2.39364
2.41026
2.4177
2.41307
2.39678
2.37307
2.34779
2.32518
2.30688
2.29296
2.28322
2.27775
2.27672
2.2799
2.28659
2.29584
2.30659
2.31764
2.32771
2.33604
2.34277
2.34851
2.3539
2.35948
2.36595
2.37472
2.38774
2.40525
2.42318
2.43469
2.4346
2.42235
2.40117
2.37552
2.3494
2.32642
2.30998
2.30315
2.30813
2.32455
2.34794
2.37156
2.39054
2.40366
2.41191
2.41694
2.42076
2.4256
2.43311
2.44366
2.45617
2.46879
2.47957
2.48691
2.48953
2.48652
2.47771
2.46408
2.44767
2.43042
2.41312
2.39642
2.38332
2.37854
2.38378
2.39521
2.40797
2.42088
2.43564
2.45254
2.4671
2.47143
2.45885
2.42881
2.38895
2.35226
2.32958
2.32265
2.32501
2.32901
2.33095
2.33105
2.33087
2.33093
2.33001
2.32588
2.31696
2.30369
2.28823
2.27223
2.25512
2.23589
2.21695
2.20421
2.20307
2.21469
2.23623
2.26328
2.2914
2.31644
2.33532
2.34707
2.35251
2.35321
2.35116
2.34933
2.35137
2.36004
2.37566
2.39594
2.41714
2.43519
2.44653
2.44885
2.44183
2.42761
2.41048
2.39564
2.38685
2.38416
2.38315
2.37699
2.36002
2.33038
2.2903
2.2445
2.19962
2.16734
2.16326
2.19114
2.23215
2.26185
2.26971
2.26125
2.25251
2.25959
2.28488
2.31508
2.33515
2.33959
2.33237
2.32112
2.31173
2.3063
2.30482
2.30812
2.31929
2.34263
2.38022
2.42759
2.47375
2.50676
2.51859
2.50618
2.47064
2.4167
2.35232
2.28738
2.23173
2.19307
2.17537
2.17731
2.19218
2.21024
2.22292
2.22594
2.2207
2.21351
2.21223
2.22091
2.23741
2.25634
2.27275
2.28292
2.28472
2.27974
2.27398
2.2738
2.2803
2.2888
2.29402
2.29384
2.28866
2.27903
2.26464
2.24572
2.2267
2.21778
2.2296
2.26373
2.30892
2.34875
2.37227
2.37818
2.37265
2.36462
2.36202
2.36934
2.38673
2.41028
2.43328
2.44844
2.45034
2.43764
2.4146
2.39032
2.3747
2.37275
2.38078
2.38881
2.38787
2.37554
2.3559
2.33467
2.31549
2.30031
2.2908
2.28798
2.29097
2.29771
2.30667
2.31778
2.33141
2.34685
2.36206
2.37454
2.38203
2.3825
2.37404
2.35515
2.3257
2.28789
2.24647
2.20824
2.18092
2.17115
2.18187
2.21068
2.25058
2.2925
2.32842
2.35418
2.37109
2.385
2.40201
2.42349
2.44394
2.45441
2.44863
2.42699
2.39623
2.36581
2.34314
2.33065
2.32619
2.32556
2.32542
2.32464
2.3239
2.32379
2.32314
2.31907
2.3095
2.2957
2.28192
2.27182
2.26588
2.26176
2.25629
2.24685
2.2323
2.21401
2.19607
2.18415
2.18331
2.19533
2.21778
2.24544
2.27338
2.29866
2.31953
2.33414
2.34134
2.34313
2.34528
2.3543
2.37329
2.39988
2.42782
2.45084
2.46566
2.47277
2.47454
2.47285
2.46814
2.46001
2.44776
2.43053
2.40704
2.37598
2.33684
2.2911
2.24331
2.20187
2.1776
2.1791
2.20687
2.25182
2.30061
2.34282
2.37446
2.39638
2.41095
2.42024
2.42607
2.42984
2.43173
2.43092
2.42691
2.4209
2.41587
2.4146
2.41783
2.42438
2.43257
2.4416
2.45152
2.46221
2.47302
2.48372
2.49512
2.50776
2.52015
2.52831
2.52749
2.5149
2.49135
2.46011
2.42366
2.38222
2.33468
2.28041
2.22144
2.16465
2.12061
2.09775
2.09708
2.11311
2.13873
2.16883
2.20029
2.23065
2.25788
2.28168
2.30366
2.32576
2.34862
2.37105
2.39019
2.40228
2.40403
2.39424
2.3755
2.35481
2.3421
2.34584
2.36795
2.40271
2.44063
2.47316
2.49538
2.50653
2.50925
2.50706
2.50243
2.49664
2.49116
2.48858
2.49079
2.49528
2.49349
2.47535
2.43744
2.38881
2.34694
2.32344
2.31575
2.31436
2.31113
2.301
2.28184
2.25521
2.22732
2.20777
2.20373
2.21453
2.23393
2.25566
2.27583
2.29513
2.32204
2.36646
2.42251
2.46842
2.48632
2.47177
2.43017
2.37285
2.31382
2.26418
2.2273
2.20031
2.17927
2.16226
2.14921
2.14085
2.13878
2.14614
2.1662
2.19856
2.23711
2.27317
2.30004
2.31521
2.31943
2.31477
2.30305
2.28556
2.26431
2.24398
2.23246
2.23727
2.26038
2.29662
2.33747
2.37573
2.40736
2.43095
2.44638
2.45409
2.45582
2.45526
2.45624
2.4602
2.46559
2.46928
2.46822
2.46031
2.44505
2.42398
2.40073
2.37992
2.36524
2.35822
2.35836
2.36359
2.37087
2.37674
2.37807
2.37258
2.35931
2.33838
2.31017
2.27545
2.23755
2.20493
2.18922
2.19646
2.22131
2.25279
2.28342
2.31207
2.34114
2.37235
2.40461
2.43427
2.45624
2.46472
2.45481
2.42614
2.38524
2.34271
2.30693
2.28167
2.26875
2.26971
2.28341
2.30285
2.31661
2.31537
2.29881
2.27659
2.2591
2.24627
2.23038
2.20877
2.18829
2.17961
2.18905
2.21537
2.25248
2.29423
2.33697
2.37904
2.41962
2.45862
2.49591
2.52968
2.5562
2.57138
2.57261
2.55964
2.53409
2.49858
2.45532
2.40533
2.35036
2.29684
2.25686
2.24184
2.25378
2.28339
2.31591
2.33846
2.34451
2.33497
2.31607
2.29518
2.27742
2.26505
2.25851
2.25752
2.26187
2.27296
2.29412
2.32643
2.36423
2.39858
2.42493
2.44592
2.46792
2.49592
2.53048
2.56751
2.60013
2.62123
2.62575
2.61175
2.58039
2.53537
2.48255
2.43
2.38709
2.36197
2.35747
2.36819
2.38243
2.38793
2.37826
2.35678
2.3343
2.31931
2.31003
2.29999
2.28771
2.27761
2.27529
2.28401
2.304
2.3329
2.36642
2.39926
2.42651
2.44481
2.45274
2.45073
2.44085
2.42638
2.4109
2.39703
2.38609
2.3792
2.37836
2.38478
2.39633
2.40798
2.41463
2.41319
2.40324
2.38664
2.36627
2.34523
2.3265
2.3129
2.30671
2.3089
2.31844
2.3319
2.34458
2.35334
2.35963
2.3697
2.39041
2.42208
2.45558
2.47913
2.48696
2.48032
2.46365
2.44171
2.41812
2.39413
2.36798
2.33638
2.29782
2.25537
2.21709
2.19324
2.19203
2.2161
2.26118
2.31749
2.37343
2.41985
2.45169
2.46745
2.46866
2.45998
2.44833
2.43915
2.4332
2.42794
2.42184
2.41609
2.41284
2.4123
2.41335
2.41684
2.85582
2.8575
2.84707
2.81847
2.77344
2.72009
2.66659
2.61589
2.56691
2.52077
2.48483
2.46989
2.48251
2.51929
2.56805
2.61433
2.64733
2.66228
2.6604
2.64746
2.63134
2.61849
2.61118
2.60652
2.5978
2.57768
2.54196
2.49264
2.43819
2.39078
2.36203
2.35979
2.38687
2.43974
2.50816
2.57755
2.63342
2.66553
2.67074
2.65372
2.62457
2.59371
2.56823
2.55197
2.5476
2.55766
2.58338
2.622
2.66554
2.70321
2.72559
2.72853
2.71472
2.69264
2.67161
2.6569
2.64981
2.65098
2.66094
2.67813
2.6976
2.71188
2.71422
2.70285
2.68304
2.66505
2.65822
2.66524
2.68128
2.69752
2.70579
2.70209
2.68763
2.66691
2.64325
2.6156
2.57978
2.53378
2.48313
2.4406
2.41851
2.422
2.45063
2.50055
2.56241
2.62154
2.66419
2.68423
2.68456
2.6732
2.65777
2.642
2.62472
2.60219
2.57353
2.54456
2.52548
2.52416
2.54141
2.57191
2.60877
2.64642
2.68029
2.70629
2.72153
2.72579
2.72159
2.71316
2.7044
2.69742
2.69214
2.68733
2.68222
2.67775
2.67697
2.68383
2.70079
2.72701
2.75807
2.78748
2.80928
2.82057
2.82264
2.8196
2.81499
2.80916
2.79996
2.78615
2.76903
2.75067
2.73109
2.70824
2.68099
2.65134
2.62464
2.60724
2.60369
2.61452
2.63639
2.66447
2.69503
2.72528
2.75194
2.77073
2.77846
2.77521
2.7654
2.75609
2.75252
2.75432
2.75682
2.75535
2.74723
2.73141
2.70817
2.67871
2.64441
2.60689
2.56819
2.53008
2.49338
2.45921
2.43154
2.41786
2.42515
2.45374
2.49562
2.5391
2.57498
2.5998
2.61542
2.6257
2.63266
2.63478
2.62853
2.61144
2.58451
2.55251
2.52193
2.49858
2.48628
2.48624
2.496
2.50876
2.51592
2.51279
2.50269
2.49457
2.49596
2.5085
2.52916
2.55284
2.57465
2.59167
2.60269
2.60699
2.60486
2.59921
2.59493
2.59711
2.60987
2.63431
2.66579
2.69608
2.71919
2.73363
2.74044
2.74127
2.73836
2.73448
2.73202
2.73213
2.73461
2.73739
2.73567
2.72324
2.69595
2.65493
2.60683
2.56029
2.52114
2.49022
2.46545
2.44656
2.4388
2.45106
2.48665
2.53747
2.59034
2.63584
2.67008
2.69208
2.70082
2.69358
2.66663
2.61927
2.56161
2.51943
2.51975
2.56326
2.62395
2.67398
2.69713
2.68932
2.65611
2.60961
2.56557
2.53837
2.5329
2.54112
2.54937
2.5487
2.53943
2.5289
2.52583
2.53527
2.55691
2.58547
2.61241
2.62884
2.62909
2.61371
2.59013
2.5695
2.56071
2.56684
2.58699
2.6189
2.6583
2.69768
2.7276
2.73997
2.73099
2.70217
2.65939
2.61051
2.56358
2.52634
2.50599
2.50659
2.5256
2.55506
2.58613
2.61174
2.62668
2.62691
2.60996
2.57707
2.53565
2.49953
2.48518
2.50294
2.54914
2.60839
2.66448
2.70859
2.73946
2.75974
2.77259
2.78019
2.78377
2.78419
2.78202
2.77725
2.76962
2.75974
2.74969
2.74221
2.73893
2.73918
2.73998
2.7369
2.72559
2.70402
2.67507
2.64719
2.63082
2.6315
2.64625
2.6669
2.68538
2.69573
2.69522
2.68543
2.67103
2.65621
2.64249
2.63006
2.62135
2.62153
2.63387
2.65632
2.68384
2.71069
2.72976
2.73431
2.72389
2.70916
2.70553
2.71722
2.73461
2.7478
2.75401
2.75407
2.74701
2.72851
2.6932
2.6386
2.56886
2.49723
2.44387
2.42478
2.43809
2.46676
2.49482
2.51543
2.52846
2.53714
2.54558
2.55678
2.57117
2.58635
2.59842
2.6047
2.60581
2.6051
2.60543
2.60681
2.6068
2.6032
2.59604
2.58766
2.58153
2.58064
2.58631
2.59799
2.61394
2.63171
2.6482
2.66025
2.66629
2.66784
2.66995
2.67874
2.69797
2.72624
2.75756
2.78433
2.80073
2.80412
2.79467
2.77428
2.7458
2.71306
2.68101
2.65486
2.6382
2.63156
2.63321
2.64039
2.65027
2.66063
2.67035
2.67934
2.68866
2.70031
2.71583
2.73437
2.75268
2.76719
2.77686
2.78433
2.79415
2.80917
2.82826
2.84655
2.85783
2.85688
2.84108
2.81145
2.77339
2.73608
2.70985
2.70238
2.71539
2.74391
2.77901
2.81168
2.83512
2.84485
2.83826
2.81459
2.77485
2.7212
2.65656
2.58532
2.51313
2.44531
2.38572
2.3374
2.30312
2.28529
2.28621
2.30734
2.34819
2.4075
2.48279
2.56635
2.64468
2.70397
2.73449
2.73164
2.69715
2.64135
2.58267
2.54095
2.52764
2.54152
2.57341
2.61381
2.65637
2.69673
2.73188
2.76097
2.78408
2.7994
2.80291
2.79125
2.76478
2.72876
2.69169
2.66249
2.64724
2.64729
2.65943
2.67852
2.7003
2.7219
2.74079
2.7543
2.76053
2.75921
2.75149
2.73846
2.72006
2.69583
2.66708
2.63722
2.60926
2.58405
2.56251
2.5489
2.54976
2.56797
2.59852
2.63192
2.66064
2.68158
2.69441
2.69937
2.69672
2.68774
2.67665
2.6699
2.67166
2.68016
2.68949
2.69374
2.68993
2.68068
2.67549
2.68583
2.71383
2.74645
2.76506
2.75974
2.73364
2.69811
2.66743
2.65535
2.66999
2.70642
2.74711
2.77355
2.77598
2.75359
2.71178
2.66063
2.61135
2.57094
2.54234
2.52828
2.53169
2.55177
2.58101
2.60879
2.62796
2.63766
2.64011
2.63541
2.62155
2.60166
2.58744
2.58773
2.59799
2.60923
2.61893
2.62875
2.63823
2.64426
2.64489
2.6409
2.63381
2.62433
2.6135
2.60384
2.59862
2.6006
2.61057
2.62606
2.64177
2.65201
2.65308
2.6448
2.63043
2.61547
2.60533
2.60204
2.60176
2.59678
2.58213
2.56038
2.54034
2.53175
2.5399
2.56333
2.5955
2.6292
2.65969
2.68525
2.70579
2.7216
2.73209
2.73444
2.72416
2.69815
2.65897
2.61664
2.58541
2.57585
2.58868
2.61589
2.64634
2.66904
2.67467
2.65811
2.62156
2.5754
2.53442
2.51039
2.50582
2.51343
2.52201
2.52525
2.52683
2.53633
2.55816
2.58595
2.60948
2.6241
2.63179
2.63626
2.64069
2.64936
2.66622
2.69056
2.71788
2.74482
2.77029
2.7932
2.8115
2.82338
2.82873
2.82951
2.8286
2.82732
2.82383
2.81465
2.79773
2.77319
2.74198
2.70456
2.66143
2.61451
2.56806
2.52804
2.49988
2.48567
2.48252
2.48346
2.48046
2.46794
2.44503
2.41614
2.38956
2.37434
2.37715
2.40098
2.44515
2.50591
2.57692
2.64929
2.71218
2.75517
2.77141
2.75982
2.72598
2.68148
2.64019
2.61157
2.59654
2.58997
2.58657
2.58428
2.58344
2.58432
2.587
2.59321
2.60583
2.62506
2.64665
2.66604
2.68233
2.69799
2.7161
2.73805
2.76287
2.78767
2.80884
2.82389
2.83222
2.83457
2.83204
2.82637
2.8209
2.81978
2.82565
2.83752
2.8502
2.85609
2.8486
2.82576
2.792
2.75618
2.72592
2.7028
2.68384
2.66543
2.64491
2.62053
2.59211
2.5614
2.5312
2.50476
2.48595
2.47783
2.47966
2.48636
2.49241
2.49703
2.50667
2.53164
2.57798
2.64003
2.70242
2.74997
2.7754
2.77999
2.77023
2.75314
2.73246
2.70762
2.67613
2.6385
2.60171
2.5765
2.56768
2.56888
2.56933
2.56242
2.54748
2.52703
2.50408
2.48101
2.46048
2.44721
2.44794
2.46758
2.50542
2.55626
2.61383
2.67133
2.72103
2.75554
2.77047
2.76613
2.74682
2.71915
2.69035
2.66763
2.65728
2.66327
2.68619
2.72391
2.77293
2.82845
2.88303
2.92724
2.95291
2.95633
2.93886
2.90539
2.86268
2.818
2.77819
2.74877
2.73247
2.72742
2.72642
2.71838
2.69326
2.6505
2.60437
2.57435
2.56592
2.56995
2.57776
2.58528
2.58815
2.58068
2.5598
2.52953
2.50137
2.48915
2.50062
2.53226
2.57175
2.60484
2.62106
2.61678
2.59678
2.57428
2.56829
2.59518
2.65666
2.73686
2.8141
2.8735
2.90902
2.9189
2.90193
2.85716
2.78646
2.69789
2.60999
2.55141
2.54446
2.58508
2.64875
2.71211
2.76288
2.79797
2.81883
2.82825
2.82922
2.82459
2.81688
2.80755
2.7964
2.78165
2.76073
2.73185
2.69567
2.65664
2.62243
2.60057
2.59417
2.60106
2.61728
2.63994
2.66696
2.69543
2.72078
2.73794
2.74328
2.73638
2.72106
2.70456
2.69446
2.69468
2.70371
2.71641
2.72757
2.73421
2.7361
2.73498
2.73325
2.73267
2.73363
2.73574
2.73872
2.74307
2.75016
2.76151
2.77786
2.79793
2.81801
2.83316
2.83977
2.83797
2.83123
2.82305
2.81324
2.7982
2.77501
2.74504
2.71412
2.6895
2.67567
2.67106
2.66747
2.65371
2.62173
2.57311
2.52409
2.50002
2.51272
2.54695
2.57773
2.59161
2.59123
2.58874
2.59582
2.61626
2.64553
2.67588
2.70115
2.71859
2.72793
2.73019
2.72733
2.72213
2.71725
2.71354
2.71014
2.70656
2.70375
2.70231
2.70058
2.696
2.68888
2.68399
2.68588
2.69151
2.69121
2.67806
2.65489
2.6333
2.62606
2.63823
2.66544
2.69929
2.7315
2.75546
2.76749
2.76796
2.76071
2.7505
2.74075
2.73244
2.72463
2.71598
2.70628
2.69679
2.68981
2.68764
2.69162
2.70158
2.71563
2.73105
2.74591
2.75989
2.77362
2.78716
2.79941
2.80861
2.81309
2.81171
2.80427
2.7923
2.77913
2.76862
2.76288
2.76045
2.75691
2.74722
2.72824
2.69956
2.66277
2.62109
2.57985
2.54602
2.52647
2.5263
2.54872
2.59346
2.6537
2.71691
2.77071
2.80732
2.82447
2.82393
2.8096
2.7858
2.75732
2.72993
2.70935
2.69855
2.69594
2.69576
2.69002
2.67128
2.63625
2.5892
2.54244
2.51048
2.49977
2.505
2.51589
2.52519
2.53147
2.53881
2.555
2.5868
2.63351
2.68538
2.73042
2.7618
2.77913
2.78553
2.78394
2.77528
2.75869
2.73258
2.69586
2.64912
2.59579
2.54295
2.50041
2.47748
2.85114
2.8678
2.8936
2.92107
2.94481
2.96261
2.97538
2.98602
2.99611
3.0027
3.00006
2.9861
2.96627
2.94974
2.94185
2.94212
2.94744
2.95451
2.96077
2.96537
2.96964
2.97495
2.97904
2.97659
2.96462
2.94478
2.92095
2.89651
2.87342
2.85395
2.84335
2.85032
2.88285
2.94058
3.01166
3.0792
3.12977
3.1566
3.15791
3.13475
3.08987
3.02813
2.958
2.89233
2.84545
2.82578
2.8297
2.84523
2.8625
2.87857
2.89403
2.90829
2.91835
2.92015
2.90963
2.88465
2.8501
2.82204
2.81825
2.83815
2.86181
2.86998
2.8559
2.82326
2.78073
2.73956
2.71208
2.70678
2.72137
2.74337
2.76013
2.76795
2.77207
2.77968
2.79362
2.81188
2.8308
2.84738
2.85938
2.8646
2.86059
2.8457
2.82089
2.7916
2.76764
2.75936
2.77131
2.79918
2.83355
2.8657
2.89081
2.90852
2.9221
2.93551
2.95051
2.96629
2.98115
2.99419
3.00648
3.02122
3.0407
3.06108
3.07212
3.06433
3.03572
2.99279
2.94626
2.90589
2.87887
2.87043
2.88166
2.90625
2.93245
2.95033
2.95719
2.95724
2.95729
2.96292
2.97591
2.99233
3.00241
2.993
2.95302
2.88142
2.79329
2.71546
2.66901
2.65699
2.67071
2.69942
2.73278
2.76225
2.78406
2.80008
2.81452
2.82909
2.84026
2.84145
2.82761
2.79835
2.75842
2.7182
2.693
2.6973
2.73381
2.78951
2.846
2.89099
2.91912
2.92775
2.91554
2.88425
2.83982
2.79035
2.74287
2.70231
2.6722
2.65463
2.64906
2.65308
2.66556
2.68756
2.71935
2.75821
2.80027
2.84313
2.88508
2.92263
2.94975
2.95985
2.94975
2.92423
2.89748
2.88711
2.90313
2.94182
2.99048
3.03654
3.07251
3.09521
3.10294
3.09503
3.07382
3.04588
3.01939
2.99959
2.98697
2.97971
2.97592
2.97307
2.96685
2.95359
2.93483
2.91716
2.90573
2.89963
2.89406
2.88462
2.8703
2.8554
2.84883
2.85848
2.88481
2.92152
2.9609
2.99573
3.01793
3.01865
2.9917
2.93857
2.87166
2.81171
2.77881
2.78109
2.80991
2.8456
2.86976
2.87525
2.86931
2.86766
2.88122
2.90702
2.93432
2.95616
2.97272
2.98682
2.99896
3.00604
3.0034
2.98745
2.9571
2.91372
2.8604
2.80186
2.74681
2.71044
2.70768
2.73966
2.7947
2.86089
2.93027
2.99641
3.05346
3.09681
3.12294
3.1291
3.11446
3.0813
3.03447
2.97864
2.91622
2.84941
2.78582
2.74163
2.7346
2.76902
2.82979
2.89346
2.9413
2.96317
2.95601
2.92214
2.8684
2.80521
2.74485
2.69899
2.67515
2.67416
2.69089
2.71769
2.74711
2.77311
2.79242
2.80552
2.81537
2.82394
2.8299
2.83018
2.82391
2.81463
2.80861
2.81055
2.82096
2.83702
2.85537
2.87342
2.88938
2.90253
2.91391
2.92588
2.94063
2.95818
2.97585
2.98993
2.99954
3.00886
3.0238
3.04497
3.06669
3.08321
3.09294
3.09744
3.09834
3.09496
3.08392
3.06053
3.02162
2.96745
2.90289
2.83824
2.78786
2.76399
2.76847
2.78949
2.81048
2.82351
2.83171
2.84227
2.86044
2.88836
2.9249
2.96664
3.01039
3.05544
3.1012
3.14295
3.17245
3.18271
3.17084
3.13796
3.08872
3.03121
2.97593
2.93328
2.91043
2.90852
2.92169
2.93942
2.95143
2.95181
2.93998
2.91831
2.8884
2.84976
2.80285
2.75418
2.71771
2.70807
2.72909
2.77018
2.81515
2.85177
2.87398
2.88098
2.8783
2.87632
2.8829
2.89768
2.91411
2.92481
2.92504
2.91432
2.89545
2.87188
2.84697
2.82519
2.81227
2.81289
2.8287
2.85785
2.89501
2.9325
2.96294
2.98141
2.98624
2.97849
2.96104
2.93802
2.9138
2.89124
2.87041
2.84942
2.82805
2.81066
2.80327
2.80649
2.81494
2.82328
2.8305
2.83913
2.85254
2.87236
2.89682
2.92079
2.93825
2.94503
2.93933
2.92072
2.89126
2.85756
2.83002
2.81845
2.82713
2.85333
2.89001
2.92978
2.9679
3.00348
3.03866
3.07579
3.11495
3.15322
3.18556
3.20596
3.20945
3.19509
3.1689
3.14369
3.13254
3.14053
3.16312
3.19168
3.21833
3.23754
3.24606
3.24221
3.22509
3.19454
3.15193
3.10138
3.04954
3.00392
2.97077
2.95313
2.94966
2.95564
2.96527
2.97344
2.97576
2.96896
2.95271
2.93138
2.91305
2.90497
2.90923
2.92202
2.93641
2.94516
2.94424
2.93704
2.93361
2.94039
2.95363
2.96619
2.97451
2.97792
2.97561
2.9659
2.94792
2.92316
2.89504
2.86757
2.8443
2.82716
2.81544
2.8059
2.7948
2.78096
2.76753
2.76065
2.76561
2.78401
2.81342
2.84923
2.88677
2.9222
2.95281
2.97649
2.99058
2.99199
2.97961
2.95727
2.93342
2.91739
2.9143
2.92216
2.93347
2.93968
2.93501
2.91729
2.88737
2.84907
2.81017
2.78183
2.77421
2.79042
2.8243
2.86467
2.90242
2.93364
2.95745
2.9733
2.98167
2.98493
2.98553
2.98335
2.97537
2.95829
2.93147
2.8979
2.8626
2.8301
2.80255
2.78027
2.76575
2.76596
2.78413
2.81127
2.83505
2.85179
2.86562
2.88273
2.90909
2.94884
3.00036
3.05347
3.09356
3.10864
3.09303
3.04827
2.98503
2.92355
2.88581
2.87967
2.8939
2.91208
2.92602
2.93706
2.9509
2.97139
2.99861
3.03135
3.06929
3.10963
3.14452
3.16656
3.17695
3.18573
3.20202
3.22435
3.24123
3.2413
3.22189
3.18861
3.14942
3.10986
3.07239
3.03781
3.00644
2.97857
2.95354
2.92877
2.90165
2.87304
2.84666
2.82475
2.80571
2.78657
2.77021
2.77166
2.80841
2.87609
2.94853
3.00497
3.04371
3.07317
3.09828
3.11666
3.12396
3.1188
3.10298
3.07878
3.04632
3.00633
2.9666
2.94091
2.936
2.94414
2.95302
2.95678
2.95869
2.96825
2.99257
3.02604
3.05266
3.06063
3.0493
3.02259
2.98132
2.92397
2.85305
2.77901
2.71776
2.6842
2.68572
2.71896
2.77138
2.8273
2.87516
2.91028
2.93141
2.93589
2.91932
2.87933
2.81891
2.74893
2.69125
2.67201
2.6989
2.75233
2.80761
2.85117
2.87741
2.88357
2.87056
2.84542
2.82052
2.80886
2.81828
2.84865
2.89272
2.93856
2.97309
2.98618
2.9743
2.94185
2.89852
2.85421
2.81594
2.78842
2.77479
2.77541
2.7879
2.81015
2.84297
2.88711
2.93811
2.98632
3.02192
3.03938
3.03827
3.02162
2.9935
2.95797
2.9203
2.88847
2.8715
2.87456
2.89539
2.92552
2.95572
2.98111
3.00154
3.01755
3.02708
3.02587
3.01031
2.97957
2.93662
2.88767
2.83945
2.79638
2.76125
2.73716
2.72615
2.72572
2.72963
2.73357
2.73869
2.75023
2.77288
2.80585
2.84364
2.8813
2.91547
2.94152
2.95239
2.94142
2.90951
2.87164
2.84861
2.84569
2.85
2.84832
2.83675
2.82024
2.80817
2.80625
2.81246
2.82179
2.83255
2.84671
2.86504
2.88459
2.90146
2.91344
2.92032
2.92347
2.92496
2.92508
2.92051
2.9055
2.87576
2.83319
2.78767
2.75343
2.7413
2.7539
2.78652
2.829
2.86836
2.89432
2.9043
2.90392
2.90324
2.91123
2.93015
2.95455
2.9763
2.99031
2.99652
2.99866
3.00135
3.00677
3.01317
3.01593
3.00972
2.99105
2.96089
2.92629
2.89774
2.88329
2.88479
2.89921
2.92025
2.93986
2.95076
2.94926
2.93719
2.92177
2.91303
2.91907
2.94175
2.97602
3.01235
3.04082
3.05507
3.05404
3.04092
3.02001
2.99382
2.96244
2.92489
2.8821
2.83819
2.79844
2.76708
2.74911
2.75113
2.77432
2.8099
2.8459
2.8746
2.8932
2.90207
2.90365
2.902
2.9025
2.91076
2.93128
2.96573
3.01191
3.06385
3.11306
3.1505
3.16919
3.16683
3.14778
3.12148
3.09713
3.07865
3.06443
3.05202
3.04243
3.0385
3.0412
3.05137
3.07127
3.09957
3.12695
3.14153
3.13688
3.1149
3.08414
3.05579
3.03803
3.03135
3.02923
3.0236
3.01007
2.99056
2.97343
2.96958
2.98341
3.00841
3.03415
3.05431
3.06712
3.0721
3.06879
3.05734
3.03997
3.0213
3.00646
2.998
2.99371
2.98796
2.97528
2.9536
2.92527
2.8953
2.86757
2.84202
2.81698
2.79455
2.78136
2.7813
2.7903
2.80001
2.80444
2.8024
2.79555
2.78584
2.77458
2.76316
2.75419
2.75295
2.76685
2.80098
2.85272
2.91139
2.96424
3.00294
3.02563
3.0353
3.03714
3.03693
3.04064
3.05283
3.07236
3.09068
3.09697
3.08484
3.05442
3.01129
2.96472
2.92589
2.90432
2.90304
2.91668
2.93512
2.94963
2.9571
2.96008
2.96385
2.97217
2.98457
2.99689
3.00415
3.00318
2.99439
2.98248
2.97508
2.97859
2.99432
3.01947
3.05027
3.08242
3.11064
3.13054
3.1404
3.14009
3.12881
3.10509
3.06926
3.02675
2.98739
2.95915
2.94323
2.93708
2.93933
2.95054
2.97076
2.99676
3.02048
3.03194
3.02487
3.00051
2.96727
2.93712
2.92039
2.92167
2.93828
2.96125
2.97832
2.9787
2.95938
2.92962
2.90719
2.90442
2.91774
2.93494
2.94887
2.96131
2.97699
2.99651
3.01517
3.02548
3.01964
2.99186
2.94216
2.88144
2.83291
2.81839
2.83776
2.87271
2.90776
2.93775
2.9616
2.97712
2.98016
2.96627
2.93474
2.89197
2.85036
2.8226
2.81574
2.82927
2.85589
2.8841
2.90242
2.90336
2.88577
2.85535
2.82207
2.79491
2.77704
2.76546
2.75521
2.74452
2.73682
2.73877
2.75478
2.78329
2.81858
2.85548
2.89188
2.92818
2.96507
3.00182
3.03589
3.06431
3.0861
3.10315
3.11943
3.13917
3.16504
3.19624
3.22771
3.25143
3.25948
3.24633
3.21025
3.15368
3.0834
3.01013
2.94659
2.90416
2.88834
2.89564
2.91508
2.93335
2.94033
2.93146
2.90654
2.86762
2.81818
2.76365
2.71104
2.66693
2.81812
2.79251
2.77402
2.76419
2.76847
2.7927
2.83778
2.89899
2.96789
3.03289
3.08205
3.11119
3.12896
3.1481
3.16867
3.17637
3.15746
3.11183
3.05502
3.00757
2.97959
2.96812
2.96529
2.96519
2.96598
2.96888
2.97548
2.98551
2.99662
3.00646
3.01398
3.01805
3.01536
3.00044
2.96889
2.92172
2.86781
2.8208
2.79181
2.78551
2.80327
2.84656
2.91512
3.00302
3.09794
3.1847
3.24977
3.28395
3.28307
3.24863
3.18871
3.11688
3.04804
2.99268
2.95428
2.93104
2.91859
2.91213
2.90877
2.91055
2.9254
2.96103
3.01351
3.06586
3.10124
3.11304
3.10354
3.07772
3.04013
2.99603
2.95404
2.92509
2.91665
2.92768
2.94935
2.97084
2.9857
2.99372
2.99835
3.00347
3.01169
3.02432
3.04126
3.06041
3.07755
3.0882
3.09078
3.08696
3.07869
3.06758
3.05916
3.06363
3.08809
3.12889
3.17275
3.20521
3.21789
3.21125
3.19368
3.17835
3.1772
3.19343
3.21958
3.2442
3.25951
3.26315
3.25485
3.23386
3.20003
3.15645
3.11042
3.07251
3.05295
3.05588
3.07749
3.10983
3.14501
3.17653
3.19979
3.21269
3.21672
3.21721
3.22091
3.23152
3.24731
3.26309
3.2748
3.28195
3.28584
3.28513
3.27536
3.25263
3.21645
3.16976
3.11873
3.07392
3.04938
3.05441
3.08423
3.12358
3.15857
3.18282
3.19526
3.19647
3.18682
3.16652
3.13601
3.09644
3.05077
3.00469
2.96423
2.93164
2.90678
2.89333
2.8985
2.92408
2.96111
2.99601
3.01996
3.03125
3.03219
3.02564
3.0139
2.99912
2.98395
2.97012
2.95616
2.938
2.91327
2.88433
2.8571
2.83724
2.82677
2.82382
2.82587
2.8329
2.84611
2.86531
2.88944
2.91763
2.94801
2.97666
2.99927
3.0141
3.02375
3.03383
3.05006
3.07544
3.1086
3.14376
3.17324
3.19193
3.20017
3.20231
3.202
3.20012
3.19682
3.19327
3.19229
3.19765
3.2095
3.22023
3.21867
3.19812
3.15978
3.11119
3.06344
3.02745
3.00924
3.00477
3.00073
2.98453
2.95707
2.93704
2.94829
2.99552
3.05556
3.0979
3.10688
3.08582
3.04985
3.01788
3.00665
3.02681
3.07973
3.1571
3.24439
3.32626
3.39071
3.4304
3.44204
3.42487
3.3799
3.31041
3.22315
3.129
3.04146
2.97282
2.93093
2.9176
2.92712
2.94656
2.96092
2.95995
2.94172
2.91355
2.88942
2.88239
2.8962
2.92509
2.96081
2.99806
3.03559
3.07412
3.11307
3.14834
3.17362
3.18331
3.17503
3.15052
3.11507
3.0751
3.03554
2.99974
2.97278
2.96111
2.96403
2.96961
2.9657
2.95316
2.94394
2.94601
2.95551
2.96522
2.97523
2.99321
3.0195
3.0358
3.02125
2.97316
2.9094
2.8577
2.83932
2.85562
2.8905
2.92578
2.9523
2.97015
2.98364
2.99651
3.00984
3.02293
3.03508
3.04716
3.06175
3.08154
3.10725
3.13639
3.16394
3.18443
3.19391
3.19072
3.17492
3.14744
3.11117
3.07399
3.04748
3.03788
3.03918
3.03879
3.02776
3.00516
2.97952
2.96512
2.96842
2.98036
2.98714
2.98243
2.96961
2.9589
2.96271
2.99075
3.04752
3.12784
3.21291
3.28166
3.32579
3.34852
3.35543
3.35027
3.33566
3.31454
3.29034
3.26559
3.23987
3.20975
3.17121
3.12282
3.06786
3.01688
2.98725
2.99123
3.02127
3.05508
3.07391
3.07239
3.05631
3.03625
3.0218
3.01783
3.02326
3.03247
3.03914
3.04105
3.04353
3.05708
3.08728
3.12695
3.16231
3.18496
3.19519
3.19726
3.19515
3.19222
3.19041
3.18837
3.18259
3.17197
3.16042
3.15387
3.15465
3.15915
3.15967
3.14843
3.12166
3.08075
3.03124
2.9835
2.95138
2.9441
2.96025
2.99084
3.02577
3.05677
3.07752
3.08365
3.07426
3.05372
3.02885
3.00268
2.97444
2.94855
2.94065
2.96577
3.02077
3.08516
3.13475
3.15131
3.12678
3.06466
2.97862
2.88899
2.81642
2.77391
2.76251
2.77415
2.79784
2.82423
2.84871
2.87173
2.89715
2.92932
2.9697
3.01458
3.05627
3.08769
3.10632
3.11418
3.11514
3.11203
3.10514
3.0927
3.0735
3.05017
3.03034
3.02386
3.03653
3.06533
3.10003
3.12928
3.14631
3.15084
3.14679
3.13795
3.12533
3.10934
3.09354
3.08424
3.08533
3.09544
3.1104
3.12785
3.15062
3.18641
3.24122
3.30946
3.3729
3.41305
3.42073
3.39532
3.34088
3.26386
3.17244
3.07811
2.99793
2.94914
2.93764
2.95329
2.97553
2.98471
2.97333
2.95025
2.93247
2.9313
2.9476
2.97536
3.00632
3.03361
3.05336
3.06426
3.06675
3.06375
3.06212
3.07054
3.09174
3.11681
3.13111
3.12507
3.09806
3.05473
3.0013
2.94772
2.90831
2.88914
2.87876
2.86539
2.85666
2.87028
2.90766
2.95203
2.98649
2.99982
2.9856
2.94802
2.90837
2.89232
2.90409
2.9295
2.95787
2.98635
3.01293
3.03342
3.04242
3.0365
3.01861
2.99983
2.9917
2.99557
3.00525
3.01862
3.04024
3.07403
3.11721
3.16101
3.19567
3.21507
3.21908
3.21322
3.20564
3.20207
3.20186
3.19834
3.1828
3.14862
3.0938
3.02169
2.94128
2.86753
2.81848
2.80458
2.81997
2.8498
2.88246
2.9122
2.93691
2.95758
2.97725
2.99821
3.01966
3.03862
3.0524
3.05944
3.05835
3.04735
3.02541
2.99472
2.96316
2.9427
2.94275
2.96357
2.99706
3.03275
3.0609
3.07243
3.06008
3.02387
2.97995
2.95976
2.98358
3.03836
3.09881
3.15142
3.19268
3.22142
3.23741
3.24235
3.23872
3.22709
3.20558
3.17445
3.14095
3.11549
3.10284
3.0998
3.09886
3.09179
3.0727
3.04164
3.00508
2.97263
2.95295
2.94939
2.95628
2.96324
2.96412
2.95931
2.95155
2.94363
2.94034
2.9484
2.96892
2.99238
3.00644
3.00725
3.00222
3.00433
3.02321
3.05904
3.10365
3.14627
3.17802
3.19342
3.19047
3.17087
3.14104
3.11147
3.09354
3.09423
3.11261
3.14106
3.16969
3.1914
3.20412
3.20968
3.2102
3.20541
3.19281
3.17003
3.13826
3.10444
3.0798
3.07351
3.08577
3.1084
3.13227
3.15341
3.17277
3.19193
3.20971
3.22194
3.22351
3.21024
3.1792
3.12914
3.06403
2.99671
2.94556
2.92219
2.92323
2.93632
2.95228
2.96951
2.98985
3.0131
3.03478
3.04753
3.04535
3.0278
2.99959
2.96749
2.93852
2.921
2.92437
2.95525
3.01208
3.08412
3.15607
3.21477
3.25397
3.27574
3.28874
3.30372
3.32498
3.34299
3.33858
3.29647
3.2154
3.11067
3.00914
2.93533
2.89686
2.88419
2.8823
2.88015
2.87252
2.85801
2.83836
2.8182
2.80314
2.79666
2.79914
2.81032
2.83221
2.86887
2.92196
2.98646
3.0516
3.10523
3.13681
3.139
3.10953
3.05435
2.99035
2.94165
2.92584
2.94331
2.98285
3.03275
3.08392
3.12865
3.16113
3.17947
3.18609
3.18661
3.18739
3.19042
3.18998
3.17622
3.14196
3.08654
3.01782
2.95283
2.91212
2.90636
2.92797
2.95792
2.9784
2.98066
2.9694
2.9637
2.98557
3.04255
3.12665
3.22142
3.30577
3.35903
3.36669
3.3233
3.23461
3.1208
3.01593
2.95131
2.93096
2.93366
2.93705
2.93095
2.91659
2.90101
2.89179
2.89517
2.91498
2.94766
2.98011
2.99791
2.99488
2.97485
2.94739
2.92189
2.90406
2.89674
2.90169
2.91779
2.93855
2.95396
2.95503
2.93698
2.90074
2.85357
2.80781
2.77713
2.77232
2.79933
2.85808
2.94118
3.03545
3.12702
3.20547
3.26452
3.30117
3.31541
3.31005
3.28927
3.25819
3.22363
3.19313
3.17102
3.15674
3.14775
3.14273
3.14022
3.13675
3.12867
3.11566
3.10129
3.09016
3.08419
3.0813
3.07723
3.06835
3.05325
3.03195
3.00538
2.97652
2.95109
2.9354
2.93318
2.94513
2.9712
3.01159
3.06426
3.12343
3.1818
3.23384
3.27659
3.30896
3.33034
3.33945
3.33345
3.3095
3.26893
3.22118
3.18179
3.16306
3.16475
3.17584
3.18371
3.18085
3.16607
3.14253
3.11549
3.09153
3.07804
3.08104
3.10213
3.1367
3.17547
3.20756
3.22329
3.21629
3.18525
3.13484
3.07438
3.01389
2.95968
2.91326
2.87355
2.8398
2.81316
2.79671
2.79422
2.80784
2.83592
2.87202
2.90607
2.92779
2.93121
2.91853
2.90074
2.89139
2.89548
2.90597
2.91219
2.90795
2.89368
2.87436
2.85585
2.84135
2.83141
2.82721
2.83164
2.84538
2.86473
2.88591
2.90858
2.93452
2.96576
3.00291
3.04333
3.08137
3.11159
3.13231
3.14601
3.15641
3.16525
3.17185
3.17551
3.178
3.18249
3.18967
3.19652
3.20007
3.19972
3.19517
3.1843
3.1643
3.13366
3.09248
3.04064
2.97595
2.89564
2.8013
2.7046
2.62827
2.5975
2.62088
2.67961
2.74386
2.79498
2.82956
2.85174
2.86633
2.87716
2.88739
2.89682
2.8982
2.87912
2.83072
2.75711
2.67911
2.62632
2.61591
2.63889
2.6746
2.71299
2.75577
2.80471
2.85719
2.90951
2.95942
3.0054
3.04522
3.07659
3.09823
3.10908
3.10749
3.09198
3.06261
3.02166
2.97368
2.92447
2.87868
2.83886
2.81113
2.81088
2.85095
2.92079
2.99056
3.0346
3.04414
3.02531
2.99256
2.96228
2.94616
2.94726
2.96257
2.98795
3.01858
3.04696
3.06563
3.07392
3.07827
3.08271
3.08348
3.07563
3.06084
3.04722
3.04368
3.05426
3.076
3.10067
3.11943
3.12921
3.13503
3.13973
3.13329
3.10143
3.03989
2.95661
2.8681
2.7947
2.75252
2.7469
2.77245
2.81835
2.87445
2.93478
2.99669
3.05746
3.11172
3.15232
3.17314
3.17142
3.14814
3.10721
3.05505
3.00087
2.95472
2.92219
2.90094
2.88441
2.86905
2.85923
2.86633
2.90011
2.95962
3.03237
3.10089
3.15002
3.17055
3.16076
2.81956
2.78397
2.75838
2.75266
2.76938
2.80417
2.84786
2.88892
2.91685
2.92559
2.91534
2.89125
2.85969
2.8246
2.78648
2.74521
2.70503
2.67684
2.67359
2.69939
2.74483
2.79544
2.84284
2.88678
2.93001
2.97277
3.01181
3.04368
3.06788
3.0852
3.0934
3.08677
3.06106
3.01844
2.96777
2.91953
2.87919
2.84524
2.81505
2.79114
2.77996
2.78539
2.80537
2.83342
2.86152
2.88272
2.89337
2.89362
2.88638
2.87669
2.87167
2.87842
2.8994
2.93044
2.96354
2.99073
3.00696
3.01191
3.00975
3.00542
2.99988
2.9896
2.96969
2.93715
2.89332
2.8445
2.79838
2.76011
2.73289
2.71945
2.71921
2.72664
2.73417
2.73744
2.7398
2.75122
2.77902
2.81886
2.85773
2.88344
2.88992
2.87742
2.85071
2.81732
2.78563
2.76189
2.7482
2.74375
2.74759
2.7593
2.77678
2.79579
2.81231
2.8241
2.83076
2.83355
2.83526
2.83912
2.84789
2.86328
2.88532
2.91114
2.93416
2.94567
2.93837
2.90936
2.86085
2.8
2.7378
2.68639
2.65448
2.64447
2.65261
2.67075
2.68873
2.69886
2.69956
2.69495
2.6908
2.69078
2.69546
2.7042
2.71644
2.73144
2.74793
2.76415
2.77755
2.78485
2.78319
2.77231
2.75547
2.73811
2.72539
2.72114
2.72811
2.74644
2.7719
2.79734
2.81641
2.82602
2.82533
2.81435
2.79455
2.77134
2.75408
2.7505
2.76151
2.78196
2.80518
2.82682
2.84642
2.86595
2.88626
2.90475
2.91683
2.91959
2.91441
2.90567
2.89614
2.88319
2.85971
2.81895
2.76047
2.69426
2.63772
2.60294
2.58796
2.58293
2.5811
2.58254
2.59171
2.61276
2.64599
2.68674
2.7274
2.76174
2.78841
2.81056
2.83201
2.85426
2.8761
2.89357
2.90003
2.88936
2.86038
2.81996
2.78184
2.76182
2.76989
2.80365
2.85054
2.8968
2.93388
2.95843
2.9698
2.96774
2.95148
2.91908
2.86727
2.79533
2.71313
2.64506
2.61727
2.6361
2.68518
2.74148
2.7886
2.82027
2.83759
2.84433
2.84288
2.83305
2.81306
2.78177
2.74069
2.69414
2.64841
2.60973
2.58208
2.56638
2.56195
2.56921
2.59078
2.62909
2.68236
2.74383
2.80487
2.85838
2.90017
2.92847
2.94306
2.94552
2.94019
2.93331
2.92831
2.92121
2.90326
2.87008
2.82716
2.78585
2.75457
2.73495
2.72536
2.72465
2.72966
2.73127
2.71813
2.68584
2.64112
2.598
2.56923
2.55891
2.5629
2.57484
2.59112
2.61126
2.63499
2.6595
2.67919
2.68912
2.6904
2.69101
2.69753
2.70825
2.71765
2.72279
2.72326
2.71877
2.70936
2.6968
2.68484
2.6772
2.67587
2.68156
2.69504
2.71669
2.74439
2.77228
2.7932
2.80295
2.80246
2.7958
2.78716
2.78011
2.77821
2.78437
2.79941
2.82221
2.85063
2.88091
2.90659
2.91962
2.91282
2.88354
2.83722
2.78712
2.7475
2.7255
2.71949
2.72201
2.72316
2.71627
2.70141
2.68181
2.65946
2.63524
2.61238
2.59721
2.59514
2.60551
2.62144
2.63334
2.63097
2.60754
2.57152
2.55392
2.57936
2.63348
2.68862
2.73308
2.7665
2.78992
2.80363
2.80828
2.80648
2.80283
2.80133
2.80161
2.79906
2.78955
2.77471
2.763
2.76339
2.77722
2.79868
2.82193
2.84479
2.86697
2.88781
2.90607
2.92072
2.93179
2.94073
2.94911
2.95588
2.95607
2.94315
2.91292
2.86607
2.8082
2.74846
2.69759
2.66474
2.65409
2.66334
2.68565
2.71305
2.73905
2.76025
2.77619
2.78805
2.79746
2.80601
2.81518
2.82576
2.83753
2.84952
2.86075
2.87117
2.88252
2.89756
2.91804
2.94316
2.97016
2.99723
3.02552
3.05389
3.07162
3.06235
3.01541
2.93068
2.81785
2.69396
2.58
2.49716
2.46202
2.47912
2.53738
2.61629
2.69483
2.75738
2.79645
2.8126
2.81188
2.80209
2.78915
2.77475
2.75642
2.73099
2.69903
2.66676
2.64394
2.63948
2.6568
2.69184
2.73492
2.77463
2.80198
2.81373
2.81508
2.81948
2.8412
2.88268
2.93045
2.96594
2.97994
2.97663
2.96725
2.96191
2.96497
2.97439
2.98366
2.98499
2.97248
2.94434
2.9038
2.8583
2.81658
2.78562
2.77012
2.77389
2.79964
2.84649
2.908
2.97352
3.03254
3.07809
3.10601
3.11279
3.09537
3.05262
2.98623
2.90172
2.81019
2.72808
2.67221
2.65164
2.66317
2.6948
2.73295
2.76769
2.7941
2.81084
2.81831
2.81825
2.81354
2.80771
2.80335
2.80133
2.80182
2.80507
2.80878
2.80728
2.79551
2.77235
2.74063
2.70555
2.67154
2.63846
2.60134
2.55526
2.50312
2.46085
2.45245
2.49268
2.57307
2.6689
2.75622
2.82079
2.85847
2.87277
2.87269
2.86956
2.87169
2.87943
2.88636
2.88669
2.88182
2.87862
2.88155
2.88943
2.90065
2.91558
2.93295
2.95035
2.96928
2.99353
3.0214
3.04541
3.06195
3.07725
3.09927
3.12511
3.14167
3.13808
3.1141
3.07837
3.04049
3.00408
2.96678
2.92471
2.87643
2.82421
2.77384
2.73353
2.71058
2.70652
2.71579
2.72972
2.74144
2.74747
2.7472
2.74226
2.73598
2.73246
2.7351
2.74502
2.75991
2.77513
2.78765
2.79999
2.81886
2.84754
2.88011
2.90485
2.91192
2.89743
2.86348
2.8169
2.76775
2.72712
2.70194
2.69022
2.68375
2.67568
2.66382
2.64942
2.63666
2.63318
2.64741
2.68193
2.73022
2.78142
2.82717
2.86411
2.89238
2.9131
2.92651
2.9315
2.92632
2.90917
2.87838
2.83353
2.77825
2.72225
2.67893
2.65771
2.6581
2.67153
2.68761
2.6987
2.70207
2.70079
2.70088
2.70672
2.7204
2.74386
2.77723
2.81525
2.84751
2.86377
2.85994
2.84118
2.82077
2.81297
2.8223
2.84045
2.85505
2.85913
2.85294
2.84092
2.82829
2.82
2.81775
2.81368
2.79312
2.74955
2.69414
2.65002
2.63721
2.66045
2.70913
2.76627
2.81706
2.85287
2.87153
2.87549
2.86912
2.85702
2.84398
2.83435
2.82924
2.82515
2.81649
2.80012
2.77644
2.74631
2.70997
2.67237
2.64774
2.65065
2.6813
2.72728
2.77593
2.81935
2.85282
2.87359
2.88178
2.88122
2.87808
2.87714
2.87857
2.8788
2.87443
2.86563
2.85648
2.85231
2.8555
2.86269
2.86559
2.85537
2.82846
2.79057
2.75583
2.74006
2.75227
2.79212
2.85296
2.92342
2.98761
3.02929
3.039
3.0192
2.98389
2.95014
2.92469
2.8998
2.86418
2.81632
2.768
2.7348
2.72117
2.71744
2.71075
2.69483
2.67242
2.65367
2.65038
2.66778
2.70103
2.74041
2.77816
2.81078
2.83757
2.85856
2.87302
2.87916
2.87517
2.86112
2.84007
2.81785
2.80082
2.79342
2.79698
2.81088
2.83485
2.87008
2.91706
2.97045
3.01672
3.03996
3.03028
2.9867
2.91549
2.82792
2.73816
2.6605
2.60536
2.57624
2.57058
2.58364
2.61102
2.64793
2.68729
2.71999
2.73783
2.73849
2.73043
2.73125
2.7537
2.79284
2.83336
2.86357
2.8799
2.88492
2.88465
2.88559
2.89213
2.90532
2.9226
2.9382
2.94496
2.93752
2.9154
2.88526
2.86001
2.85215
2.8636
2.88283
2.89434
2.89067
2.87492
2.85407
2.8305
2.79958
2.75507
2.69856
2.64542
2.61797
2.62871
2.67213
2.73164
2.78973
2.83341
2.8554
2.85358
2.83111
2.79632
2.76034
2.73216
2.71569
2.71094
2.71544
2.72467
2.73407
2.74167
2.74766
2.75203
2.75385
2.75267
2.74931
2.74534
2.74222
2.74021
2.73804
2.73412
2.72834
2.72237
2.71812
2.71663
2.71814
2.72358
2.73505
2.75369
2.77659
2.79678
2.80711
2.80419
2.78946
2.76762
2.7448
2.72716
2.71996
2.72621
2.74495
2.7711
2.7983
2.82223
2.84104
2.85302
2.85408
2.83831
2.80292
2.75579
2.71761
2.70652
2.7189
2.73733
2.75115
2.76062
2.76822
2.77204
2.76673
2.74909
2.72235
2.69668
2.68553
2.69774
2.73038
2.77048
2.80493
2.82796
2.83914
2.83787
2.82231
2.79267
2.75339
2.71259
2.68088
2.66926
2.6839
2.72106
2.76897
2.81495
2.85102
2.87675
2.89899
2.92491
2.95304
2.97339
2.97784
2.96753
2.94932
2.92738
2.9018
2.87332
2.84498
2.82067
2.80389
2.79637
2.79542
2.79373
2.78538
2.77173
2.75855
2.74826
2.73788
2.72446
2.70885
2.69467
2.68562
2.68353
2.68738
2.69346
2.69766
2.69783
2.69475
2.69058
2.68706
2.6856
2.68772
2.69373
2.70214
2.71214
2.72554
2.74648
2.7802
2.83016
2.89237
2.95393
3.00038
3.02485
3.03086
3.02729
3.02041
3.00991
2.99207
2.96615
2.93687
2.90964
2.8844
2.85568
2.81903
2.77604
2.73371
2.69926
2.67574
2.66216
2.65771
2.66547
2.69017
2.73169
2.7827
2.8335
2.87752
2.91255
2.93924
2.95934
2.97459
2.98639
2.99544
3.00077
2.99893
2.98506
2.95577
2.91245
2.86171
2.81151
2.76681
2.73009
2.70414
2.69181
2.69327
2.70402
2.71602
2.72214
2.72096
2.71792
2.72103
2.73375
2.75227
2.76975
2.78137
2.78587
2.7842
2.77809
2.76998
2.76331
2.76162
2.76689
2.77841
2.79295
2.80653
2.81634
2.82047
2.81623
2.80341
2.79444
2.81066
2.85437
2.90419
2.94264
2.96655
2.97939
2.98429
2.98159
2.96961
2.94668
2.91261
2.86925
2.82036
2.77193
2.73136
2.705
2.69565
2.70278
2.72402
2.75596
2.79381
2.83118
2.86114
2.87911
2.88606
2.88806
2.89089
2.89454
2.89306
2.88083
2.85881
2.83385
2.81249
2.79711
2.78692
2.77929
2.77017
2.75611
2.73735
2.71867
2.70688
2.70736
2.72162
2.74687
2.77723
2.80607
2.82805
2.83963
2.83858
2.8239
2.79664
2.76118
2.72639
2.70317
2.69927
2.71601
2.74937
2.79251
2.83758
2.87729
2.90762
2.9307
