0 1 0 1 0
1 1.4176 0.00414276 1.41429 0.00406316
2 1.74017 0.0049754 1.73322 0.00537262
3 2.01306 0.00608473 2.00073 0.00670382
4 2.25291 0.00716891 2.23087 0.00829624
5 2.45927 0.00924498 2.43635 0.00880972
6 2.65872 0.00910668 2.6248 0.00890838
7 2.84429 0.00968369 2.80378 0.0102704
8 3.0134 0.00975003 2.98503 0.0116787
9 3.18138 0.0112773 3.15576 0.0124237
10 3.33281 0.0123509 3.30089 0.0132726
11 3.48832 0.0131131 3.44896 0.0135387
12 3.62251 0.0132214 3.58786 0.0140916
13 3.75343 0.0154549 3.72871 0.0135755
14 3.87593 0.0159222 3.86021 0.0138056
15 4.00295 0.0162268 3.98686 0.0146314
16 4.12485 0.0170436 4.11818 0.0150957
17 4.24363 0.0170332 4.24392 0.0162793
18 4.36128 0.0175605 4.37303 0.0164346
19 4.47343 0.0180449 4.48852 0.0170806
20 4.58471 0.0180857 4.59612 0.0167737
21 4.70179 0.018337 4.70928 0.017031
22 4.81036 0.0181086 4.81847 0.0176534
23 4.90824 0.0188047 4.93332 0.0178551
24 5.0062 0.0191512 5.03501 0.0180222
25 5.11402 0.0200474 5.13851 0.0192376
26 5.21254 0.0207622 5.23302 0.0203242
27 5.3034 0.0207745 5.32656 0.0203825
28 5.39211 0.0205713 5.41722 0.0210772
29 5.46972 0.0202168 5.5067 0.0211755
30 5.56523 0.0208505 5.61079 0.0231379
31 5.64765 0.0207043 5.69797 0.0234511
32 5.73372 0.0204149 5.77719 0.0242635
33 5.81305 0.0205408 5.85649 0.0240609
34 5.88857 0.021005 5.93018 0.0229039
35 5.97938 0.0227229 6.01605 0.0232884
36 6.05657 0.0232095 6.10382 0.0232809
37 6.13379 0.0230506 6.19319 0.0239159
38 6.22203 0.023561 6.2723 0.0240557
39 6.30111 0.0245164 6.35138 0.0249227
40 6.37586 0.0254697 6.43047 0.0254445
41 6.45243 0.0252933 6.50855 0.0255544
42 6.53835 0.0259638 6.58666 0.0267119
43 6.60992 0.0261177 6.66745 0.0271024
44 6.67915 0.0266034 6.7406 0.0279101
45 6.75079 0.0266173 6.80666 0.0278282
46 6.83159 0.0274576 6.87845 0.0279498
47 6.91478 0.0284605 6.9581 0.0282078
48 6.99363 0.0283114 7.02516 0.0280242
49 7.06088 0.0283151 7.10861 0.0275328
50 7.135 0.0294519 7.19101 0.0284457
51 7.20561 0.029456 7.25239 0.0284146
52 7.27765 0.0287609 7.31571 0.0273216
53 7.33959 0.0280009 7.38552 0.0278187
54 7.41382 0.0280966 7.45478 0.0282029
55 7.46654 0.0288665 7.51943 0.0284536
56 7.53303 0.0299281 7.59092 0.0287121
57 7.60974 0.0307328 7.6561 0.0291169
58 7.6657 0.0312283 7.71416 0.0294986
59 7.73208 0.0325694 7.78208 0.0293755
60 7.7947 0.0333523 7.84801 0.0304356
61 7.85892 0.0336531 7.9106 0.0294766
62 7.92457 0.0330178 7.96526 0.0291607
63 7.99641 0.034622 8.01907 0.0295212
64 8.06311 0.0351006 8.07784 0.0292833
65 8.12006 0.0353987 8.14253 0.0294869
66 8.18044 0.0363025 8.19772 0.029956
67 8.24279 0.0368469 8.27169 0.0301326
68 8.30279 0.0367341 8.32969 0.0317704
69 8.3647 0.0364946 8.39956 0.0311648
70 8.41979 0.0370074 8.45776 0.0320987
71 8.47601 0.0366765 8.51972 0.0322774
72 8.5416 0.0376298 8.57225 0.0334746
73 8.59864 0.0384463 8.62558 0.0329555
74 8.65963 0.0393449 8.68892 0.0333538
75 8.72101 0.0390902 8.74521 0.0338172
76 8.77672 0.0398868 8.8065 0.034283
77 8.83877 0.0403741 8.86169 0.0354443
78 8.89715 0.0408459 8.91905 0.0358173
79 8.95641 0.0417498 8.9831 0.0371548
80 9.01077 0.0421333 9.03356 0.0377981
81 9.06811 0.0420007 9.08852 0.0381492
82 9.12158 0.0417991 9.12996 0.0385114
83 9.17499 0.0424737 9.18318 0.0384931
84 9.24116 0.0430239 9.2397 0.0394283
85 9.28935 0.0426864 9.28865 0.0388999
86 9.35315 0.0415894 9.34415 0.0388685
87 9.41524 0.0417177 9.39502 0.0380679
88 9.47079 0.041283 9.46418 0.0383151
89 9.52233 0.0427012 9.51582 0.0383651
90 9.57702 0.0438846 9.57412 0.0384126
91 9.62847 0.0432993 9.6273 0.039487
92 9.6863 0.0446058 9.66979 0.0392259
93 9.74175 0.0448577 9.72585 0.0383527
94 9.79373 0.0448721 9.7813 0.0384947
95 9.85006 0.0462318 9.83203 0.039334
96 9.89907 0.0468758 9.8858 0.0389336
97 9.94861 0.0472202 9.93563 0.0394264
98 10.0004 0.0468505 9.98917 0.0389826
99 10.058 0.0466792 10.0427 0.0401769
