1000 -0.0237858 0 -7.79157e-05 0
2000 -0.0152685 0.00851732 0.000271877 0.000349793
3000 -0.00919093 0.00781784 -0.000421404 0.000722097
4000 -0.0128781 0.00664486 0.00123161 0.00173008
5000 -0.003351 0.0108285 0.000420278 0.00156657
6000 -0.00107795 0.00912898 0.000458266 0.00127967
7000 -0.00209498 0.00778214 -5.93809e-05 0.00119901
8000 -0.00552598 0.00756261 0.000759269 0.00132228
9000 -0.00633987 0.00671907 0.000496068 0.00119547
10000 -0.0053612 0.00608888 0.000948105 0.00116089
11000 -0.00437372 0.00559543 0.00129693 0.00110648
12000 -0.00118959 0.00601909 0.00117347 0.0010176
13000 0.00160417 0.00620167 0.00112833 0.000937139
14000 0.00273471 0.00585187 0.00117072 0.000868657
15000 0.00238575 0.00545896 0.00104149 0.000818935
16000 0.00217929 0.00511056 0.000520782 0.000926262
17000 0.00237998 0.00480473 0.000693169 0.000886985
18000 0.00082207 0.00479035 0.000795695 0.000842519
19000 0.000285988 0.00456282 0.000767647 0.000797437
20000 0.00054732 0.00433655 0.00084778 0.000760747
21000 0.000467169 0.00412566 0.00137498 0.0008953
22000 0.000832189 0.00395057 0.00151337 0.00086478
23000 0.000818056 0.00377492 0.00138373 0.000836433
24000 -0.000700707 0.00392035 0.00121872 0.000817647
25000 -0.00104464 0.00377597 0.00136246 0.000797323
26000 -0.00114846 0.00362932 0.00127539 0.000770977
27000 -0.00152255 0.00351229 0.00111802 0.000758378
28000 -0.00149423 0.00338465 0.000983801 0.000743015
29000 -0.00178579 0.00327884 0.00151334 0.000891299
30000 -0.00143693 0.00318681 0.0016257 0.000868376
31000 -0.00224063 0.00318536 0.00175369 0.000849593
32000 -0.00261484 0.00310683 0.00167656 0.000826224
33000 -0.00325304 0.0030781 0.00161651 0.000803044
34000 -0.00304109 0.00299371 0.00148437 0.000790193
35000 -0.00257594 0.0029439 0.00146783 0.000767463
36000 -0.00228079 0.00287614 0.00118547 0.000797499
37000 -0.00274686 0.00283588 0.00104708 0.000787894
38000 -0.00267671 0.00276114 0.00094966 0.000773043
39000 -0.00259574 0.00269063 0.00111475 0.000770847
40000 -0.00288246 0.00263813 0.00121468 0.000757945
41000 -0.00223981 0.00265202 0.001053 0.000756702
42000 -0.00190196 0.00261006 0.000925833 0.000749335
43000 -0.00218854 0.0025647 0.000690197 0.000768707
44000 -0.00241125 0.00251561 0.000775276 0.000755837
45000 -0.00247329 0.00245986 0.000784542 0.000738907
46000 -0.00251673 0.00240618 0.000725194 0.000725099
47000 -0.00274718 0.00236568 0.000703911 0.000709822
48000 -0.00272022 0.00231603 0.000643666 0.000697484
49000 -0.00243755 0.00228582 0.00069417 0.000684966
50000 -0.00260948 0.00224622 0.000772212 0.000675649
51000 -0.00235475 0.00221642 0.000756299 0.000662459
52000 -0.00227517 0.00217484 0.000746648 0.000649666
53000 -0.00225134 0.00213354 0.000616001 0.000650544
54000 -0.0020467 0.00210364 0.000579376 0.000639433
55000 -0.00246281 0.00210654 0.000550817 0.000628349
56000 -0.00242829 0.00206887 0.000575301 0.000617512
57000 -0.00273613 0.00205543 0.000576001 0.000606582
58000 -0.00246119 0.00203831 0.000377075 0.000628352
59000 -0.0024515 0.00200349 0.0003447 0.000618458
60000 -0.00231552 0.0019745 0.000408836 0.000611436
61000 -0.00257488 0.00195911 0.00043588 0.000601937
62000 -0.00228131 0.00194948 0.000399203 0.000593283
63000 -0.00227479 0.0019183 0.000481208 0.000589521
64000 -0.00239943 0.0018922 0.000573697 0.000587562
65000 -0.00249485 0.0018653 0.000542271 0.000579305
66000 -0.00260908 0.00184037 0.000606461 0.00057406
67000 -0.00286772 0.00183105 0.000636424 0.000566221
68000 -0.00290581 0.00180433 0.000529986 0.000567896
69000 -0.00258357 0.00180695 0.00053512 0.000559628
70000 -0.00263067 0.00178157 0.000471924 0.000555184
71000 -0.00272213 0.00175868 0.000558086 0.000554049
72000 -0.0026052 0.00173802 0.000497377 0.000549663
73000 -0.00279469 0.00172449 0.000397866 0.000551139
74000 -0.00257964 0.00171457 0.000361751 0.000544838
75000 -0.0024947 0.00169368 0.000369527 0.000537581
76000 -0.00202154 0.00173694 0.000323219 0.000532478
77000 -0.00212995 0.00171766 0.000252455 0.00053026
78000 -0.00174889 0.00173779 0.000223437 0.000524222
79000 -0.00163563 0.00171938 0.000270685 0.000519696
80000 -0.00169974 0.00169896 0.000239682 0.000514094
81000 -0.00188494 0.00168805 0.000329658 0.000515619
82000 -0.00175543 0.00167236 0.000256852 0.000514469
83000 -0.00165173 0.00165534 0.000192835 0.000512249
84000 -0.00191528 0.00165661 0.000111373 0.000512628
85000 -0.00213118 0.00165118 0.000229481 0.000520148
86000 -0.00200957 0.00163639 0.000193568 0.000515317
87000 -0.00179309 0.0016319 0.000157802 0.000510613
88000 -0.00152922 0.00163468 0.000208253 0.000507293
89000 -0.00154617 0.0016163 0.000233498 0.000502195
90000 -0.00165136 0.0016017 0.000241722 0.000496652
91000 -0.00196128 0.00161403 0.000236651 0.00049119
92000 -0.00214137 0.00160652 0.000179632 0.000489156
93000 -0.00216221 0.00158929 0.000101541 0.000490129
94000 -0.0023525 0.00158376 0.000175552 0.000490503
95000 -0.00223685 0.00157126 0.000154493 0.000485769
96000 -0.00223558 0.00155481 0.000198524 0.000482695
97000 -0.00246035 0.00155503 0.000174304 0.000478306
98000 -0.0024847 0.00153927 0.000166841 0.000473459
99000 -0.00257377 0.00152624 0.00019912 0.000469763
100000 -0.00270406 0.00151651 0.000166147 0.000466209
