0.494826   0.406198   -0.422364
0.142397   0.0594218   0.156691
-0.168074   0.370457   -0.131886
0.292681   -0.286388   -0.183646
-0.27502   -0.0868438   0.32374
0.346977   -0.161688   0.464927
-0.0519162   0.384089   -0.379793
-0.233116   -0.341531   0.166851
-0.0909804   0.0595617   0.224874
0.00870365   -0.190787   0.271011
0.0529175   -0.142521   0.368805
-0.196852   0.0140833   -0.144177
-0.401225   -0.349234   -0.496276
-0.276273   -0.325755   0.354425
0.254961   -0.134652   -0.12674
0.025124   -0.045879   0.418352
0.136711   0.235632   -0.151585
-0.0947659   -0.299856   -0.251312
0.405074   -0.181191   -0.197774
0.158318   -0.31447   -0.47343
-0.107706   -0.0951615   0.32808
-0.236131   -0.395225   0.342014
-0.255908   0.14852   -0.470283
0.0959895   -0.353701   0.0855299
-0.404635   0.0558116   0.354949
0.496124   0.339317   0.36137
-0.313977   -0.113721   -0.190234
-0.212021   0.0212507   -0.251426
0.0091534   0.104935   -0.117737
-0.124842   -0.478272   -0.450882
-0.136387   -0.370353   0.356977
-0.198712   -0.264251   -0.274521
-0.0949297   0.0237631   0.0499178
0.245214   -0.353139   -0.366555
-0.0118993   -0.169599   -0.0917452
0.415188   0.109766   -0.437528
-0.20347   -0.0354773   0.292785
-0.353492   0.419221   0.34454
0.496168   0.423745   0.354602
0.467199   -0.196449   0.137743
-0.399335   -0.360048   0.124084
0.116359   -0.144618   -0.227831
0.0842107   0.0752279   0.383378
0.311381   -0.245178   -0.097244
-0.203476   -0.0765714   0.402426
0.180409   -0.276382   -0.198594
0.39347   0.259913   0.47467
-0.307956   0.243927   0.289025
-0.208921   0.0747508   -0.369273
-0.222829   0.318292   -0.0191848
-0.299788   0.47436   -0.337039
0.34215   -0.125618   0.329933
-0.275891   -0.295676   0.00206165
-0.130969   -0.270428   0.122174
0.00608998   0.0481748   0.451812
0.174604   -0.455412   0.346571
0.132863   -0.261262   0.228494
-0.294201   0.00340202   -0.190116
0.348097   0.358108   0.494955
-0.210939   -0.149571   0.047486
0.294469   -0.277388   0.17096
-0.1924   -0.0659213   -0.113702
-0.49852   0.0831209   0.428027
-0.272168   -0.327961   0.103153
-0.135409   -0.221797   -0.0124463
0.0111224   -0.139608   -0.263571
0.00797837   0.209922   0.316398
0.327917   0.307096   0.0284604
-0.431577   0.387075   -0.14575
-0.113327   0.323793   -0.441108
-0.310209   0.0578853   -0.373571
0.262624   0.325827   0.496081
-0.41312   0.157941   -0.468613
0.101071   0.434325   0.328887
-0.27472   -0.254514   0.2188
0.421358   -0.13813   0.394379
-0.131188   -0.0454581   0.236149
0.136818   0.239533   0.251981
0.4176   0.126186   0.484023
-0.139023   0.274085   0.0599369
0.0528898   0.44381   -0.309429
-0.211095   0.345881   -0.421534
-0.0469473   0.0147412   0.340053
-0.16491   -0.307688   -0.488725
-0.100271   -0.43847   0.206747
0.239312   0.157589   -0.047234
-0.421221   0.49382   0.320097
-0.485086   0.0280519   -0.421568
0.0961433   -0.274181   0.150831
0.480348   0.385511   0.444248
-0.29594   -0.477817   -0.107173
0.0889914   0.22878   -0.403928
0.275951   0.187692   0.386946
0.294948   0.268613   0.423795
-0.26469   0.257763   -0.208912
0.187245   0.451407   -0.449457
0.127161   0.406092   -0.0757996
0.25293   0.022916   -0.333629
0.074394   0.180605   -0.142038
0.00785359   0.487396   -0.389262
0.126715   -0.0886697   0.284867
0.13869   0.130712   0.0763107
0.31033   0.126945   -0.29371
-0.0526758   -0.133259   0.204055
-0.0983618   -0.484621   -0.0499751
-0.290905   -0.411684   0.117553
-0.481918   0.0743351   -0.296907
0.093419   -0.158997   -0.378137
