0.49486   0.40616   -0.422407
0.142315   0.0594203   0.156656
-0.168073   0.370531   -0.131823
0.29266   -0.286348   -0.183719
-0.275094   -0.0868332   0.323734
0.346987   -0.161721   0.46493
-0.0518328   0.384069   -0.379793
-0.233118   -0.341586   0.166864
-0.0910379   0.0595866   0.224817
0.00874739   -0.190675   0.271021
0.0529345   -0.142575   0.36886
-0.196849   0.014053   -0.144142
-0.401219   -0.34924   -0.496278
-0.27626   -0.325749   0.354388
0.254982   -0.134617   -0.126784
0.0251249   -0.0459773   0.41834
0.136751   0.235621   -0.15163
-0.0947802   -0.299814   -0.251349
0.405098   -0.181216   -0.197717
0.15833   -0.314418   -0.473507
-0.107652   -0.0951507   0.328114
-0.23608   -0.395223   0.342063
-0.255843   0.148484   -0.470318
0.0958817   -0.353656   0.0855939
-0.404581   0.0559052   0.354968
0.496132   0.339286   0.361415
-0.313905   -0.113654   -0.190197
-0.212065   0.0212614   -0.251383
0.00908474   0.104999   -0.117737
-0.124863   -0.478274   -0.450934
-0.136367   -0.370302   0.356965
-0.19867   -0.26427   -0.274575
-0.0948784   0.0237133   0.0498962
0.245219   -0.353142   -0.366514
-0.0119528   -0.169678   -0.0917106
0.415091   0.10976   -0.437505
-0.203443   -0.0354944   0.292757
-0.353603   0.419152   0.344521
0.496197   0.42374   0.354611
0.467244   -0.196463   0.137747
-0.399347   -0.360055   0.124036
0.116358   -0.144624   -0.227883
0.0841238   0.0752761   0.383375
0.311386   -0.245132   -0.0972944
-0.203453   -0.076632   0.402439
0.180385   -0.27636   -0.198579
0.393469   0.259892   0.474649
-0.307925   0.243984   0.289108
-0.208935   0.0747616   -0.369247
-0.222841   0.318306   -0.0192298
-0.299853   0.474287   -0.337047
0.342068   -0.125634   0.329927
-0.275916   -0.295616   0.00209898
-0.130968   -0.270384   0.122092
0.00614191   0.0480829   0.451839
0.174532   -0.455402   0.346531
0.132898   -0.261279   0.228474
-0.294209   0.00342612   -0.19007
0.348089   0.358105   0.494997
-0.210898   -0.149579   0.0474836
0.294545   -0.277343   0.170907
-0.19246   -0.0658778   -0.113641
-0.498518   0.0831217   0.42808
-0.272175   -0.327998   0.103168
-0.135388   -0.221816   -0.0124054
0.011158   -0.139588   -0.263513
0.00799714   0.209875   0.316382
0.327827   0.307112   0.0284776
-0.431616   0.38703   -0.145761
-0.113371   0.323778   -0.44109
-0.310143   0.0578644   -0.373582
0.262603   0.325795   0.496108
-0.413111   0.157905   -0.468694
0.101057   0.434362   0.328864
-0.274719   -0.254432   0.218805
0.421412   -0.138077   0.394452
-0.131183   -0.0454892   0.236201
0.136849   0.239539   0.251952
0.417566   0.126245   0.483974
-0.13902   0.274132   0.0599757
0.0529284   0.443748   -0.30943
-0.211092   0.345832   -0.421515
-0.0469474   0.0147437   0.339992
-0.164919   -0.307651   -0.488742
-0.100256   -0.438486   0.206764
0.239282   0.157591   -0.0472518
-0.421259   0.493796   0.320164
-0.485113   0.0280664   -0.421513
0.0962174   -0.274196   0.150825
0.48029   0.385429   0.444145
-0.295913   -0.477809   -0.107142
0.089027   0.22877   -0.403949
0.275989   0.187717   0.386957
0.294862   0.268691   0.423842
-0.264729   0.257731   -0.208864
0.187191   0.451352   -0.449527
0.127176   0.406141   -0.0757791
0.252907   0.0229064   -0.333645
0.0744085   0.180646   -0.142038
0.00785956   0.487445   -0.389266
0.126779   -0.0886047   0.284872
0.138664   0.130714   0.0763293
0.310339   0.126879   -0.293721
-0.0526428   -0.133265   0.204038
-0.0983138   -0.484704   -0.0500363
-0.290895   -0.411679   0.117621
-0.481839   0.0742753   -0.296936
0.0934123   -0.159016   -0.378152
