         0.5   -0.973996 0.000477117    0.329241  0.00446128   0.0152399    0.028857     78.7643    0.478062
         0.6   -0.935129  0.00041717    0.423782  0.00277277    0.011756   0.0104658     44.3044    0.372269
         0.7    -0.89265 0.000320876    0.436162   0.0015754   0.0109304  0.00527145     25.1936    0.196931
         0.8   -0.848601 0.000270132    0.436933  0.00153722  0.00883798  0.00477678     15.2232    0.123842
         0.9   -0.804402 0.000224713    0.435591  0.00100561  0.00616138   0.0032158     10.2299   0.0485226
           1   -0.761486 0.000230829    0.419624 0.000816037  0.00500382  0.00181313     7.42344   0.0296291
         1.1   -0.720589 0.000183518    0.397201 0.000663223  0.00221304  0.00134436     5.59244   0.0197069
         1.2   -0.682351 0.000164028    0.371147 0.000556008  0.00290016  0.00128037      4.4177   0.0132234
         1.3   -0.646595 0.000156179    0.345151 0.000444408    0.001209  0.00120519     3.58815   0.0102804
         1.4   -0.613452 0.000158991    0.318834 0.000397695   0.0010111 0.000879724     2.98886   0.0105253
         1.5    -0.58291 0.000151044    0.293465 0.000316426  0.00076306 0.000777675     2.53881  0.00844842
         1.6   -0.554723 0.000140077    0.270382 0.000316018  0.00067286 0.000598458       2.185  0.00571535
         1.7   -0.528541 0.000138534     0.24923  0.00027187 -0.00033166 0.000506118     1.90508  0.00336279
         1.8   -0.504783  0.00012726    0.230262 0.000230676  -0.0005183 0.000664814     1.69135  0.00366786
         1.9   -0.482563  0.00012524    0.212791 0.000280047  -7.024e-05 0.000600604      1.5094  0.00362631
           2   -0.461997 0.000161984    0.196071 0.000261342 -0.00030162 0.000487547     1.35902   0.0025113
