         0.5    -0.97405 0.000315907     0.33012   0.0028879   0.0124559   0.0234244     78.9736    0.331228
         0.6   -0.935223  0.00033043    0.423295  0.00173183 -0.00381418   0.0112697     44.4024    0.253807
         0.7   -0.891818  0.00025154    0.435364  0.00195403   0.0090925  0.00506601     24.5718    0.135745
         0.8   -0.848799 0.000221297    0.439387  0.00141907 -0.00103404   0.0022732     15.3363   0.0787606
         0.9   -0.804521 0.000154183    0.435059 0.000777978 -0.00025012  0.00163454      10.283   0.0294001
           1   -0.761392 0.000191484    0.420026 0.000853752  0.00050112  0.00156569     7.41876   0.0286666
         1.1   -0.720715 0.000155402    0.397508 0.000686934    3.91e-05 0.000901647     5.59953   0.0182643
         1.2   -0.682149 0.000119964    0.370929  0.00032747  0.00038322  0.00118241     4.41407   0.0103661
         1.3   -0.646452 0.000136136    0.344754 0.000508271  0.00047278 0.000639384     3.58802   0.0098575
         1.4   -0.613354 0.000136886    0.318263 0.000468574 -0.00013088 0.000744509     2.98237  0.00495493
         1.5   -0.582962 0.000122556    0.293763 0.000305957   7.488e-05 0.000637452     2.53235  0.00576553
         1.6   -0.554692 0.000124496    0.270139 0.000315103 -0.00011012 0.000344173     2.17903  0.00466231
         1.7   -0.528567 0.000146154    0.249152 0.000312079  -0.0004595 0.000412745     1.90383  0.00265963
         1.8    -0.50471 0.000144211     0.22967 0.000223346  0.00071672 0.000355946     1.68941  0.00298498
         1.9   -0.482553 0.000146371    0.212247 0.000212942 -0.00074006 0.000384297     1.51186  0.00274207
           2    -0.46212 0.000121979    0.196503 0.000241196   0.0009258 0.000291683     1.36096  0.00207858
