         0.5     -1.0031 0.000409001    0.268669  0.00564009    0.882764   0.0104535     90.0838    0.277399
         0.6   -0.964625  0.00054268    0.487297  0.00272105     0.67645   0.0076476     56.7948    0.331019
         0.7   -0.912317 0.000533045    0.530973   0.0021252    0.440342  0.00642439     32.0204    0.274055
         0.8   -0.861228 0.000325684    0.497795  0.00172323    0.293932   0.0040409     18.5609    0.115286
         0.9   -0.813085 0.000202396    0.470334 0.000803764    0.202245  0.00252449     11.9503   0.0473397
           1   -0.767188  0.00026058    0.440355 0.000775467    0.147471  0.00209274     8.18227   0.0450998
         1.1   -0.724545 0.000173884    0.410556 0.000555177    0.110176  0.00122235     6.04667   0.0281563
         1.2   -0.685635 0.000195291    0.379195 0.000513782   0.0875987  0.00128966     4.66978   0.0139499
         1.3    -0.64908 0.000137707    0.349875 0.000516698   0.0723019 0.000793555     3.74996   0.0129024
         1.4   -0.615427 0.000152413    0.322961 0.000426826   0.0601736 0.000930797     3.08921  0.00929846
         1.5   -0.584229 0.000140407    0.296477 0.000332967    0.049651 0.000855659     2.59502  0.00779118
         1.6   -0.555866 0.000140879    0.272892 0.000334977   0.0441543  0.00068837     2.24523  0.00456063
         1.7   -0.529758 0.000131063    0.251204 0.000239259    0.037882 0.000721503     1.94353  0.00419965
         1.8   -0.505912 0.000122015    0.231504 0.000297636   0.0354715 0.000552604     1.72011  0.00330963
         1.9    -0.48359 0.000144396      0.2134 0.000275196   0.0300141 0.000549798     1.52878  0.00292494
           2   -0.462749 0.000143454    0.197602 0.000290031   0.0275894 0.000423338     1.37531   0.0033489
