         0.5    -1.00373 0.000318998    0.261605  0.00423896    0.894546  0.00526555     90.4603    0.229401
         0.6   -0.965059 0.000490703    0.486396  0.00241347    0.678458  0.00646029     57.1329    0.288316
         0.7   -0.912902 0.000387559    0.524424  0.00145931    0.445473  0.00422937     32.2701    0.156378
         0.8    -0.86113 0.000258385    0.498509  0.00145648    0.291314  0.00296008     18.5977   0.0911796
         0.9   -0.812724 0.000332429    0.471187  0.00103642    0.202785  0.00238084     11.9329   0.0612651
           1   -0.767144 0.000190118    0.440107 0.000988758    0.146665  0.00142386     8.19588   0.0272315
         1.1   -0.725016  0.00014993    0.410176 0.000527341    0.112095  0.00110276     6.06784   0.0205333
         1.2   -0.685641  0.00016072    0.378426  0.00066292   0.0874468 0.000998476     4.68243  0.00983476
         1.3   -0.648999 0.000162095    0.350464 0.000522917   0.0723804 0.000675601     3.75075  0.00780883
         1.4   -0.615312 0.000154895    0.321825  0.00040898   0.0598695 0.000646346     3.08517  0.00819628
         1.5   -0.584357 0.000114652    0.296059 0.000403802    0.050018 0.000520668     2.60521  0.00673875
         1.6   -0.556342 0.000144378    0.272975 0.000363174   0.0431226 0.000551304     2.23539  0.00373832
         1.7   -0.529667 0.000126508    0.251319 0.000268448   0.0385554 0.000488832     1.95205  0.00414219
         1.8   -0.505671 0.000149443    0.231246 0.000295341   0.0333726 0.000334063     1.71577  0.00292166
         1.9   -0.483419 0.000125486    0.213404 0.000230031   0.0296421 0.000436771     1.53122  0.00304181
           2   -0.462991 9.51019e-05     0.19725  0.00022458   0.0271829 0.000445884     1.37324  0.00216948